1.125
1.248
1.477
1.558
1.284
0.992
1.454
1.572
1.343
0.927
1.442
1.460
0.901
1.136
1.482
1.471
1.152
1.601
1.170
1.601
1.429
1.068
1.201
1.304
1.532
1.488
1.399
1.458
0.920
1.299
1.650
1.066
1.410
1.268
1.300
1.549
1.038
1.248
1.072
0.945
1.040
1.236
1.562
1.581
1.420
0.966
1.391
1.022
1.262
1.412
1.413
0.933
1.722
1.548
1.578
1.390
1.505
1.481
0.927
1.097
1.547
1.421
1.577
1.328
0.969
1.314
1.108
0.930
1.883
1.428
1.034
1.128
1.007
1.369
1.441
1.050
1.101
0.922
1.029
1.302
1.488
1.303
1.040
1.252
1.354
1.272
1.725
1.580
1.271
0.922
1.406
1.006
1.042
1.130
1.010
1.474
0.945
1.646
1.510
1.579
1.246
1.282
1.033
1.578
1.594
1.568
1.683
1.418
1.239
1.585
1.204
1.271
1.782
1.623
1.043
1.221
1.430
1.074
1.124
1.710
1.525
1.337
1.541
1.061
1.135
1.502
1.515
0.986
1.125
1.308
1.398
1.408
1.174
1.044
1.475
1.610
1.071
0.959
1.452
1.351
0.935
0.987
1.236
1.327
0.931
0.987
1.098
1.224
1.305
1.637
0.966
0.943
0.922
1.350
0.986
1.366
1.302
1.433
1.462
1.438
1.476
1.437
2.109
1.268
0.952
1.103
1.349
1.644
1.052
1.080
0.955
1.265
1.520
1.447
1.237
1.272
1.500
1.271
1.457
1.316
1.655
1.672
0.180
1.002
1.668
0.975
1.708
1.791
0.975
1.769
1.652
1.682
1.005
0.934
1.411
0.982
1.015
0.937
1.245
1.458
1.448
1.070
0.967
1.090
1.763
1.064
1.345
1.483
1.319
1.221
1.310
1.674
1.193
1.247
1.412
1.555
0.948
1.664
1.093
1.171
1.424
1.363
1.472
1.097
1.609
1.034
1.346
1.105
0.999
1.153
1.460
1.513
1.398
1.169
1.528
1.133
1.075
1.448
1.528
1.125
1.650
1.173
1.374
2.080
1.254
1.577
1.303
1.513
1.052
1.230
1.583
1.805
1.503
1.353
1.250
1.292
1.472
1.026
1.037
1.205
1.223
1.376
1.532
1.581
1.198
1.504
1.510
1.331
1.039
0.948
1.610
0.957
1.189
1.403
1.452
1.340
1.039
1.069
1.383
0.947
1.343
1.309
1.431
1.077
1.016
1.606
1.023
1.231
0.974
1.018
1.127
1.387
1.663
1.426
0.975
1.494
1.372
0.888
0.999
1.677
1.305
1.222
1.535
0.996
1.117
1.082
1.438
1.274
0.976
1.171
1.078
1.556
1.494
1.427
1.047
1.272
1.113
1.408
0.943
0.968
1.241
1.419
1.054
1.589
1.407
1.139
1.207
1.002
1.056
1.514
1.003
1.802
0.900
1.545
1.396
1.869
1.303
1.348
0.903
1.327
1.100
1.588
1.010
1.106
1.515
1.435
1.397
1.527
1.053
1.304
1.229
0.901
1.473
1.082
1.357
1.738
1.589
0.992
0.959
1.245
0.962
1.366
0.976
1.174
1.304
1.355
1.501
1.247
1.391
1.366
0.947
1.347
1.209
1.572
1.683
1.312
1.243
1.461
1.303
1.167
1.309
0.918
1.392
1.365
0.967
1.605
1.421
1.462
1.482
1.278
1.044
1.224
1.541
1.572
1.507
1.550
1.462
1.027
1.080
1.363
1.057
1.464
1.489
1.349
0.957
1.367
0.956
1.614
1.635
1.047
1.061
1.517
1.289
1.565
1.387
1.448
1.013
1.336
1.334
1.252
1.403
1.462
1.388
1.487
0.920
1.227
1.634
1.540
1.494
1.280
1.035
1.695
1.126
1.126
1.115
1.498
1.909
1.775
1.219
1.148
1.528
1.447
1.599
0.994
1.699
1.361
1.555
0.936
0.902
0.960
1.605
1.265
1.091
1.658
1.563
1.024
1.440
1.543
1.193
1.090
1.277
1.398
1.057
1.439
1.410
1.182
1.536
1.438
1.433
1.689
1.234
1.156
1.216
1.346
1.496
0.973
0.976
0.919
1.392
1.611
1.333
1.474
1.172
1.460
2.789
1.332
0.970
1.177
1.391
1.430
1.023
1.003
1.034
1.434
1.570
0.914
0.929
1.322
1.446
0.961
1.336
1.513
0.971
1.424
1.361
0.912
1.334
1.109
0.912
1.264
1.380
1.080
0.837
0.979
1.435
1.729
1.141
1.014
1.585
1.300
0.961
1.025
1.489
1.207
1.428
1.009
1.249
0.928
1.308
1.219
1.368
1.381
0.897
1.400
1.053
0.974
1.003
1.250
1.228
1.518
1.478
1.350
1.466
1.667
1.230
1.224
1.584
0.943
1.396
1.341
1.421
1.440
1.502
1.357
1.358
1.158
1.074
1.408
1.604
1.370
1.190
1.448
0.956
1.562
1.121
1.397
1.486
1.222
1.580
0.955
1.006
1.566
1.302
0.900
1.019
1.216
0.928
0.993
1.155
1.181
1.257
1.309
1.505
1.008
1.583
0.905
1.425
0.874
0.948
1.414
1.439
1.164
1.358
1.351
1.072
0.923
1.074
0.917
1.244
1.494
1.228
1.225
1.579
1.075
1.191
1.327
1.099
1.487
1.280
1.405
1.515
0.907
1.362
1.231
0.978
1.585
1.608
1.105
1.248
1.507
1.187
1.083
1.157
1.497
1.439
1.197
1.174
1.318
1.555
1.240
1.180
1.656
1.210
1.561
1.273
1.270
0.903
1.410
1.249
1.411
1.306
1.083
0.991
1.302
1.489
1.317
1.477
1.353
1.639
0.929
1.527
0.867
1.466
1.328
1.420
1.217
0.997
1.472
1.036
1.526
0.949
0.983
1.591
0.909
0.906
1.361
0.979
1.053
1.190
1.390
0.917
1.037
0.967
1.161
1.062
1.624
1.027
1.569
1.131
1.326
1.066
1.402
1.852
1.515
1.630
1.605
1.358
1.204
1.324
1.140
1.431
1.286
0.919
1.273
1.216
1.276
1.266
1.383
1.267
1.277
1.134
1.398
1.230
1.666
1.214
1.266
1.145
1.209
1.179
0.919
1.473
1.088
1.301
1.285
1.380
1.455
0.973
1.181
1.540
1.341
0.950
0.978
1.462
1.059
1.342
1.289
1.225
0.924
0.952
1.460
1.485
1.297
0.898
1.202
1.373
1.290
1.501
1.290
0.994
0.990
1.316
1.465
1.084
1.300
0.893
1.635
1.559
1.342
1.269
1.216
0.937
1.002
1.055
1.307
1.088
1.337
0.982
1.093
1.320
1.183
0.887
1.288
1.032
1.400
0.930
1.392
1.335
1.467
0.925
1.494
1.611
1.073
1.268
1.319
1.307
1.582
1.465
1.269
1.186
1.366
1.517
1.003
0.884
1.277
1.215
1.351
1.521
1.311
1.256
0.928
1.165
1.091
1.422
1.391
0.944
0.874
1.491
1.379
1.584
0.950
1.300
1.311
1.237
1.578
1.322
1.047
1.301
1.275
1.018
1.407
1.120
1.672
1.412
1.320
1.386
1.386
1.049
1.259
1.408
1.474
1.174
0.935
1.035
1.414
1.589
0.935
1.140
0.997
1.236
1.461
1.022
0.948
1.157
1.569
1.279
1.558
1.247
1.264
0.942
1.240
1.725
0.951
1.031
0.933
1.419
1.439
0.893
1.382
1.311
1.481
1.420
1.024
1.259
1.343
0.942
1.302
1.687
1.194
1.646
1.467
0.973
1.376
0.919
1.192
1.426
1.049
1.025
1.531
1.482
1.318
0.970
1.577
1.292
1.207
1.305
1.383
1.326
1.213
1.225
1.349
1.489
1.365
0.938
1.641
1.384
1.277
1.267
1.180
0.924
1.724
1.159
1.135
1.269
1.539
0.953
0.874
1.295
0.988
1.229
1.376
1.024
1.115
1.279
0.983
0.941
1.415
1.791
1.411
1.363
1.301
1.428
0.935
0.913
1.233
1.173
0.940
1.136
1.063
1.481
1.399
0.971
1.460
0.856
1.096
1.316
1.247
1.461
1.384
1.200
0.908
0.996
1.190
1.302
1.552
1.253
1.164
1.628
0.947
1.008
1.627
1.609
1.279
1.601
1.093
1.078
0.926
1.395
1.306
0.925
0.968
1.537
1.788
1.482
0.926
1.436
1.391
0.852
1.548
1.048
1.102
1.522
0.894
1.560
1.435
1.517
0.972
1.689
1.121
1.146
1.727
1.213
1.205
0.964
1.062
1.298
1.309
1.375
1.006
1.349
1.159
1.005
1.442
1.215
1.483
1.099
1.208
1.364
1.292
1.151
0.990
1.308
1.375
1.300
0.987
1.275
1.067
1.150
1.604
1.058
1.439
1.406
1.202
1.435
1.327
1.399
1.114
1.143
0.942
1.522
1.823
1.224
1.303
0.985
0.899
0.992
1.276
1.420
1.260
1.157
1.428
1.161
0.986
1.315
1.221
1.268
1.501
1.075
1.253
1.314
1.675
1.719
1.309
1.315
1.396
1.407
1.435
1.422
1.067
0.953
0.968
0.991
1.600
1.244
0.903
1.437
1.456
1.481
1.474
0.920
1.408
1.310
1.219
1.024
0.936
0.938
1.352
0.969
1.487
1.476
0.907
1.503
1.317
0.982
1.636
1.141
1.264
1.133
1.218
0.923
1.191
1.439
1.007
1.474
1.466
0.881
0.922
1.248
1.345
1.321
1.500
1.425
0.975
1.379
1.166
0.888
1.427
1.357
1.221
1.488
0.943
1.540
1.111
1.253
1.569
1.213
0.938
1.372
1.217
0.934
1.326
1.473
1.362
0.939
1.517
1.427
1.292
0.866
1.312
1.278
1.237
1.511
1.314
0.982
1.361
1.207
0.999
1.593
0.890
0.851
1.177
1.336
1.195
0.914
1.082
1.416
1.292
1.558
1.268
0.962
1.754
1.410
1.727
1.601
1.088
1.342
1.366
0.999
1.161
1.306
1.353
1.487
1.080
1.134
1.221
1.466
0.939
1.057
1.312
1.388
1.244
1.279
0.952
1.114
1.260
1.302
0.957
1.204
1.446
1.191
1.317
0.895
0.888
1.150
1.301
1.029
1.007
1.433
1.119
1.008
1.334
1.229
1.661
1.016
1.068
1.333
0.937
1.281
1.041
1.028
1.593
0.983
1.149
0.987
1.237
1.183
1.313
0.969
1.408
1.498
1.857
1.409
1.176
1.357
1.212
1.255
1.142
0.942
1.030
1.042
1.015
1.251
1.081
1.157
1.190
0.884
0.942
1.619
0.948
1.067
1.460
1.310
1.374
1.115
1.152
1.145
0.995
1.385
1.135
1.052
1.622
1.562
0.986
1.049
1.364
0.975
1.165
1.365
1.363
0.983
1.191
1.260
1.345
1.330
0.960
1.127
0.929
1.314
1.254
1.314
1.455
1.662
1.469
1.306
1.309
1.526
1.567
1.013
1.002
1.390
1.613
1.252
1.279
1.188
1.267
0.946
1.038
1.467
1.419
0.929
0.881
0.915
1.107
1.620
0.995
1.593
1.412
1.077
1.015
1.125
1.175
1.223
1.252
1.245
1.010
1.151
1.020
1.535
1.595
1.524
1.580
0.984
1.474
1.507
1.496
0.971
0.944
1.248
1.140
1.026
1.418
1.222
1.586
1.712
1.414
1.217
0.966
1.307
0.936
1.567
1.139
1.402
1.434
1.067
1.173
1.309
1.081
1.285
1.393
1.542
1.469
0.984
1.396
1.206
0.997
1.088
1.352
1.368
0.986
1.318
1.452
0.959
0.879
1.017
1.504
1.539
1.514
1.265
1.571
1.261
1.199
1.475
1.353
1.275
1.264
1.169
1.228
0.951
1.337
0.927
1.035
1.085
1.041
0.996
1.400
0.877
0.968
1.126
1.422
0.953
0.943
1.157
1.452
0.926
1.373
0.947
1.194
1.354
1.452
1.053
1.083
0.927
1.213
0.903
1.296
0.947
1.333
1.283
1.276
1.016
1.471
1.480
1.134
1.250
1.047
1.441
1.102
0.978
1.235
0.879
1.273
1.191
0.918
0.923
1.291
1.407
1.012
1.336
0.937
1.477
1.446
1.199
0.931
1.579
1.847
1.144
0.966
1.685
0.989
0.995
1.429
0.934
0.895
1.101
1.512
1.505
0.944
1.091
1.302
1.269
1.175
1.637
0.929
0.972
0.981
1.177
1.446
1.398
1.256
1.040
1.549
1.484
1.155
0.919
1.381
1.197
1.359
1.360
0.989
0.988
1.587
1.304
1.348
1.247
0.967
1.630
1.068
0.951
0.889
1.134
1.183
0.927
0.962
1.459
1.418
1.146
1.194
0.870
1.667
1.353
0.972
1.485
1.100
1.377
0.913
1.233
1.252
1.386
1.158
1.251
1.560
0.971
1.231
1.508
1.208
0.962
1.069
1.012
1.004
1.386
0.952
0.926
1.440
1.357
1.072
0.884
1.486
1.230
1.263
1.329
1.372
0.927
1.654
0.972
1.799
1.363
1.063
1.186
1.325
0.998
1.720
1.019
1.325
1.350
1.499
1.563
1.337
1.074
0.991
1.038
1.557
1.197
1.342
1.553
1.351
1.000
1.553
1.398
0.999
1.206
0.993
1.279
1.404
1.451
1.367
1.058
1.538
1.510
1.214
1.432
1.319
1.013
0.882
1.718
1.078
1.459
1.226
1.429
0.895
0.947
1.474
1.475
1.282
1.008
1.013
0.972
1.714
0.997
1.143
1.554
1.320
1.409
1.490
1.360
1.216
1.392
1.154
1.504
1.340
0.943
0.857
0.928
1.149
1.262
1.260
1.239
1.359
0.866
1.186
0.988
0.971
1.268
0.949
1.246
1.463
0.998
1.403
1.190
1.262
1.572
1.377
1.053
0.979
1.649
0.956
1.542
1.259
1.369
1.127
1.373
1.152
1.065
0.996
1.450
1.594
1.094
1.443
1.192
1.381
1.397
1.428
0.935
1.619
1.444
1.167
1.424
1.591
1.218
1.847
1.397
1.372
1.217
1.151
1.618
1.017
0.898
1.154
1.366
1.111
1.212
0.978
1.144
1.010
0.935
1.072
1.249
1.274
1.310
1.074
1.011
1.362
1.433
0.993
0.973
1.284
1.308
1.424
1.038
1.514
1.500
1.382
1.137
1.570
1.204
1.431
1.252
1.401
1.308
1.481
1.490
1.331
1.058
1.380
1.308
1.190
1.493
1.053
1.324
1.528
1.003
0.948
1.459
1.457
0.929
0.997
1.161
1.236
1.502
1.005
1.312
1.351
1.415
1.188
1.210
1.265
0.948
1.360
1.064
1.419
0.925
0.911
1.348
1.194
0.968
0.916
1.283
1.078
1.449
1.029
1.336
1.116
1.522
1.295
1.272
1.506
1.252
0.973
1.376
0.940
1.462
0.904
0.963
1.365
1.326
1.474
1.400
1.005
0.962
1.387
1.332
1.428
1.273
1.006
1.765
1.411
0.962
0.981
1.033
1.414
1.280
1.598
1.211
1.371
1.156
0.958
0.941
1.404
1.720
1.008
1.741
1.371
0.939
1.381
1.614
1.002
1.340
1.223
1.551
1.352
0.968
1.396
1.559
1.130
1.304
1.125
1.291
1.028
1.210
1.110
0.944
1.333
0.877
1.437
1.619
1.498
1.162
0.964
1.271
1.247
0.955
0.972
1.319
1.335
1.894
1.195
0.931
0.890
1.200
1.608
1.020
1.361
1.362
1.109
1.624
1.359
1.220
1.577
1.047
0.909
0.927
1.161
1.252
1.355
1.274
1.514
1.549
1.455
1.166
1.095
1.539
1.468
0.885
0.992
1.120
1.353
1.532
1.532
1.387
0.945
1.487
1.046
1.358
1.536
1.236
1.303
1.602
1.031
0.944
1.221
1.463
1.341
1.608
1.289
0.928
1.380
1.367
1.232
1.260
1.107
1.332
1.478
1.527
1.460
1.083
0.985
0.896
1.390
0.920
1.082
1.422
1.653
1.347
1.269
0.862
1.376
1.189
1.282
1.425
1.080
1.093
1.478
1.263
1.606
1.167
1.269
0.951
0.912
0.884
1.487
1.468
1.236
0.984
1.060
1.678
0.910
1.033
1.511
1.182
1.206
0.987
1.236
1.320
1.461
1.522
0.876
1.276
1.287
1.515
1.214
1.216
1.052
1.715
1.301
1.327
1.053
0.961
1.831
1.362
1.670
1.431
1.347
0.996
1.549
1.440
0.919
1.031
1.273
1.503
1.064
1.101
1.295
0.997
1.642
0.926
0.934
1.211
1.249
1.486
1.411
1.603
1.210
0.943
1.175
1.339
1.572
1.665
1.358
1.047
1.418
0.977
1.280
1.205
1.251
0.998
1.071
1.352
1.029
1.262
1.252
1.401
1.158
1.385
1.476
1.503
1.416
1.211
1.186
0.868
1.091
1.052
1.294
1.364
1.305
1.207
1.273
1.294
1.271
1.314
1.311
0.960
1.374
1.395
0.938
1.268
1.554
1.060
0.997
1.524
1.225
1.511
0.974
1.296
1.445
1.153
0.882
1.526
1.057
1.464
1.482
1.375
1.569
1.043
1.534
1.218
0.900
1.242
1.443
1.113
1.040
0.945
1.370
1.394
1.318
0.946
1.240
1.277
1.248
1.227
1.032
1.336
1.363
1.383
0.916
0.981
1.060
1.378
1.312
1.236
1.280
1.085
1.408
1.419
1.354
1.259
1.413
1.294
1.498
1.647
0.960
1.182
1.450
1.390
1.020
1.750
1.285
1.167
0.889
1.153
1.401
1.538
1.384
1.318
0.906
0.934
1.503
1.080
1.111
0.089
1.205
1.194
0.963
0.877
0.914
1.330
1.290
1.122
1.332
1.113
0.969
1.496
1.435
1.255
1.471
0.990
1.022
0.983
1.091
1.519
1.387
1.545
1.365
1.517
1.302
1.169
1.118
1.449
0.964
1.057
1.232
1.390
1.177
1.211
1.696
0.935
1.590
0.995
0.944
1.475
1.482
1.324
1.393
1.547
1.042
1.381
1.436
0.908
1.338
1.454
0.880
1.245
1.073
1.338
1.263
0.879
0.967
1.129
1.003
1.006
1.041
1.505
1.200
0.933
0.952
0.999
1.020
0.966
1.453
1.198
1.464
0.892
1.393
1.546
1.402
1.444
1.239
1.303
1.255
1.564
1.379
0.973
1.083
0.909
0.880
1.414
0.877
1.131
1.557
1.159
1.165
1.312
0.977
1.397
1.310
1.442
1.399
1.539
1.299
1.305
1.418
1.464
1.171
1.336
1.021
0.949
1.496
1.250
1.242
1.080
0.966
1.413
1.438
0.918
1.296
1.204
1.108
1.253
1.483
1.028
1.476
1.197
0.941
0.922
1.553
1.048
0.983
1.203
0.969
1.650
1.053
1.466
1.234
0.984
1.328
1.472
1.169
1.380
0.997
0.949
1.279
1.398
1.395
1.302
0.981
1.466
1.168
1.386
1.248
1.475
1.534
1.492
0.934
0.944
1.244
1.420
0.922
1.480
1.311
1.498
1.069
1.191
1.450
1.179
0.939
1.342
0.869
1.423
1.159
1.206
1.185
1.306
1.560
1.143
0.964
1.263
1.314
1.176
1.103
0.913
1.205
1.138
1.119
1.291
0.914
1.406
0.799
1.143
1.344
1.309
1.155
1.296
0.876
1.253
1.147
0.960
0.946
1.397
1.263
0.910
0.893
0.885
1.474
1.201
1.419
1.383
1.250
1.418
1.247
1.186
0.836
1.323
1.208
1.383
1.027
0.919
1.355
1.342
1.438
1.077
1.159
1.226
1.321
1.479
1.229
1.342
1.341
0.930
1.187
1.071
1.956
1.290
1.531
1.335
1.210
1.086
1.021
1.382
1.509
1.185
0.957
0.949
1.313
1.249
1.069
1.260
1.247
1.428
1.151
1.032
1.676
1.191
1.066
1.385
1.243
1.637
1.304
1.333
0.983
1.415
1.004
1.270
1.373
0.957
1.595
1.005
1.306
1.042
1.385
1.265
1.548
0.957
1.368
1.026
1.159
1.372
1.412
1.291
1.297
1.465
1.584
0.990
1.353
1.309
1.393
1.501
0.998
1.522
1.418
1.054
1.173
1.200
1.305
1.348
1.560
1.586
1.544
0.913
0.965
1.235
0.935
1.552
1.134
0.911
1.351
1.208
0.973
1.396
1.018
1.137
1.320
0.898
1.340
1.555
1.551
1.431
1.342
1.025
1.485
1.356
0.966
1.476
1.373
1.535
1.343
1.190
1.505
1.366
1.489
1.454
1.237
0.946
1.007
1.225
1.342
0.993
1.134
0.913
1.542
1.255
1.615
1.413
1.326
0.946
1.560
0.923
0.996
0.949
1.564
1.051
0.951
1.120
1.435
1.123
1.323
1.080
1.008
1.267
1.571
1.377
1.394
0.959
1.392
1.675
1.142
0.928
1.301
1.532
1.124
0.928
1.164
1.319
1.592
1.514
0.955
1.006
1.297
1.176
1.322
1.124
0.959
0.874
1.203
1.296
0.966
0.990
1.245
1.021
0.974
0.911
1.215
0.942
1.200
1.327
1.253
1.359
1.433
1.167
1.021
1.205
1.212
1.170
1.027
1.394
1.326
1.014
0.883
1.102
1.427
1.397
1.294
1.174
0.993
1.309
0.914
1.324
1.308
1.638
1.287
1.337
1.421
1.006
0.941
1.387
1.081
1.363
1.092
1.244
1.153
1.488
1.579
1.420
1.203
1.089
1.184
1.017
0.966
1.733
1.497
1.351
1.225
1.299
1.545
0.940
0.980
1.091
1.406
0.954
1.622
1.281
1.014
1.498
1.198
1.526
1.312
1.343
1.480
1.117
1.569
0.907
1.320
1.846
0.944
1.371
1.200
1.170
1.375
1.345
1.539
1.459
1.087
1.220
0.898
1.340
0.937
1.499
1.139
1.410
1.276
1.248
0.916
1.426
1.400
1.375
1.488
1.319
1.365
0.973
0.995
1.313
1.274
1.361
1.511
1.790
1.400
0.923
0.902
1.019
1.615
0.992
0.929
1.560
1.008
0.914
1.018
1.524
1.054
0.939
1.349
1.574
0.960
1.379
1.362
1.309
1.282
1.267
1.455
1.214
1.240
0.983
1.452
1.543
1.319
1.269
0.925
1.095
1.182
0.976
0.934
1.353
1.220
0.031
1.176
1.616
0.999
0.998
1.439
1.359
1.357
1.327
1.358
1.120
1.391
1.629
1.070
0.931
1.169
1.327
1.685
1.269
1.161
1.008
1.013
0.996
1.015
0.963
1.273
1.305
1.029
0.913
1.196
1.287
1.537
1.398
1.177
0.869
1.187
0.865
1.277
0.907
1.477
1.290
1.377
1.029
0.909
0.964
1.569
0.934
0.938
1.865
1.485
0.899
1.230
0.885
0.967
0.993
1.768
0.986
1.460
1.046
1.454
0.908
1.225
1.298
1.280
1.260
1.040
1.197
1.473
1.672
0.937
1.520
1.338
1.310
1.437
1.844
1.401
1.473
0.976
1.631
1.454
1.187
0.981
0.957
1.004
0.990
1.504
1.353
0.911
1.460
0.875
1.306
1.545
1.390
1.124
1.063
1.121
1.286
1.099
1.264
1.407
0.974
1.195
1.357
1.202
0.947
1.499
1.368
1.540
0.933
1.080
1.285
1.522
1.237
0.953
1.340
1.379
1.013
1.431
1.179
1.588
0.960
1.246
1.389
1.602
1.272
1.609
1.365
1.431
1.205
0.991
1.694
1.373
1.026
1.271
0.969
1.295
1.655
1.032
1.204
0.980
1.370
1.534
0.943
0.994
1.597
1.718
1.361
1.434
1.093
1.467
1.495
1.273
1.370
1.341
1.374
1.368
0.933
1.499
1.422
1.137
1.183
1.190
1.368
1.382
0.900
1.023
0.867
1.500
1.001
1.373
1.468
0.927
1.416
1.470
1.318
1.166
0.961
1.023
0.913
1.371
1.199
1.143
0.890
1.224
1.594
0.926
0.970
1.265
0.932
1.435
1.128
1.248
1.228
0.931
1.774
0.907
1.002
1.433
1.386
1.447
1.468
1.154
1.409
1.273
0.883
1.344
1.427
0.937
1.386
1.074
1.002
1.605
1.450
1.756
1.125
1.223
1.324
1.199
1.381
0.993
1.116
1.459
1.126
0.931
1.204
0.951
1.581
1.614
0.983
0.977
1.088
0.942
0.998
1.146
1.522
1.004
0.901
1.224
0.979
1.359
1.108
1.506
0.870
0.981
0.985
1.587
1.025
1.021
0.971
1.565
0.962
1.338
1.022
1.286
1.435
1.181
1.434
1.253
1.470
1.405
1.409
1.206
1.279
1.263
1.362
0.995
0.920
1.597
1.750
1.117
1.290
1.247
1.211
1.070
1.308
1.286
1.262
1.225
1.194
1.688
1.357
1.031
1.137
1.007
1.385
1.547
1.038
1.377
1.549
1.085
1.576
0.921
1.196
1.009
1.005
1.572
0.932
1.288
1.443
0.939
0.905
0.984
1.367
0.901
0.926
1.470
1.626
1.450
1.215
1.289
1.333
1.531
1.555
1.393
1.370
1.397
0.946
1.408
1.139
0.963
1.506
0.926
1.102
1.522
1.469
1.418
1.243
1.310
1.352
1.179
1.581
1.125
1.333
1.398
1.463
1.002
1.400
1.241
1.453
1.236
1.187
1.379
1.203
1.428
1.276
1.600
1.205
0.961
1.262
1.092
1.553
1.351
1.303
0.956
1.249
1.404
0.998
1.756
1.301
0.892
1.334
1.200
0.894
1.162
1.307
1.037
1.136
1.128
1.374
1.385
1.194
1.434
0.938
1.021
1.014
0.967
1.358
0.901
0.891
1.323
0.869
1.362
0.940
1.363
1.361
1.427
1.163
0.974
1.145
1.309
1.729
1.313
1.522
1.667
1.729
1.273
0.980
1.531
1.477
1.226
1.177
1.420
0.958
0.914
1.017
1.411
1.670
0.977
1.367
1.507
1.042
1.179
1.264
1.191
1.262
1.351
1.389
0.919
1.298
1.416
1.509
1.071
1.482
1.327
1.431
0.876
0.960
1.512
1.239
1.018
1.357
1.037
1.429
0.999
1.060
1.021
1.401
1.367
0.932
0.912
1.339
1.267
0.974
1.625
1.110
1.348
1.376
1.332
1.122
1.352
0.918
1.085
1.576
1.527
1.047
1.545
0.915
0.965
1.517
1.456
0.831
0.869
0.936
1.349
0.911
0.883
1.113
0.924
1.324
1.153
1.052
1.251
0.918
1.539
1.038
1.238
1.085
0.888
1.432
0.947
1.549
1.076
1.366
1.500
1.243
1.293
1.026
1.501
1.062
1.406
1.026
1.268
1.330
1.239
1.534
1.241
1.256
1.482
1.272
1.222
1.687
0.963
1.333
1.368
1.193
1.771
1.280
1.333
0.926
1.450
1.502
1.220
1.426
1.281
1.283
1.419
1.467
1.137
1.274
1.405
1.353
1.324
0.979
1.229
0.894
0.815
1.287
0.927
0.966
1.456
1.307
1.463
1.003
1.514
1.570
1.587
1.321
1.467
1.518
1.556
0.959
1.196
1.277
1.393
0.999
1.395
1.305
0.913
1.404
1.241
1.309
1.398
1.716
1.379
1.235
0.895
1.254
1.381
0.952
0.957
1.394
1.015
1.388
1.389
1.279
1.024
1.062
1.133
1.280
0.973
1.329
1.763
1.202
1.110
1.415
1.517
1.266
1.186
1.638
0.940
1.428
1.493
0.990
1.331
1.286
1.253
1.179
0.977
0.897
1.532
1.382
1.493
0.896
1.236
1.191
0.892
0.904
1.058
1.639
1.197
1.069
1.301
1.154
1.177
1.179
0.904
1.044
1.075
0.955
1.648
1.429
0.937
1.248
1.036
0.985
1.379
1.507
0.910
1.412
0.925
1.227
0.895
1.144
1.253
1.217
0.922
1.000
1.407
1.377
1.409
0.990
1.385
1.272
1.304
0.939
1.000
1.406
0.978
0.939
1.538
1.310
0.902
1.311
1.262
1.437
1.206
1.386
1.403
0.955
0.926
1.394
1.452
1.184
1.257
0.995
1.513
1.039
0.954
1.050
1.151
1.058
0.961
1.206
1.061
1.281
1.001
0.934
1.218
1.898
1.236
1.365
0.929
1.527
1.148
1.281
1.261
1.426
1.378
1.371
1.367
0.960
1.514
0.915
1.274
1.487
1.171
0.990
1.023
1.421
1.366
1.354
1.265
1.268
1.252
1.342
1.303
1.146
1.070
1.567
0.994
1.243
1.106
1.223
1.455
1.212
1.208
1.129
1.292
1.166
0.991
0.912
1.605
1.270
1.228
1.394
1.376
1.518
0.872
0.981
1.163
1.570
0.993
1.620
1.181
1.492
1.431
0.923
1.259
1.256
1.186
1.165
1.339
1.374
1.395
1.490
1.631
0.928
1.225
1.420
0.956
1.370
1.676
1.050
1.078
1.428
0.915
1.021
1.340
1.291
0.952
0.921
1.695
1.102
1.344
1.279
1.317
1.489
1.118
1.509
1.263
1.060
1.054
1.041
1.380
1.367
1.111
1.465
1.468
1.247
0.994
1.257
1.281
0.894
1.095
1.329
1.062
0.978
1.145
1.381
0.988
1.210
0.932
1.184
1.410
1.362
1.332
1.118
1.474
1.207
1.450
1.298
1.194
1.486
1.376
1.001
1.426
1.267
0.949
1.320
1.149
1.330
0.925
0.916
1.021
1.244
1.429
0.943
1.160
1.493
1.525
1.624
1.411
1.507
1.362
1.028
1.077
1.782
1.379
1.334
1.650
0.931
1.283
1.328
1.017
1.413
1.557
1.012
1.399
0.917
1.441
1.430
1.087
1.065
1.357
1.259
0.982
0.991
1.050
1.217
1.409
1.069
1.545
1.172
0.992
0.920
1.376
1.426
1.432
1.497
1.406
1.325
1.320
0.933
1.341
1.269
1.662
1.299
1.434
0.939
0.999
1.386
1.529
1.720
1.517
1.470
1.363
1.626
1.229
0.829
0.890
1.402
1.005
0.948
1.219
0.878
1.417
1.338
1.390
1.660
1.342
1.042
1.328
1.239
1.434
1.256
1.335
1.364
1.209
1.327
1.513
1.420
1.050
1.050
0.964
1.358
1.419
1.435
1.009
1.377
0.881
1.528
1.512
1.631
0.997
1.239
1.148
1.249
0.974
1.120
0.964
0.950
0.972
1.074
1.048
0.991
1.149
1.083
1.044
1.536
1.150
1.366
1.227
1.376
1.481
1.385
0.982
1.385
1.429
1.467
0.956
1.213
1.590
1.372
1.332
1.468
1.136
1.345
1.346
1.038
1.637
0.955
1.001
1.412
1.402
1.256
1.205
1.381
0.882
1.052
1.383
0.916
1.016
1.525
1.066
1.220
1.549
1.221
1.002
0.901
1.009
1.281
0.974
1.410
1.529
1.426
1.670
1.296
1.105
1.084
1.654
1.397
1.284
1.770
0.968
1.504
1.545
1.213
1.492
1.386
1.544
1.349
1.287
1.535
1.314
1.538
1.400
1.416
1.528
1.342
0.992
1.413
0.908
1.408
1.137
1.491
1.124
1.199
1.478
1.406
1.022
1.063
0.937
1.563
0.906
0.963
1.326
0.847
0.942
1.380
1.013
1.056
0.972
1.269
1.082
0.967
1.375
0.908
1.262
1.217
1.132
1.349
1.389
0.952
1.282
1.218
1.219
1.790
1.022
0.946
1.011
1.147
1.253
1.096
1.179
1.683
1.474
1.344
1.306
1.316
1.624
0.924
1.299
1.470
1.246
0.918
1.535
1.556
0.973
1.203
1.366
1.348
1.141
1.147
1.167
1.184
0.992
1.461
1.359
1.563
1.297
1.182
1.436
1.563
1.439
0.918
1.298
0.815
1.502
0.996
1.221
0.868
0.926
1.006
0.932
1.411
0.961
0.991
0.925
0.999
1.272
0.925
1.168
0.966
1.463
1.280
1.233
1.170
1.251
1.109
1.013
1.332
1.200
1.014
1.381
0.876
0.854
1.240
1.452
1.453
1.353
1.255
1.163
1.329
1.118
0.962
0.954
1.075
1.507
1.428
0.918
1.199
1.298
0.867
1.315
1.415
0.856
0.834
1.530
0.955
1.595
1.169
1.485
0.979
0.875
1.232
1.279
0.966
0.934
1.267
1.207
1.218
0.840
0.955
1.241
1.430
1.253
1.258
0.883
1.270
1.149
0.972
0.900
0.870
1.412
1.567
1.558
1.029
1.440
1.177
1.341
1.220
0.980
1.205
1.032
0.940
0.975
1.496
1.532
1.373
1.575
1.460
1.391
1.010
1.319
1.147
1.497
0.967
1.326
1.518
1.195
1.207
1.192
1.378
1.130
1.181
0.875
0.920
1.551
1.727
0.917
1.216
1.531
1.522
1.507
0.965
1.354
1.397
1.240
1.297
1.364
0.979
1.212
1.493
1.418
1.049
1.031
1.105
0.993
1.478
1.357
1.055
1.623
1.398
1.237
1.467
1.210
1.071
0.930
1.446
1.200
1.625
1.612
1.378
1.548
1.196
1.369
1.534
1.343
1.402
1.298
1.243
1.606
0.870
1.480
1.500
1.124
1.142
1.412
1.599
1.381
1.497
0.903
1.041
1.234
1.314
0.869
1.210
1.468
1.257
1.039
0.991
1.483
0.903
1.014
1.317
1.388
1.459
1.476
1.409
1.590
1.362
1.051
1.002
1.182
0.909
1.264
1.438
1.466
1.374
0.930
1.176
1.111
1.595
1.665
1.539
1.243
1.333
1.030
1.276
1.351
0.921
1.104
1.527
1.083
1.176
1.534
1.643
1.660
1.396
0.901
1.420
1.009
1.240
0.895
0.882
1.054
0.916
1.780
1.359
1.149
1.208
1.313
1.362
1.307
1.274
1.410
0.945
0.930
0.987
1.494
1.495
1.313
0.895
1.118
1.233
1.464
1.394
1.308
0.930
1.442
1.289
0.887
1.431
0.963
1.445
1.599
1.375
1.265
1.590
0.971
1.141
1.247
1.339
1.524
1.118
1.006
1.464
1.494
0.913
1.515
0.984
1.373
1.209
1.370
1.133
1.725
1.336
1.235
1.274
1.171
1.066
1.437
1.627
0.992
1.465
1.288
1.087
1.184
1.332
1.328
0.998
0.962
1.131
1.513
1.186
1.427
1.689
1.416
1.337
1.586
1.204
1.330
1.018
1.256
1.327
1.236
1.330
0.909
0.958
1.410
0.868
0.960
0.939
1.003
1.433
1.266
1.488
1.405
0.969
1.259
0.963
0.960
1.432
1.011
1.085
1.436
1.022
0.942
0.970
1.355
1.199
1.340
0.882
1.585
1.026
1.414
1.721
0.996
1.466
1.504
1.675
1.346
1.316
1.112
0.950
0.920
1.259
1.248
1.117
1.682
1.479
0.978
1.316
1.554
1.100
1.011
1.478
1.217
1.326
0.972
1.228
1.400
0.886
1.195
0.910
1.542
1.493
0.926
1.034
1.000
1.073
0.907
0.998
1.583
1.483
1.342
1.335
1.386
0.905
1.490
1.216
1.387
0.874
1.483
1.417
0.992
1.431
1.108
1.110
1.083
1.481
1.593
1.017
1.229
1.021
1.415
1.018
0.964
0.969
1.228
1.397
1.504
1.137
1.417
1.096
0.940
1.087
1.152
1.219
1.460
1.030
1.414
1.220
1.500
1.533
1.242
1.563
1.242
0.936
1.524
1.495
1.412
1.254
1.324
1.267
1.024
1.044
1.083
1.192
1.621
1.185
1.573
1.232
1.375
1.514
1.485
1.095
0.998
1.211
0.867
1.332
1.283
1.022
1.439
0.901
1.192
1.385
1.242
1.449
1.350
1.122
1.190
1.439
1.459
1.059
0.926
1.782
1.339
1.555
1.318
1.170
1.254
1.543
1.122
1.340
1.570
1.342
1.625
1.136
1.119
0.925
1.120
1.289
1.320
0.914
1.042
1.442
1.474
1.172
1.428
1.289
1.395
1.336
0.899
1.597
1.071
1.276
1.508
1.384
1.425
0.987
0.967
1.430
1.359
1.033
1.189
1.537
0.983
