0.980
0.979
1.104
1.163
1.168
1.218
1.262
1.251
1.305
1.367
1.393
1.399
1.404
1.428
1.477
1.616
0.977
1.128
0.949
1.119
1.044
0.981
0.941
0.974
1.238
1.089
1.062
1.482
1.337
1.560
1.563
0.945
0.828
1.206
1.677
0.994
1.230
1.263
1.300
1.465
1.215
1.243
1.374
1.047
0.997
1.475
1.204
1.585
1.207
1.165
1.316
1.600
1.200
1.015
1.091
0.918
1.094
1.348
1.412
0.911
1.408
1.593
1.509
1.178
1.073
1.010
1.023
1.375
1.331
1.349
1.156
0.975
0.978
1.500
1.295
1.126
1.369
1.011
1.322
0.941
1.677
1.076
1.250
1.306
0.975
0.954
1.146
1.609
1.163
0.925
0.955
0.936
1.436
1.309
1.373
1.074
1.223
1.656
1.661
1.377
1.054
1.172
1.385
0.996
1.108
1.751
1.359
1.561
1.495
1.518
1.531
0.896
1.154
1.004
1.471
0.893
1.435
1.378
1.299
1.190
1.420
1.531
1.614
1.370
1.253
0.894
0.991
1.663
1.669
1.637
1.279
0.919
1.040
1.195
1.371
0.939
1.325
1.287
1.397
1.385
1.359
1.249
0.991
1.230
1.408
0.907
1.291
1.262
1.390
0.986
1.211
1.599
1.354
0.931
0.975
1.498
1.242
0.918
1.047
1.515
1.004
1.700
1.495
1.459
1.595
1.714
1.493
1.524
0.937
1.492
1.451
1.195
1.199
1.257
1.024
1.221
1.254
1.381
1.334
0.963
0.905
1.406
1.419
1.404
1.536
0.938
1.074
1.460
1.425
1.257
1.384
0.987
1.601
0.948
1.282
1.369
1.460
0.954
1.052
1.472
1.346
0.892
1.460
1.161
1.158
1.675
0.970
0.944
0.901
0.887
1.377
1.302
0.980
1.405
1.160
1.413
1.271
1.469
0.915
1.393
0.945
1.386
1.395
0.957
1.074
1.247
1.534
1.446
1.183
1.570
1.174
1.086
0.991
1.012
0.962
0.981
1.339
0.940
1.021
0.875
1.129
1.634
1.612
0.914
1.433
1.094
0.960
1.234
1.505
1.144
1.265
1.507
1.392
1.095
1.293
1.439
1.247
1.049
1.398
1.909
1.135
1.584
1.287
1.403
0.970
1.463
1.595
1.382
1.240
0.947
1.051
1.320
1.211
1.212
0.906
1.351
1.418
0.883
1.033
1.487
1.047
0.972
1.263
1.061
0.975
1.188
1.306
1.922
0.937
1.092
0.930
0.897
1.443
1.029
1.641
1.345
1.046
1.536
0.865
1.150
1.034
1.010
1.029
1.551
1.071
1.448
1.127
1.118
0.890
0.982
1.359
1.689
1.048
1.151
1.292
1.408
1.252
1.144
1.272
1.034
1.536
1.205
1.416
1.459
1.352
0.863
1.440
1.029
1.023
1.088
1.484
0.984
0.963
0.902
1.292
1.273
1.382
0.944
0.897
0.950
1.319
1.042
0.886
1.449
1.599
0.945
1.290
0.891
1.355
1.508
1.516
1.675
1.518
1.545
1.562
1.273
1.244
1.272
1.157
1.282
1.206
1.436
1.203
1.035
1.119
1.753
0.942
1.085
0.974
1.606
1.332
1.237
1.016
0.952
0.883
1.659
1.417
0.945
1.406
1.473
0.979
1.584
0.885
1.058
1.460
1.491
1.491
1.304
1.447
1.480
1.334
0.937
1.059
1.467
1.486
0.987
1.660
0.974
1.476
1.489
1.762
1.356
1.320
1.497
1.451
1.166
1.235
1.043
1.347
1.274
1.473
1.125
1.110
1.609
0.959
1.100
1.259
1.004
1.542
1.159
0.989
1.294
1.363
1.187
1.226
1.293
0.893
1.793
1.039
1.087
1.530
1.325
0.984
1.366
1.232
1.394
0.970
1.537
1.248
1.234
1.481
0.976
1.424
1.671
1.073
1.237
1.004
1.145
1.707
1.280
1.170
0.998
1.324
1.324
1.250
1.426
1.384
0.855
1.241
1.190
1.556
0.935
1.442
1.015
1.069
1.551
0.911
0.934
0.918
1.297
1.063
1.559
1.772
1.067
1.282
1.502
1.224
1.035
0.908
1.294
1.094
1.183
1.241
1.144
0.967
0.931
1.483
1.311
0.946
1.055
1.232
1.411
1.118
1.302
1.561
0.949
1.597
1.206
1.502
1.238
1.355
1.289
1.371
1.348
1.515
1.718
1.788
1.459
1.508
1.352
1.097
1.349
1.450
1.407
1.271
1.711
1.313
1.453
1.217
1.423
1.539
1.162
1.357
1.073
1.468
1.275
1.481
1.536
1.467
1.373
1.030
1.018
1.337
1.300
1.079
1.066
1.011
1.037
1.163
1.625
0.931
1.313
0.988
0.970
1.363
1.449
1.350
1.529
1.287
1.492
1.269
1.237
1.089
1.548
1.311
1.267
1.287
1.156
1.436
1.523
1.327
1.016
1.507
0.937
1.063
1.359
1.544
1.058
0.925
0.966
1.347
1.166
1.182
1.054
0.940
1.036
1.027
1.299
1.419
1.531
1.260
1.559
1.453
0.955
1.475
0.949
0.970
1.509
1.494
0.957
1.503
0.941
1.621
1.023
1.204
0.947
1.001
0.973
0.956
1.282
1.325
1.340
1.479
1.424
0.982
0.919
1.250
1.708
1.572
1.616
1.634
1.135
1.377
0.987
1.286
1.225
1.076
0.900
1.104
1.693
1.481
0.984
1.339
1.117
1.430
1.012
0.899
1.481
1.557
1.436
1.322
1.340
1.198
0.923
1.531
1.401
1.033
1.296
0.969
1.375
1.187
1.412
0.965
1.455
1.187
1.404
1.321
1.327
1.020
1.417
1.204
1.276
1.152
1.377
1.409
1.552
1.237
1.018
1.535
0.945
1.301
1.253
1.575
1.455
1.375
1.018
1.448
1.021
1.539
1.656
1.300
1.447
1.336
1.431
1.074
1.464
1.212
0.940
1.540
1.365
1.405
1.392
1.196
0.943
1.029
0.994
1.526
1.500
1.642
0.994
1.057
1.268
0.947
1.004
1.679
1.255
1.495
1.035
0.964
1.458
1.617
1.438
0.869
1.246
1.264
0.991
1.275
1.110
1.084
1.419
1.395
1.366
1.369
1.506
1.503
1.390
1.057
1.312
1.441
0.971
1.266
1.253
1.156
1.459
1.471
0.958
1.633
1.416
1.573
0.179
1.343
1.569
1.629
1.392
1.295
1.245
0.984
1.439
1.164
1.503
1.038
1.447
1.193
1.519
1.243
1.705
1.469
1.589
1.259
1.520
1.330
0.949
1.763
1.229
1.390
1.112
0.976
1.348
0.881
1.318
1.704
1.417
1.552
1.174
1.042
1.667
1.586
1.594
1.686
1.657
0.985
1.215
0.993
1.756
0.937
1.176
1.310
1.187
1.090
1.111
1.381
0.964
0.908
1.805
1.208
1.247
1.579
0.962
1.346
1.095
0.889
1.470
0.993
1.318
1.600
1.335
1.428
0.945
1.233
1.094
1.415
1.075
1.277
1.476
1.370
0.921
1.428
0.976
1.387
1.807
1.261
0.943
1.182
1.591
1.535
0.897
1.126
1.065
1.467
0.906
0.941
1.068
1.484
0.884
1.499
1.175
1.520
1.349
1.327
1.026
0.994
1.219
1.388
1.341
0.989
1.100
0.932
0.978
1.597
1.047
1.466
1.322
1.621
1.689
1.051
1.294
1.124
1.224
1.363
1.072
0.906
1.264
1.358
1.026
1.319
1.031
0.990
1.509
1.240
1.832
1.651
1.390
1.742
1.043
1.130
1.235
1.194
1.488
1.267
1.217
1.292
1.474
1.181
1.227
1.010
1.069
1.270
1.454
1.339
0.947
1.535
1.261
0.966
1.507
1.257
1.201
1.209
0.994
1.551
1.467
1.207
0.931
0.933
0.953
1.446
1.246
1.082
1.254
1.579
1.116
1.093
0.965
0.992
1.012
1.295
1.009
0.941
1.121
0.958
1.181
1.511
1.765
1.102
0.933
1.411
1.480
1.552
1.628
1.023
1.450
1.465
1.000
1.314
1.283
1.448
1.437
1.064
1.327
1.459
2.806
1.636
1.132
1.065
1.528
1.211
1.420
1.154
1.305
1.184
1.571
1.008
1.562
1.300
1.064
1.505
1.316
1.304
1.416
1.160
1.122
1.413
1.055
0.980
0.935
1.013
0.980
1.597
0.983
1.420
1.378
1.321
1.379
1.591
1.177
0.999
1.745
1.051
1.082
0.990
1.158
1.863
1.631
1.638
1.313
1.324
0.885
1.407
1.488
1.520
1.223
1.327
1.424
1.338
0.905
1.535
0.990
1.336
0.957
1.529
1.237
1.561
1.014
1.283
0.888
1.091
1.502
1.197
1.193
0.970
1.280
0.893
1.238
2.099
1.608
1.035
1.076
1.021
1.312
1.549
1.321
1.421
1.464
0.983
1.572
1.590
1.457
0.889
1.474
1.319
0.892
1.486
1.248
1.670
1.169
1.025
1.474
1.131
1.760
1.278
1.566
1.236
1.464
1.224
0.992
1.619
1.268
1.089
1.160
0.974
1.291
1.517
1.223
1.310
1.240
1.526
0.891
1.428
0.881
1.346
1.359
1.448
1.202
1.366
1.482
0.922
1.481
1.017
1.263
1.433
1.488
1.537
1.086
1.313
1.454
0.918
1.044
1.291
1.206
1.507
0.926
1.082
1.478
1.441
1.396
1.341
1.588
0.914
1.028
1.013
1.582
1.403
1.405
0.994
1.387
1.147
1.058
1.366
1.441
1.523
1.224
1.678
1.364
1.579
0.986
1.289
1.245
1.016
1.087
1.519
1.186
1.244
0.984
1.014
1.550
1.368
1.495
1.381
1.198
1.068
1.230
1.005
1.312
1.484
0.906
1.352
1.489
1.642
1.026
1.428
1.449
1.500
1.074
1.411
0.918
1.287
1.493
1.397
1.030
1.286
1.470
1.454
1.593
1.104
1.248
1.240
1.514
1.403
1.377
1.213
0.974
1.176
1.502
1.287
0.928
1.622
1.340
1.058
1.214
1.671
1.415
1.592
1.352
1.453
1.377
1.169
1.713
1.480
1.577
1.479
1.494
0.991
1.389
1.304
1.362
0.947
1.293
1.464
1.382
1.428
1.663
1.220
1.212
1.062
1.288
1.497
0.873
1.367
1.071
1.193
1.507
1.598
1.468
1.307
1.412
1.299
1.642
1.556
1.523
1.048
0.927
1.666
1.881
1.181
1.574
1.413
1.520
1.122
1.059
1.136
1.014
1.429
1.363
1.197
1.322
1.131
1.335
1.223
1.599
1.383
1.634
1.655
1.429
1.488
1.532
1.402
1.467
1.429
1.294
1.468
1.367
1.246
1.620
1.614
1.162
1.759
0.938
1.410
1.571
1.545
1.186
1.496
1.675
1.141
1.041
1.228
0.981
1.246
1.302
1.152
1.402
1.034
1.359
1.233
1.266
1.593
0.983
0.935
1.218
1.079
1.433
1.329
1.489
1.127
0.940
1.359
1.207
1.465
0.951
1.527
1.598
1.010
0.974
1.263
1.101
0.956
1.079
1.027
0.926
1.005
1.392
1.483
1.547
1.284
1.330
1.585
1.583
1.597
0.995
1.065
1.330
1.710
1.497
1.299
1.372
1.180
0.946
0.937
1.531
0.987
1.054
1.564
0.914
1.328
1.341
1.027
1.305
1.450
1.365
0.934
1.410
0.988
1.269
0.989
1.314
0.956
1.110
1.282
1.335
1.499
0.897
1.076
1.159
1.418
1.311
0.881
0.942
1.400
1.420
1.232
1.421
1.514
1.223
0.955
1.124
1.864
1.057
1.439
1.658
1.320
1.449
1.246
1.218
1.450
1.208
1.121
1.433
0.884
1.197
1.473
1.213
1.098
1.257
1.318
1.316
1.604
1.609
1.502
1.337
1.285
1.666
1.088
1.190
1.090
0.937
1.026
1.812
1.299
0.992
1.209
1.287
0.879
1.030
1.498
1.202
1.431
1.406
1.386
1.384
1.297
1.369
1.456
1.320
1.404
1.083
1.353
1.483
1.344
1.209
1.299
0.986
1.359
1.336
1.722
1.234
0.906
1.469
1.441
1.049
1.297
1.328
0.909
1.507
1.009
1.437
1.469
0.975
1.211
1.516
1.196
1.475
0.998
1.213
1.400
1.242
1.580
1.043
1.738
0.926
1.387
1.636
1.319
1.001
1.615
1.895
1.561
1.066
0.944
1.540
1.177
1.384
1.538
1.356
1.592
1.566
1.205
0.962
1.304
1.274
1.333
1.349
1.257
1.124
1.458
1.192
1.227
1.240
1.033
0.985
1.443
1.342
1.184
1.315
0.904
1.456
1.224
1.109
1.526
1.526
1.223
1.082
1.493
1.100
1.333
0.883
1.022
1.335
1.357
0.953
1.661
1.204
0.983
1.445
1.175
1.574
0.962
1.193
1.338
1.400
1.026
1.328
1.214
1.249
1.272
1.011
0.969
0.965
1.722
1.709
1.219
1.182
1.349
1.199
0.966
1.374
1.337
1.292
1.681
0.907
1.323
1.324
1.707
1.232
0.894
1.190
1.563
1.268
0.934
1.134
1.246
0.953
1.059
1.008
1.288
1.022
1.170
0.973
0.864
1.425
0.931
1.306
1.308
0.935
1.375
1.034
1.570
1.588
1.376
1.773
1.374
1.289
1.086
1.378
1.126
0.974
1.381
1.342
1.510
1.528
1.394
1.586
1.281
1.402
1.267
1.618
0.997
1.629
1.377
0.998
1.544
1.306
0.974
0.985
1.203
1.683
0.992
1.353
1.063
1.810
1.479
0.954
1.616
1.235
1.267
1.672
1.388
0.919
1.362
1.541
0.839
1.288
1.297
1.533
1.851
1.470
1.347
1.437
1.398
1.283
0.937
1.157
1.177
0.873
1.074
1.149
1.190
1.384
0.935
1.243
1.616
1.347
1.172
1.479
1.489
0.970
1.332
1.049
1.386
1.191
1.187
1.477
1.033
1.228
1.497
0.995
1.304
1.367
0.917
1.113
1.333
1.016
1.224
1.487
1.602
1.046
0.892
1.157
1.442
1.118
0.924
1.002
0.946
0.932
1.515
1.323
1.586
1.446
1.055
1.576
1.535
0.959
0.930
1.240
1.013
1.141
1.373
1.403
1.401
1.374
0.917
0.934
1.027
1.657
1.208
1.023
0.934
1.279
1.431
0.969
1.448
1.266
0.949
0.913
1.256
0.975
1.392
1.159
0.929
0.995
1.365
1.037
0.849
1.036
1.511
1.138
0.899
1.308
1.602
1.260
1.130
0.998
1.064
1.372
1.218
1.263
1.396
1.252
1.804
1.384
1.612
1.228
1.037
1.060
1.598
1.383
1.599
1.022
0.970
1.006
0.907
1.642
1.381
0.959
1.827
0.916
1.060
1.017
0.895
0.898
0.907
0.959
1.029
1.747
1.285
1.081
1.651
1.319
1.571
1.377
0.931
1.344
1.272
1.304
1.413
1.447
1.466
1.394
1.361
1.075
0.942
1.259
0.889
1.149
1.633
1.332
1.122
1.017
0.925
1.625
1.094
1.408
1.332
1.362
1.619
1.144
1.294
1.281
0.897
1.229
1.285
1.625
2.059
1.144
1.470
1.114
1.495
1.412
1.347
0.920
1.725
1.244
1.373
1.464
1.652
1.454
1.395
1.100
1.690
0.869
1.609
0.942
1.654
1.652
1.375
1.380
1.137
1.286
1.572
1.076
1.321
1.829
1.814
1.349
1.448
1.593
1.415
0.913
1.732
0.972
1.296
1.186
1.274
1.271
1.065
0.905
1.020
1.724
1.367
1.546
1.420
1.268
1.240
1.139
1.180
1.376
0.897
1.446
1.327
1.580
1.339
1.416
1.754
1.133
1.530
1.547
1.283
1.912
1.311
1.108
1.910
1.181
0.089
1.311
0.987
1.357
1.352
1.244
0.970
1.474
1.544
1.489
1.289
1.717
1.144
0.869
1.063
0.940
1.034
0.944
1.411
1.617
1.358
1.552
1.163
1.357
1.151
0.945
1.578
1.120
1.273
1.366
0.955
1.724
0.977
1.439
1.036
1.203
1.571
0.972
1.000
1.609
0.951
1.243
1.279
1.573
1.632
1.158
0.974
0.915
1.197
1.203
1.303
1.065
1.092
1.001
1.259
1.040
1.277
0.992
1.286
1.411
1.393
1.490
1.305
1.602
0.947
0.914
0.905
1.202
1.028
1.461
1.458
1.379
1.373
1.415
0.969
1.412
1.479
0.889
1.375
1.309
1.036
1.548
1.140
1.172
0.972
0.873
1.505
1.350
1.408
0.912
1.216
1.310
1.552
1.514
1.545
1.284
0.977
0.989
0.963
1.444
1.418
1.008
1.515
1.318
1.361
1.547
1.278
1.532
1.307
1.106
1.319
1.322
1.011
1.268
0.970
1.646
1.475
1.165
1.111
1.639
1.593
1.503
1.464
1.439
1.074
1.384
1.254
1.471
1.210
1.313
1.639
1.225
0.884
1.306
1.489
1.240
1.378
1.502
1.513
1.315
1.012
1.150
1.469
0.940
0.966
1.212
1.469
0.938
1.208
1.034
1.017
1.214
1.370
1.395
0.968
1.387
1.046
1.410
1.352
1.524
1.585
1.121
0.986
1.011
1.345
1.230
1.013
1.723
1.056
1.394
0.942
1.070
0.981
1.416
1.442
1.409
1.206
0.936
1.508
1.322
1.202
1.444
0.930
0.904
1.187
1.418
1.354
0.966
1.464
1.434
1.019
1.702
1.033
1.111
1.589
1.151
1.200
1.707
1.455
1.316
1.293
1.224
1.492
0.928
1.164
1.330
0.951
1.070
1.487
0.910
1.538
1.321
0.940
0.978
1.605
1.361
0.970
1.338
1.141
1.344
1.223
0.990
1.258
1.308
1.008
1.389
1.164
1.017
1.336
1.050
1.107
1.323
0.924
0.974
1.134
1.248
0.997
0.926
0.974
1.524
1.262
1.460
1.056
1.416
0.908
1.375
1.442
1.094
1.360
1.343
1.434
1.301
0.910
1.326
1.317
1.382
1.576
0.926
1.710
1.320
1.389
1.551
0.883
1.525
1.225
0.958
1.549
0.930
1.482
1.301
1.357
1.413
1.273
1.230
1.273
0.943
1.368
1.279
0.968
0.894
1.443
1.366
0.931
1.368
0.983
1.745
0.968
1.106
1.163
1.244
0.910
0.993
0.985
0.915
1.765
1.386
0.872
0.959
1.121
0.908
1.260
1.295
1.444
1.464
1.510
1.493
1.213
1.282
1.377
1.022
1.275
1.130
1.543
1.081
1.224
1.237
1.220
1.504
1.060
1.384
1.277
0.983
0.964
1.344
1.249
0.952
1.347
1.566
1.392
1.411
1.553
1.560
1.196
1.411
1.385
1.560
1.481
1.580
1.410
1.290
1.226
1.151
1.453
1.416
1.652
1.290
0.936
1.020
1.389
1.253
1.267
1.457
1.007
1.334
1.127
0.922
1.474
1.091
1.517
1.109
1.648
1.306
1.431
1.334
1.114
1.344
1.529
1.402
1.371
1.063
1.406
0.980
1.433
1.372
1.540
1.426
1.407
1.370
1.649
1.326
1.078
1.401
0.900
1.395
1.294
1.465
1.178
1.174
1.366
0.916
1.459
1.384
0.985
1.416
1.299
0.886
1.075
1.343
0.940
1.773
1.237
1.350
1.418
1.122
0.900
1.498
1.406
0.982
1.244
1.508
1.060
0.959
1.008
1.231
1.546
1.071
0.824
1.120
1.080
1.054
1.296
1.076
1.530
1.071
1.249
0.992
0.904
1.544
1.293
1.227
0.985
1.494
1.240
1.319
1.306
1.311
1.417
1.191
1.336
1.944
1.099
1.490
0.905
1.371
1.096
1.041
1.380
1.256
0.992
1.566
1.323
1.289
1.618
1.235
1.502
1.210
1.325
1.784
1.187
1.392
1.431
0.915
1.337
1.277
1.118
0.959
0.970
1.264
1.560
0.886
1.457
1.368
1.707
1.050
0.908
1.581
1.489
1.603
0.974
1.291
1.503
1.561
1.258
1.310
1.018
1.421
1.663
1.359
1.004
1.574
1.517
1.364
1.440
1.652
1.013
1.568
0.941
1.346
1.309
1.501
1.027
1.353
1.056
0.943
1.165
1.196
1.804
1.347
0.975
1.355
1.416
1.283
1.293
0.934
1.589
0.938
1.485
1.649
0.888
0.867
1.238
1.241
1.535
1.342
1.246
0.949
1.368
0.901
0.939
0.914
1.384
0.867
1.607
1.737
1.727
0.912
1.195
0.963
1.182
0.986
1.005
0.970
1.788
1.473
0.896
1.333
1.412
1.300
1.371
0.943
1.464
0.946
1.029
1.368
0.987
1.310
0.993
1.660
1.282
1.494
1.005
1.412
0.827
1.309
0.929
1.295
0.982
1.004
1.514
1.607
1.552
1.034
1.522
1.599
1.384
1.547
1.530
1.289
1.216
0.902
1.298
1.283
0.965
1.536
0.983
1.218
1.283
1.401
1.294
1.378
1.684
1.287
1.408
0.895
1.296
1.094
1.336
1.406
1.321
1.034
1.300
1.332
1.731
1.239
0.944
1.413
1.517
0.915
1.257
1.206
1.217
0.937
1.326
1.363
1.238
1.646
0.883
1.257
1.401
1.351
1.225
1.045
0.883
1.217
0.950
1.477
1.240
1.270
1.399
1.753
1.257
1.363
1.407
0.957
1.351
1.485
1.032
1.318
1.516
1.173
1.192
1.359
1.255
1.393
0.888
1.516
1.161
1.510
1.004
1.734
1.144
1.590
1.296
1.252
1.226
1.043
1.128
1.431
1.468
1.106
1.258
1.483
1.360
1.624
1.192
1.356
1.030
1.478
0.949
1.457
0.911
1.417
0.936
1.411
1.327
1.006
1.673
1.006
0.995
1.000
1.389
0.952
0.997
1.308
0.892
1.190
1.497
1.327
0.913
1.099
1.450
1.264
1.137
1.395
1.199
1.340
0.878
1.516
1.238
0.921
1.039
1.683
1.013
1.526
0.928
1.204
1.417
1.443
1.150
0.924
1.064
0.977
1.148
1.146
1.613
1.314
1.126
0.975
0.826
1.514
1.258
1.177
1.443
1.382
1.002
1.323
0.963
1.307
1.618
0.985
1.383
0.887
1.185
1.169
1.569
0.989
1.377
1.380
1.398
0.909
1.050
1.351
1.470
1.397
0.948
1.192
0.898
0.995
0.909
1.417
0.913
1.195
1.252
1.020
1.421
1.323
0.907
0.913
0.982
1.546
1.658
1.400
1.414
1.334
1.194
1.234
1.278
0.983
1.537
1.488
1.344
0.933
0.871
1.375
0.949
1.159
1.044
1.523
1.218
0.896
0.871
0.872
1.202
1.104
0.922
1.577
0.898
1.348
1.836
1.236
1.388
1.274
0.895
1.416
1.379
1.391
1.012
1.081
1.349
1.453
1.163
0.864
1.550
1.338
1.457
1.238
1.579
1.459
0.991
1.258
1.647
1.018
0.983
1.595
1.740
1.018
1.446
1.062
1.015
1.443
1.523
1.365
1.359
1.559
1.428
1.385
1.126
1.065
1.375
1.097
0.882
1.630
1.221
1.445
0.888
1.534
1.332
0.987
1.219
1.252
1.420
1.021
1.392
0.931
1.022
1.208
1.008
1.406
1.392
1.453
0.935
1.497
1.395
0.994
0.957
0.905
0.983
1.345
1.227
1.253
1.130
1.346
0.974
1.297
1.381
1.608
1.386
1.196
1.454
1.451
1.485
1.385
1.348
1.252
1.484
1.035
1.372
1.308
1.426
1.220
1.351
1.144
1.299
0.974
1.100
1.624
1.387
1.334
1.032
1.385
1.212
1.522
1.637
0.975
1.382
1.000
1.257
1.516
1.081
1.324
1.063
0.958
0.908
1.541
1.525
1.624
1.408
0.988
1.249
1.526
1.062
0.835
1.038
1.116
1.184
1.463
1.382
1.346
1.430
1.095
0.948
1.278
1.209
0.911
0.951
1.431
1.737
0.992
1.494
1.474
1.191
1.151
1.203
1.227
1.550
1.693
0.922
1.225
1.199
1.600
1.097
0.959
1.179
1.463
1.074
1.231
0.907
0.911
1.153
1.048
1.349
1.226
1.335
1.470
1.209
1.559
1.505
1.387
1.083
1.393
1.232
1.482
1.228
1.376
1.495
1.243
1.483
1.221
0.922
1.218
1.440
0.917
1.342
1.177
1.507
1.045
0.940
1.284
0.973
0.908
1.764
0.978
1.939
0.993
1.226
0.944
1.549
1.366
1.227
0.948
1.084
1.604
0.966
1.371
1.262
1.330
1.209
1.202
1.204
1.076
1.154
1.412
1.240
1.432
0.864
1.034
0.907
1.118
1.400
1.040
1.035
1.288
1.276
1.420
1.340
1.336
1.056
1.220
1.460
0.983
0.905
1.438
1.187
1.471
0.912
1.383
1.467
1.389
1.582
1.517
1.332
1.236
1.263
1.530
0.915
1.635
1.347
1.042
1.599
1.272
1.323
1.026
0.969
1.108
1.516
1.392
1.238
0.926
1.533
1.381
0.904
1.334
1.402
1.217
0.905
1.114
1.057
1.384
1.212
1.357
1.357
1.043
1.574
1.190
0.878
1.597
0.949
1.032
1.405
1.692
1.489
1.045
1.010
1.056
1.233
1.263
0.909
1.456
1.624
1.259
1.457
1.110
1.199
1.346
1.382
0.934
1.390
0.969
1.453
1.273
1.775
0.948
1.302
1.548
1.017
1.486
1.528
1.427
1.099
0.978
1.133
1.606
1.612
0.995
1.337
1.589
1.636
1.307
1.450
0.949
0.881
1.261
1.323
0.928
1.237
1.275
1.462
1.021
1.160
1.183
1.219
1.070
1.337
0.970
1.502
1.280
0.995
0.997
0.924
1.286
1.444
1.233
1.493
1.666
1.151
1.172
1.080
1.290
1.198
0.923
1.075
1.136
1.181
1.513
1.302
1.352
1.159
1.139
1.001
0.935
1.042
1.403
0.894
1.273
1.652
1.137
1.353
1.321
1.403
0.883
1.020
1.568
1.259
1.330
1.088
1.246
1.223
1.339
0.886
1.467
0.937
1.273
1.195
1.520
1.499
1.032
1.323
1.278
0.857
1.346
1.533
0.933
1.313
1.712
1.184
1.449
0.860
1.165
1.405
1.786
1.384
1.527
1.849
1.610
1.212
1.110
1.137
1.478
1.686
1.398
1.165
1.423
0.916
1.167
1.480
1.575
1.501
1.009
1.003
1.256
1.537
0.930
1.258
1.305
1.590
0.999
0.917
1.570
1.270
1.205
1.266
1.124
1.037
1.705
1.552
1.517
1.465
1.326
1.410
1.297
1.543
0.935
1.370
1.206
0.883
0.925
1.351
1.513
1.039
1.383
1.045
0.981
1.356
1.391
1.588
1.129
1.162
0.920
1.362
1.073
1.143
0.882
1.444
1.131
1.168
1.233
1.522
0.989
1.460
1.302
1.403
1.478
0.880
1.026
1.212
1.632
0.990
1.339
1.407
0.941
0.935
1.277
1.407
1.078
1.301
1.433
1.177
1.212
1.688
1.278
1.355
1.044
1.364
1.405
1.494
0.928
1.653
0.997
1.323
0.902
0.917
1.587
1.159
0.885
1.322
1.322
1.378
1.054
0.963
0.958
0.887
1.344
1.025
1.470
0.988
1.281
1.055
1.277
1.523
1.115
0.934
1.362
1.358
1.056
1.539
1.593
1.493
0.891
0.921
1.208
1.185
0.900
1.164
1.138
1.170
1.471
1.121
0.921
1.873
1.140
1.397
1.010
1.390
1.468
1.465
1.397
1.488
1.480
1.483
1.000
0.972
1.087
1.416
0.913
1.460
1.138
0.923
0.908
1.326
1.776
1.685
0.926
1.280
1.225
1.252
1.495
1.238
1.277
1.459
0.959
1.418
1.471
1.125
1.039
1.099
1.427
1.203
1.057
1.471
1.092
1.388
1.144
1.186
1.547
0.995
1.569
1.370
0.904
0.833
1.293
1.393
1.511
0.933
1.334
0.928
1.192
0.988
1.543
1.550
0.879
1.340
1.327
0.950
1.446
0.907
1.399
1.200
1.503
0.908
1.254
1.390
1.610
1.354
0.943
1.368
0.959
0.928
0.997
1.227
0.981
1.559
1.877
0.900
1.446
0.875
1.522
1.367
0.936
0.941
1.392
1.279
0.923
1.143
1.265
1.225
0.993
0.930
1.437
0.978
1.193
1.225
1.457
1.195
1.242
1.308
1.316
1.140
1.001
1.249
1.264
1.422
1.005
1.496
1.226
0.946
1.167
1.191
1.257
0.932
1.652
1.623
1.233
1.331
1.000
1.011
1.389
1.005
1.086
1.065
1.032
0.958
1.043
1.036
1.393
0.998
1.344
1.449
0.915
1.296
0.942
1.448
0.910
1.005
1.050
0.949
1.065
0.866
0.852
1.131
1.355
1.231
1.319
1.240
1.647
1.196
1.645
1.446
1.209
0.965
1.321
1.491
1.110
1.530
1.111
1.309
1.004
1.302
1.314
1.314
1.432
0.888
1.266
1.096
1.264
1.132
1.360
1.728
1.398
1.319
1.033
0.954
1.115
1.366
1.177
1.627
1.600
0.963
1.299
1.173
1.269
1.005
1.522
1.399
1.195
1.080
1.065
1.097
0.961
0.858
1.158
1.682
1.419
1.285
0.925
1.139
0.919
0.931
0.949
0.970
0.949
0.867
1.147
1.203
0.947
1.414
1.287
1.501
1.496
1.218
1.142
1.324
0.991
1.352
0.956
1.394
1.221
0.981
1.518
1.248
1.282
1.153
0.989
0.964
1.377
1.552
1.382
0.911
1.521
1.265
0.963
0.981
0.938
0.961
0.869
1.078
0.956
1.075
1.496
1.558
1.558
1.725
0.932
1.341
1.398
1.482
0.956
1.354
1.420
1.429
1.144
1.007
1.333
1.545
1.342
1.268
0.976
1.175
1.340
1.396
1.445
1.430
0.896
1.256
1.637
1.235
0.901
1.304
0.953
1.034
1.178
1.403
1.017
0.960
1.477
1.463
1.198
1.303
1.146
1.321
1.406
1.259
0.906
1.310
0.979
1.368
1.512
1.650
1.381
1.019
1.519
1.043
1.447
1.328
0.923
0.982
1.189
0.910
1.256
1.362
1.663
0.876
0.983
1.098
0.958
1.417
1.361
1.383
1.324
0.969
1.014
1.419
0.966
1.132
1.301
1.226
1.580
1.281
0.947
0.983
1.380
1.503
1.180
0.955
1.196
0.978
1.289
1.487
1.228
1.380
1.418
1.334
1.396
1.313
1.267
1.327
1.227
1.215
1.188
1.134
1.589
1.223
1.191
1.196
1.215
1.567
1.404
1.025
0.987
1.389
0.930
1.170
1.294
1.335
1.703
1.254
1.306
1.118
1.154
1.210
1.430
0.972
1.179
0.914
1.201
1.403
1.499
1.350
1.444
0.909
0.895
1.391
0.990
0.983
1.521
0.984
1.416
1.527
1.102
1.332
1.162
1.087
1.331
1.338
1.206
0.938
1.487
1.359
1.366
1.004
1.383
1.391
1.172
1.435
1.179
0.934
1.572
1.226
1.289
1.418
1.341
1.365
1.000
1.551
1.414
1.520
1.556
1.265
1.407
1.306
1.470
0.958
1.375
1.172
1.056
0.921
0.965
1.191
0.988
0.953
1.352
1.168
1.205
0.956
1.311
1.366
1.276
1.521
1.463
1.516
1.034
0.947
1.170
1.175
1.500
0.908
0.980
1.435
1.408
0.959
1.231
1.135
0.946
1.428
1.008
1.292
1.172
1.302
1.183
1.404
0.969
0.982
0.905
1.323
1.420
0.945
1.513
0.949
0.866
1.380
1.161
1.457
1.183
1.356
1.044
0.943
1.508
1.519
1.086
1.356
1.455
1.596
1.064
1.180
0.854
1.607
1.491
1.004
1.228
1.457
1.531
1.519
0.983
0.949
1.028
1.427
1.271
1.261
1.277
1.463
1.358
1.509
1.010
1.325
1.108
1.412
1.238
1.111
1.316
1.057
1.436
1.094
1.231
0.941
1.412
1.534
1.319
0.948
1.416
1.132
1.059
1.047
1.116
1.106
1.024
1.560
1.424
1.371
1.545
0.920
1.273
0.912
1.072
1.204
1.468
1.536
1.205
1.027
1.680
1.410
1.186
0.916
1.105
1.392
1.370
1.576
0.880
1.189
1.351
1.346
1.304
2.003
1.188
0.899
0.976
1.305
1.525
1.290
1.013
1.396
1.332
1.260
1.508
1.761
0.964
1.374
1.365
1.209
0.949
1.235
1.521
1.246
1.485
1.193
1.425
1.332
1.241
1.470
1.331
1.020
1.374
1.093
1.099
1.364
1.022
1.334
1.452
0.898
1.230
1.475
1.448
1.489
1.514
0.905
1.312
0.904
1.585
1.311
1.320
1.095
1.400
1.283
1.353
1.108
0.910
1.445
1.165
1.547
0.892
1.227
0.903
1.539
1.240
1.421
1.364
1.535
1.529
1.043
1.414
1.330
1.000
1.266
1.598
1.349
0.955
1.262
1.458
1.462
0.894
0.953
0.890
1.075
1.026
0.986
0.936
1.003
1.420
0.860
0.837
0.981
1.403
0.998
1.039
1.250
1.204
1.369
1.198
1.186
1.165
1.127
1.279
0.967
1.401
1.392
1.053
0.939
0.991
1.326
1.290
1.325
1.040
1.568
1.384
1.805
1.185
1.935
1.716
1.802
1.212
1.257
0.849
1.369
1.496
0.994
1.378
0.999
1.499
1.117
1.005
0.911
1.447
1.323
1.316
1.122
1.121
1.211
0.948
1.445
1.691
0.901
0.936
1.315
0.990
1.202
1.075
1.431
0.990
1.127
1.006
0.984
0.963
1.271
0.882
1.293
1.550
0.938
1.480
1.384
1.248
1.285
1.512
0.920
0.985
1.363
0.982
1.008
0.949
1.254
1.164
0.952
1.384
1.302
1.525
1.213
1.499
0.958
1.574
1.451
1.388
0.993
1.607
1.248
1.161
1.196
0.031
1.291
0.914
1.016
1.282
1.242
0.863
1.268
0.985
1.136
1.355
0.930
1.711
0.975
1.496
0.887
1.012
1.250
1.461
1.512
1.116
1.169
1.407
1.382
1.324
1.216
1.448
1.316
1.598
0.974
1.299
0.982
0.906
0.954
1.441
1.359
1.532
1.108
0.955
1.207
1.498
1.668
1.197
1.134
1.514
1.249
1.102
1.511
0.969
1.468
1.006
1.342
1.278
1.061
1.480
1.564
1.278
0.911
1.150
1.348
1.434
1.576
1.585
1.021
0.902
0.953
1.174
1.168
1.411
1.275
1.316
1.261
1.247
1.369
1.361
1.462
0.951
1.390
1.602
1.463
1.183
1.405
0.968
1.364
1.238
0.973
0.982
1.373
0.911
1.219
1.390
0.903
1.283
0.922
1.214
1.409
0.911
1.196
1.523
1.035
0.912
1.306
1.279
1.626
0.938
1.385
1.400
0.930
1.032
1.580
1.418
1.463
0.951
1.405
1.289
1.346
0.893
1.545
1.008
1.360
1.355
1.738
1.515
1.406
1.248
1.479
1.274
1.454
1.474
1.506
0.947
0.942
0.935
1.168
1.465
1.202
1.664
1.637
1.447
1.048
1.341
1.468
0.935
1.118
1.348
1.308
1.205
1.600
1.333
0.976
0.978
1.251
1.009
1.361
1.399
1.243
1.023
1.552
0.957
0.963
1.361
0.953
0.925
0.887
1.239
1.428
1.016
1.495
1.202
1.348
1.275
1.010
1.300
0.874
1.367
1.455
1.363
1.382
1.416
0.890
1.281
1.388
0.998
1.270
0.947
1.363
1.313
1.554
1.267
0.969
1.531
1.730
1.297
1.038
1.230
1.367
0.974
1.189
1.279
1.373
0.960
0.949
1.382
0.993
1.442
0.920
1.255
1.454
1.403
1.461
0.956
1.126
1.438
1.375
0.906
1.034
1.590
0.877
1.197
1.405
1.257
1.466
1.375
1.221
1.167
1.209
1.125
1.385
1.615
1.381
1.589
1.876
1.037
1.498
1.072
1.355
0.934
1.572
1.346
1.203
1.138
1.058
1.096
1.107
0.965
1.377
1.090
1.417
1.340
1.202
1.140
1.018
0.936
1.131
1.219
1.544
1.405
0.885
1.554
1.064
1.031
1.442
1.462
1.396
0.962
1.179
1.461
1.246
1.442
1.452
0.917
0.999
0.931
1.709
1.314
1.174
0.899
1.330
1.161
0.967
1.770
1.365
1.118
1.524
0.900
1.064
1.814
1.284
1.345
1.825
1.123
0.910
1.350
1.002
1.423
1.147
0.969
1.126
0.986
1.089
0.861
1.205
0.980
1.550
1.368
1.502
1.556
1.342
0.927
0.943
0.926
1.362
1.719
1.263
0.929
1.274
1.365
1.531
1.116
1.137
1.295
1.534
1.664
1.042
1.056
1.069
1.777
1.433
1.511
0.961
1.205
1.449
1.355
1.619
1.068
1.296
0.913
1.256
1.503
1.526
1.445
1.221
1.601
1.165
1.201
0.981
1.407
1.170
1.591
0.894
0.919
1.322
1.323
1.441
1.140
1.250
1.330
0.949
1.317
1.023
1.461
1.284
1.130
1.034
1.299
1.399
1.498
1.407
1.316
1.022
1.084
1.047
0.981
0.827
1.401
1.487
1.482
1.478
1.409
0.980
1.313
1.415
1.288
1.290
1.306
1.263
1.363
0.999
1.705
1.114
1.279
1.253
1.228
1.238
0.997
0.941
0.990
1.384
1.311
0.950
0.907
1.100
1.625
1.284
1.322
1.572
1.323
0.886
0.925
1.393
1.258
1.366
1.225
1.110
1.346
1.854
0.936
1.167
1.263
1.163
0.941
1.342
0.837
0.995
1.210
1.666
0.918
1.262
1.159
1.440
1.495
1.281
0.039
0.949
1.287
1.294
1.298
0.925
1.237
0.959
1.182
0.982
1.389
1.346
1.196
1.024
1.046
1.808
1.337
1.586
1.083
1.364
1.334
1.563
1.564
1.330
0.895
1.267
1.197
0.916
1.480
1.482
1.248
1.903
1.152
1.515
0.889
0.904
1.375
0.910
1.177
1.330
0.948
1.851
1.447
1.041
1.245
1.377
1.338
1.053
1.027
1.301
1.077
1.270
0.895
1.547
1.572
1.444
1.539
1.131
0.927
0.911
0.989
1.599
0.989
1.709
1.393
0.881
1.031
1.007
1.478
1.632
0.945
0.943
0.954
1.578
1.052
0.934
1.321
1.545
1.374
1.703
1.198
1.364
1.238
1.255
1.263
0.963
1.432
1.242
0.089
0.945
1.448
1.337
1.299
1.495
1.328
1.135
0.944
1.005
1.246
1.106
0.913
0.969
1.633
0.927
1.285
1.111
1.522
1.033
1.121
1.187
1.431
1.649
1.103
1.157
1.545
1.243
1.079
1.499
1.403
1.623
0.918
1.388
1.407
1.059
1.391
1.407
0.939
1.587
1.390
0.980
1.428
1.003
1.220
1.381
0.993
1.121
0.934
1.331
1.584
1.150
1.067
0.865
1.471
1.358
1.022
1.123
1.023
0.955
1.578
1.146
1.069
1.371
1.389
1.471
1.454
1.514
0.899
1.609
1.163
1.029
1.346
1.164
1.172
1.374
1.188
1.150
1.430
1.426
0.906
1.340
0.963
1.481
1.241
1.571
1.299
1.221
0.970
0.915
1.563
1.236
1.540
1.398
1.505
1.324
1.001
1.245
1.401
1.229
1.407
0.908
1.508
1.148
1.338
0.922
0.837
0.954
1.034
1.405
0.926
1.146
1.391
1.405
1.422
0.890
0.976
1.386
1.187
1.446
1.146
1.055
1.390
1.213
1.305
0.992
1.220
1.706
0.952
1.533
1.503
1.185
0.984
1.011
1.551
1.286
0.976
1.509
1.142
1.565
1.750
1.213
1.397
0.945
1.348
1.631
1.327
1.446
1.023
0.876
1.268
1.275
0.899
1.405
1.439
1.312
1.540
1.271
1.651
1.335
1.107
1.231
1.424
1.057
1.284
0.994
1.554
1.341
1.391
1.331
1.427
1.250
1.497
1.084
1.247
1.544
1.408
1.249
1.136
1.181
1.027
1.493
1.035
1.413
1.279
0.944
1.233
1.083
1.157
0.903
1.303
1.322
1.293
1.300
0.950
1.393
1.299
0.985
1.054
0.879
1.236
1.433
1.060
1.079
1.206
1.071
1.522
1.393
1.578
0.990
0.916
1.598
1.287
1.142
0.956
0.931
1.665
1.617
1.278
1.236
1.146
1.386
1.298
1.365
1.628
1.320
1.374
1.277
1.576
1.395
1.078
1.458
1.262
1.471
1.239
1.216
1.164
1.495
1.037
1.277
1.484
0.987
1.126
0.967
0.873
0.968
0.995
1.259
0.912
1.330
1.201
1.196
1.359
1.094
1.928
1.253
1.364
1.500
1.470
1.258
1.115
1.143
1.284
0.899
0.928
1.383
1.258
0.951
1.431
1.225
1.208
1.558
0.924
1.644
1.556
1.058
1.000
0.872
1.241
1.191
0.965
1.228
1.227
1.020
1.256
1.316
1.031
1.068
1.170
1.460
1.345
1.029
1.283
0.865
0.927
1.650
0.993
1.316
0.939
1.306
1.378
1.306
1.254
1.082
1.385
1.558
1.525
1.013
1.163
0.940
1.499
1.291
1.156
1.265
1.365
1.202
1.023
1.019
1.396
1.070
1.619
1.294
1.145
1.070
1.356
1.234
0.976
1.394
0.884
1.095
1.219
1.086
1.518
0.947
0.987
1.306
1.213
1.517
1.093
0.998
1.056
1.001
0.955
1.260
1.317
1.255
1.270
1.130
1.328
1.420
1.603
1.287
1.115
1.239
1.116
1.419
1.273
1.400
0.987
1.564
1.226
1.254
1.152
1.395
1.351
1.089
1.176
1.295
1.436
1.232
1.212
1.361
1.396
1.065
1.252
1.176
1.046
0.830
1.533
1.277
1.274
1.595
0.950
1.432
0.959
1.429
0.967
1.309
1.417
1.369
1.452
1.318
0.941
1.762
1.262
0.965
1.295
0.898
1.260
1.051
0.974
0.930
0.875
0.955
1.313
1.247
1.198
0.887
1.364
1.305
1.273
1.727
1.410
0.929
1.338
1.216
1.176
0.926
1.181
1.367
1.063
1.664
1.317
1.117
1.203
1.446
1.720
1.540
0.874
1.146
1.289
1.416
1.101
0.967
1.186
1.155
1.080
1.165
1.477
1.315
1.372
0.921
1.006
1.442
0.952
1.411
1.085
1.470
1.103
1.490
1.434
1.251
1.019
0.952
0.919
1.424
1.404
1.063
1.355
1.311
1.442
0.999
0.958
1.286
1.477
1.351
0.976
1.275
1.043
1.043
1.423
0.934
1.212
1.539
1.437
1.642
1.156
0.866
1.340
1.363
1.577
1.174
1.428
1.352
1.298
0.942
1.275
0.968
1.409
1.529
1.240
1.238
1.428
1.589
0.996
0.995
0.922
0.925
0.969
0.902
1.569
1.248
1.276
1.546
1.360
1.406
0.898
1.329
0.881
1.174
0.976
1.165
1.458
0.995
1.041
0.923
1.372
1.135
0.869
1.609
1.526
0.980
1.295
1.378
1.112
0.927
1.385
1.323
1.249
1.017
1.421
1.260
1.126
1.364
1.429
1.605
1.686
1.278
0.894
1.387
1.537
1.046
1.495
1.471
1.369
0.967
1.319
0.924
1.123
1.677
1.621
1.298
1.312
0.960
1.023
1.442
1.388
1.452
1.403
1.216
1.483
1.350
0.963
1.421
1.364
0.932
1.418
1.139
1.207
1.370
1.243
1.279
1.673
1.008
1.263
1.505
1.251
1.071
1.390
1.244
0.861
1.415
1.413
1.155
1.269
1.372
1.220
1.205
1.722
1.295
1.431
1.424
1.266
0.939
0.893
1.579
1.265
1.374
1.278
1.327
1.320
1.263
1.330
1.422
0.937
1.031
1.466
1.673
1.029
1.233
1.255
0.896
1.363
0.976
0.971
1.260
1.192
1.351
1.538
0.899
1.451
1.633
1.253
1.230
1.345
1.541
0.970
0.986
1.301
1.689
1.177
1.217
1.110
0.892
0.885
1.646
1.167
1.372
1.130
1.504
1.232
1.630
1.360
0.899
1.239
1.221
1.387
1.478
1.280
1.617
1.761
1.323
1.392
1.031
1.415
0.888
1.293
0.846
1.430
1.574
1.448
1.350
1.254
1.378
1.198
1.213
1.731
1.309
1.300
1.349
0.923
1.277
1.054
1.649
1.333
0.914
1.347
1.362
1.614
1.188
0.986
1.437
1.400
1.161
1.494
1.327
1.050
1.605
0.947
1.152
1.125
0.923
1.526
0.942
0.960
0.966
1.665
4.145
1.546
1.183
0.923
1.269
1.544
1.470
1.527
1.616
1.107
1.531
1.272
1.052
1.114
1.479
1.002
1.318
1.553
1.421
0.962
1.252
1.299
1.154
1.395
1.381
1.522
1.278
1.386
1.345
1.658
1.225
1.605
1.251
1.481
1.483
1.374
1.578
1.342
1.539
1.457
1.549
1.178
1.553
1.380
0.999
1.554
1.723
1.010
1.511
1.272
1.292
1.038
1.283
0.973
0.977
1.320
1.393
0.945
1.184
0.941
0.960
1.587
1.115
1.433
0.938
1.208
1.203
0.882
1.244
1.071
1.465
1.201
1.434
1.784
1.128
1.342
1.351
1.517
1.285
1.013
0.896
1.614
0.881
0.995
1.351
1.617
1.268
1.348
1.284
1.132
1.414
0.969
0.952
1.575
1.448
1.325
1.301
1.233
1.349
0.890
1.398
1.390
0.952
1.419
1.161
0.918
0.967
1.194
1.304
1.026
1.420
1.486
1.136
0.873
1.482
1.054
1.262
1.372
0.929
1.086
1.378
1.321
1.086
1.460
1.396
1.276
1.218
0.839
1.194
1.608
1.009
0.933
1.655
0.739
1.230
1.418
0.974
1.103
0.885
1.241
1.426
1.527
1.390
1.520
0.969
1.150
1.288
1.265
1.454
0.891
1.648
1.655
0.915
1.669
1.246
1.269
1.218
1.187
1.214
0.871
1.331
1.235
1.260
1.526
1.379
1.252
1.283
0.926
0.932
1.463
1.130
1.308
0.944
1.375
1.322
0.977
1.294
1.250
1.179
1.263
0.922
1.538
1.225
1.302
1.391
1.355
0.981
1.768
1.376
1.547
1.247
1.007
0.912
1.492
1.527
1.767
1.268
1.274
1.142
1.484
1.309
1.274
1.348
0.947
0.997
1.411
1.273
1.074
1.332
1.438
1.144
1.363
0.941
1.301
1.266
1.551
0.993
1.582
1.127
0.937
0.920
0.907
1.470
1.461
1.425
1.603
1.372
0.947
1.268
0.864
1.365
1.169
1.455
0.970
1.291
1.279
1.240
1.116
0.953
1.585
0.921
1.288
1.758
1.216
1.386
1.407
1.203
0.954
0.948
1.034
1.011
1.021
1.015
1.119
0.922
0.944
1.462
1.137
0.972
1.203
0.944
1.340
1.252
1.467
1.218
1.294
1.293
1.391
1.574
1.252
0.902
1.411
1.158
1.019
1.412
1.653
1.603
1.390
1.509
1.511
1.275
1.283
1.399
1.412
1.789
0.915
1.251
1.086
1.207
1.129
1.366
1.328
1.238
1.473
1.381
1.437
1.112
0.919
1.113
0.947
1.519
1.213
0.910
0.898
1.393
0.915
1.238
1.066
1.436
1.210
1.094
0.938
0.974
1.377
1.073
1.365
1.454
1.019
1.223
1.528
1.308
1.177
0.992
1.391
0.849
0.948
1.602
0.948
1.416
1.401
1.709
1.038
0.890
0.888
1.439
1.372
1.322
1.492
1.524
1.164
1.521
1.299
1.571
1.480
1.034
1.015
1.294
0.900
0.916
0.931
1.432
1.300
1.562
1.250
1.488
1.156
0.967
1.379
1.178
0.886
1.445
0.954
1.356
1.065
0.871
1.316
1.024
1.618
0.942
1.277
1.042
1.428
1.400
1.445
0.922
1.586
1.273
1.118
1.181
1.044
1.295
0.944
1.233
1.073
1.460
1.104
1.549
1.093
1.495
1.396
1.435
1.407
0.939
1.468
1.015
0.882
1.328
0.869
1.477
1.540
0.830
1.338
1.424
1.458
1.432
0.921
1.364
1.012
0.915
0.954
1.280
1.076
1.580
0.900
1.230
1.479
1.572
1.319
1.256
1.468
1.384
1.283
1.204
1.423
0.867
1.281
1.331
1.048
0.916
1.165
1.571
1.302
1.230
1.497
1.009
1.500
0.900
1.064
0.933
1.516
0.961
1.240
1.285
1.162
0.917
1.187
1.059
1.372
1.245
1.430
1.164
1.220
1.681
1.013
1.367
0.941
1.038
1.224
1.289
1.584
1.339
1.447
0.944
1.386
0.943
0.876
1.044
1.110
1.113
0.997
1.502
1.285
1.065
0.942
1.325
0.969
1.075
1.573
1.223
1.289
1.534
0.985
1.447
0.954
1.351
0.971
1.523
1.222
1.049
1.046
1.026
1.407
1.612
1.613
0.913
0.948
1.472
1.181
0.907
1.397
1.118
1.440
1.388
1.424
1.356
1.212
0.925
1.280
1.642
1.004
1.081
1.307
1.200
1.302
0.895
1.221
1.252
0.929
1.512
1.764
0.925
0.885
1.470
1.306
1.495
1.020
1.440
1.284
1.192
1.499
0.973
0.944
1.283
0.886
1.207
0.895
0.972
1.728
1.304
1.173
1.552
0.857
1.518
1.682
1.303
1.503
0.879
1.566
1.324
0.988
1.428
1.326
1.292
1.012
1.001
1.332
0.929
1.293
1.402
1.410
1.040
1.053
1.411
1.251
1.347
1.472
1.455
1.349
1.413
1.212
1.352
1.395
1.531
0.961
1.548
1.312
1.624
1.253
0.901
1.019
1.338
1.331
1.399
0.931
1.289
1.234
1.115
1.111
1.329
1.651
1.717
1.640
1.311
1.330
1.361
1.207
1.401
1.404
1.360
1.227
1.171
1.258
0.934
0.973
1.425
1.235
1.038
1.401
1.153
1.369
1.288
1.381
1.502
1.071
2.865
1.145
1.317
1.314
1.172
0.922
1.582
0.910
1.548
1.436
0.966
1.335
0.939
1.676
1.135
1.464
1.389
1.486
0.916
1.023
1.410
1.085
0.981
0.914
1.395
1.155
1.259
1.445
0.894
1.433
1.312
0.901
1.356
1.551
1.053
0.980
0.892
1.324
0.937
1.107
1.225
1.218
0.870
1.322
1.063
1.213
1.320
1.001
1.592
1.279
1.222
1.753
1.292
0.876
1.533
1.175
1.468
0.937
1.557
1.161
1.305
1.364
1.320
1.601
1.434
1.180
1.052
1.200
1.234
1.030
1.478
1.326
1.459
0.859
1.209
1.222
1.438
1.032
1.467
0.994
1.562
0.947
0.998
1.033
0.920
1.007
0.986
0.936
0.908
1.045
1.030
1.023
0.932
0.864
1.105
1.420
1.435
1.319
1.139
1.008
1.055
1.018
0.988
1.402
1.446
0.929
1.378
1.335
1.420
1.398
1.068
1.488
0.864
1.633
0.858
1.355
0.966
1.538
1.259
1.268
1.315
1.375
0.929
1.219
0.921
1.449
1.650
1.276
1.782
1.720
1.138
1.340
0.883
1.258
0.936
1.160
1.326
1.113
1.398
0.924
1.432
1.689
1.474
1.683
0.946
0.801
1.273
1.630
1.734
1.502
1.520
1.382
1.182
1.580
1.377
1.281
1.068
1.019
1.036
1.643
1.191
0.891
1.325
1.348
1.420
1.255
1.558
0.947
1.274
1.247
1.219
1.537
1.194
0.907
1.048
1.313
1.447
0.984
1.329
1.460
0.896
1.182
0.954
1.159
1.024
1.324
0.991
1.442
1.379
1.209
1.331
1.199
1.177
1.439
1.025
1.033
1.420
1.006
1.122
1.307
1.260
1.430
0.958
1.127
1.391
1.202
1.323
0.867
1.578
1.549
0.895
1.290
1.297
1.380
1.322
1.518
1.560
1.816
1.474
0.894
0.796
1.279
0.910
1.126
1.151
0.975
1.242
1.074
0.960
1.298
0.861
1.541
0.885
0.888
1.072
1.413
1.460
0.936
0.870
1.426
1.475
1.355
1.045
1.017
1.353
0.930
1.264
0.964
1.011
1.302
1.002
1.322
1.043
1.280
1.355
1.597
1.345
1.545
0.880
1.342
1.350
0.873
1.693
1.508
0.872
1.641
1.739
1.026
1.273
0.888
1.382
1.496
1.337
1.215
0.923
1.403
1.234
1.306
0.924
0.896
1.137
1.222
0.963
1.142
1.214
1.038
1.345
1.034
1.279
1.455
0.886
0.970
1.636
1.367
1.014
1.455
1.559
0.995
1.151
1.037
1.223
1.043
1.290
1.289
1.327
1.268
1.536
1.115
1.294
1.433
0.906
1.236
1.459
1.201
1.309
1.217
1.019
1.470
1.255
1.268
0.962
0.908
0.965
1.477
1.450
1.089
1.345
1.541
1.446
1.260
1.357
1.393
0.914
1.451
1.114
1.186
1.234
1.707
0.954
0.909
0.981
1.482
0.877
1.082
1.402
1.322
1.433
1.268
1.305
1.119
1.298
1.011
1.717
1.645
1.375
1.444
1.390
1.258
0.914
1.350
0.991
1.442
1.379
0.896
1.305
1.327
1.061
1.206
1.137
1.561
1.390
0.942
1.427
1.581
1.470
1.445
1.532
1.026
1.343
0.895
1.531
1.211
1.223
1.299
1.346
1.005
1.355
1.295
1.140
0.925
1.428
1.340
1.132
1.535
1.265
1.472
1.353
1.608
1.427
1.035
1.286
1.817
1.465
0.915
1.557
1.282
0.963
1.023
1.337
0.879
1.493
1.528
0.939
1.386
1.282
0.959
1.037
1.750
1.078
1.073
1.311
1.155
1.339
1.087
1.536
1.203
1.399
1.235
1.347
1.285
1.233
0.975
1.174
1.275
1.716
0.960
1.319
1.046
1.266
1.364
1.103
1.193
1.066
0.961
1.055
1.309
1.252
1.075
1.517
1.280
1.387
1.350
1.202
1.406
1.331
1.530
1.418
1.031
0.979
1.409
1.034
1.206
1.499
1.413
1.426
1.224
1.206
0.821
1.398
1.006
0.885
1.553
1.683
0.926
1.208
1.432
1.292
1.236
1.238
1.556
1.352
1.470
1.361
1.287
1.337
1.070
1.033
1.773
1.249
1.444
1.066
1.149
1.171
1.345
0.925
1.433
0.848
1.415
0.949
1.391
0.987
1.409
1.109
1.289
1.347
1.156
1.484
1.560
1.263
1.144
1.685
0.972
1.205
1.160
1.291
1.186
1.233
0.944
1.409
0.914
1.042
1.001
1.478
1.024
1.075
1.008
1.528
1.108
1.348
1.177
1.405
1.318
1.125
1.074
0.899
0.910
0.844
0.879
1.183
1.210
1.475
1.000
1.622
1.004
1.149
1.066
1.242
1.486
1.018
1.326
1.543
1.275
1.188
1.247
1.122
1.427
0.881
1.139
1.024
0.874
0.939
0.919
0.934
1.222
1.475
1.434
1.357
1.386
1.342
0.936
1.574
1.240
0.944
1.685
1.255
0.956
1.155
0.921
1.216
1.012
1.235
1.494
0.876
1.334
1.391
1.573
0.958
1.281
1.456
1.467
1.452
1.279
1.220
1.475
1.333
0.910
1.286
1.013
1.530
0.949
0.883
1.148
1.621
1.432
0.910
1.198
1.369
0.895
1.304
1.230
1.264
1.278
0.954
0.973
1.149
1.515
1.727
1.438
1.294
1.453
1.142
1.000
1.699
0.979
0.974
1.433
1.625
1.289
1.443
0.910
1.333
1.195
1.150
1.168
0.885
1.605
1.295
1.132
1.724
1.403
0.928
0.890
1.098
0.913
1.423
1.459
1.341
1.130
1.349
1.428
0.912
1.528
1.214
1.205
1.422
1.301
1.350
1.092
1.553
1.684
1.011
1.263
1.302
1.079
1.321
0.917
1.058
0.961
1.352
0.951
1.367
0.872
1.012
0.993
1.564
1.065
0.891
1.253
0.948
0.946
1.307
1.482
1.086
1.103
1.513
1.034
1.097
1.408
0.973
1.565
1.341
1.582
1.048
1.305
1.033
1.410
1.345
1.422
0.982
1.169
1.419
1.204
0.923
1.268
1.420
1.459
1.033
1.439
0.941
0.908
1.382
0.980
1.426
1.513
0.894
1.416
1.190
1.353
1.057
1.321
1.190
1.281
1.591
1.424
0.891
0.953
1.318
0.961
1.421
1.294
1.025
1.171
1.331
1.329
1.519
1.201
0.923
1.456
1.228
1.343
1.676
1.281
1.300
1.095
1.319
0.939
0.897
0.989
1.003
0.953
1.198
1.501
1.363
0.973
0.876
0.918
1.021
1.543
0.950
0.990
1.109
1.502
1.343
0.946
1.184
1.266
1.255
1.171
1.266
1.341
0.984
1.216
1.000
1.092
1.319
1.193
1.494
1.447
1.463
0.036
1.266
1.169
1.042
1.141
1.339
1.474
1.341
0.983
0.934
1.494
1.341
0.894
1.280
1.398
1.001
1.237
1.160
1.643
1.503
1.068
1.405
0.927
1.488
1.340
1.449
1.575
1.471
1.685
1.295
1.314
1.778
1.181
1.507
1.175
1.672
1.286
1.276
1.426
1.054
0.981
1.419
0.981
1.360
1.056
1.176
0.848
1.311
1.411
1.415
1.291
1.118
1.456
1.111
1.344
1.334
1.412
1.335
0.966
1.089
1.225
0.884
1.596
1.289
1.373
0.896
1.346
1.348
0.918
1.004
0.969
0.874
0.897
1.032
1.364
1.547
1.053
1.417
1.596
0.969
0.890
1.482
1.343
0.995
0.883
1.313
1.519
1.046
1.174
1.106
1.558
1.427
1.021
1.265
1.184
1.066
1.384
0.907
1.455
1.215
1.326
1.099
1.619
1.333
1.056
1.004
0.973
1.439
1.523
0.893
1.480
0.964
1.391
1.275
1.638
1.099
0.976
1.468
1.386
0.967
1.047
1.496
1.019
1.746
1.538
1.516
1.437
0.975
1.541
1.378
0.942
0.874
1.151
0.951
0.945
0.975
1.450
0.899
1.384
1.039
1.263
1.320
1.443
0.966
1.133
1.105
1.119
1.266
1.450
1.485
0.899
1.404
1.107
1.078
1.375
1.131
1.157
1.054
1.346
1.389
0.957
1.360
0.952
1.410
1.284
1.547
1.138
1.000
1.442
0.977
1.550
1.404
1.399
1.274
0.880
1.660
1.791
1.344
1.298
1.354
0.872
1.399
1.416
1.344
1.267
1.320
1.490
1.007
1.264
1.212
1.039
0.960
1.603
1.315
1.426
0.880
1.298
1.471
1.312
1.433
1.364
1.242
1.597
1.310
1.194
1.213
1.118
1.421
1.215
1.272
1.102
1.373
1.505
1.311
0.948
1.002
0.944
1.177
0.926
1.485
1.224
0.928
1.248
1.376
1.536
1.377
0.979
0.976
1.385
1.328
1.594
1.594
1.197
0.974
1.756
0.870
1.286
0.949
1.112
1.319
1.374
1.217
0.949
0.946
1.474
1.181
0.053
1.484
1.263
1.192
1.472
1.579
1.185
0.944
1.271
1.538
1.375
1.553
1.178
1.462
1.497
1.578
1.306
1.053
1.020
1.201
1.461
1.218
0.877
1.262
1.467
1.220
1.320
1.375
1.394
0.952
0.960
1.413
1.363
1.281
1.005
1.256
1.397
1.396
1.239
1.496
1.408
1.217
0.875
1.204
0.936
0.937
1.332
1.154
0.989
1.205
0.868
0.987
1.042
0.889
1.086
0.965
0.924
1.271
1.262
1.343
1.519
1.023
1.280
0.902
1.432
1.166
1.203
1.211
1.493
1.372
1.081
1.186
1.153
1.500
0.956
1.131
1.281
0.907
1.090
1.429
0.967
1.226
1.056
1.389
1.419
1.430
1.100
1.247
1.350
1.371
1.228
1.067
1.170
1.551
1.122
0.952
1.219
1.323
1.592
1.489
1.527
1.371
1.584
1.340
1.423
1.325
1.249
1.136
1.550
1.593
1.118
1.330
1.295
0.867
0.860
1.318
1.627
1.145
1.367
1.415
0.940
1.483
1.272
1.078
1.040
0.940
1.359
1.001
1.376
1.278
1.272
1.005
1.367
1.355
0.943
1.033
1.011
1.245
1.452
1.154
1.165
1.565
1.656
1.358
1.392
1.418
1.265
1.330
1.348
1.125
1.416
1.549
0.926
1.394
1.403
1.312
1.023
1.477
1.423
1.054
0.946
1.372
1.159
0.960
1.053
1.262
1.385
1.545
1.491
0.948
1.232
1.286
0.899
1.588
1.415
1.251
1.107
1.254
1.264
1.522
1.209
1.447
1.034
2.553
0.980
1.254
1.555
1.025
1.474
1.356
1.410
1.302
0.887
1.338
1.028
1.043
0.942
0.934
1.485
1.466
1.011
1.466
1.227
1.394
0.972
1.235
1.218
1.027
1.208
1.273
1.480
1.193
1.113
1.438
1.024
1.226
1.315
0.890
1.217
1.693
1.417
0.831
1.569
1.536
0.852
1.040
0.924
0.861
1.084
1.270
1.314
1.436
0.967
0.954
1.370
1.537
1.651
0.912
1.435
1.311
1.239
1.505
1.264
1.206
1.496
1.326
1.513
1.252
0.912
1.284
1.227
0.995
0.913
1.342
1.140
1.224
1.494
1.034
1.402
1.316
1.174
0.950
1.520
1.414
1.120
1.371
1.591
0.973
1.116
1.006
1.266
1.518
1.061
1.514
0.861
1.579
1.403
1.089
0.913
0.928
1.547
1.421
1.384
1.615
1.036
1.355
1.284
1.117
1.021
1.590
1.186
0.890
1.269
1.169
1.469
1.354
1.054
1.411
1.335
1.879
1.400
0.998
1.015
1.283
1.241
0.920
0.899
1.426
0.918
1.310
1.313
1.363
1.526
1.258
1.153
0.906
1.322
0.896
1.487
1.217
0.981
1.414
1.145
1.315
0.992
1.094
1.335
1.489
1.072
1.212
1.428
1.014
1.265
0.974
0.980
1.426
0.986
1.591
1.405
1.152
0.988
1.491
1.250
1.216
1.018
1.253
1.464
0.968
1.301
1.300
1.248
1.492
0.929
1.034
1.348
1.342
1.510
1.058
1.505
0.910
0.927
1.322
1.428
1.531
1.309
1.340
0.969
0.976
0.932
1.517
1.310
1.144
0.867
1.179
1.642
0.859
1.378
1.301
1.366
1.166
1.167
1.277
0.989
1.401
0.969
1.632
0.900
1.080
1.395
1.396
1.341
1.008
0.958
1.036
1.436
0.955
1.156
1.093
1.019
1.119
0.958
0.906
0.961
1.046
1.140
1.564
1.146
1.560
1.255
1.358
1.417
1.680
1.336
1.393
1.359
1.449
1.117
1.440
0.941
1.697
1.300
1.367
1.083
0.907
1.559
0.941
1.168
1.436
1.408
1.638
0.941
1.265
1.244
1.688
1.390
1.023
1.007
1.449
1.393
1.478
0.975
0.919
0.952
1.330
0.949
1.421
0.863
0.817
1.374
1.023
1.001
1.248
1.447
1.263
1.039
1.265
1.196
1.122
0.953
1.241
0.934
1.523
1.144
1.227
1.328
1.330
1.330
1.331
1.365
0.938
1.474
1.103
1.445
0.889
0.951
1.096
0.932
1.246
0.948
1.403
0.979
1.314
1.217
1.511
1.194
1.219
1.484
1.394
0.965
1.453
0.963
1.184
1.444
1.292
1.538
1.228
0.882
1.542
1.017
1.053
1.173
1.465
1.025
1.267
1.247
1.324
1.001
1.422
0.920
1.289
1.327
1.464
1.174
1.044
0.925
1.422
1.164
1.148
0.901
1.524
1.074
1.508
0.882
1.352
1.134
1.444
0.935
0.917
1.718
1.281
1.497
1.322
1.411
0.962
1.304
1.317
1.149
1.493
0.900
1.056
1.331
0.941
1.367
0.953
1.254
1.311
0.910
0.940
1.246
1.393
1.367
1.003
1.422
1.470
1.014
1.464
1.246
1.180
1.434
1.389
1.248
1.575
0.885
1.134
1.277
0.933
1.528
1.421
1.340
1.484
1.249
1.106
0.976
1.532
1.056
1.279
1.071
1.193
1.444
1.392
0.972
1.284
1.206
1.170
0.994
1.475
1.335
1.567
1.268
1.475
1.345
1.255
1.413
1.014
1.207
1.085
1.387
1.303
0.970
1.425
1.286
1.238
1.219
1.363
1.120
0.955
1.269
1.003
1.190
1.525
1.037
1.325
1.261
1.309
0.999
1.421
0.937
1.201
0.908
1.335
0.979
1.284
0.932
1.532
0.993
1.427
1.153
0.949
1.348
1.173
1.095
1.554
1.519
1.224
1.417
0.998
1.595
0.920
0.994
1.456
1.315
1.343
1.071
1.209
1.631
1.366
0.944
1.307
1.226
1.610
0.892
1.220
1.283
1.230
1.143
1.300
1.633
1.342
1.623
1.163
1.556
1.516
1.690
1.475
1.386
1.149
1.018
1.017
1.282
1.647
1.216
1.264
1.179
1.108
0.935
1.235
1.292
0.960
1.132
1.211
1.201
1.495
1.053
1.290
1.513
1.676
1.156
1.478
1.336
0.979
1.442
0.891
0.939
1.038
1.582
1.474
0.961
1.109
1.407
1.155
1.276
1.248
1.250
1.517
1.090
1.346
1.361
1.477
1.168
1.523
0.975
1.398
1.501
1.228
1.478
1.506
0.930
1.402
0.898
0.962
1.534
1.365
1.127
1.141
1.292
1.594
0.798
1.167
0.999
1.511
1.554
1.301
0.811
1.668
0.919
1.237
1.614
1.392
0.953
1.553
1.199
1.049
0.999
1.252
1.567
1.391
0.918
1.470
1.028
0.960
1.243
1.188
1.401
1.110
1.067
0.898
1.009
0.997
1.165
1.281
1.225
1.210
1.045
0.828
1.120
1.592
1.162
1.560
1.648
0.974
1.294
1.272
1.037
1.511
0.991
1.161
1.383
1.643
0.954
1.053
1.448
1.373
0.878
0.958
1.242
1.268
1.332
0.956
1.323
1.180
1.479
1.372
0.999
1.336
1.441
1.201
1.229
1.447
0.950
0.927
0.885
1.087
1.498
1.570
1.086
1.233
0.943
1.344
1.017
1.111
1.368
0.875
1.602
0.954
1.234
1.161
1.168
0.984
1.484
1.155
0.962
0.920
1.274
1.336
1.113
0.914
1.395
1.323
1.016
1.281
0.925
1.545
1.425
1.339
1.342
1.551
0.895
1.179
1.018
0.910
1.343
1.043
1.421
1.466
1.745
1.006
1.393
1.328
1.549
1.151
1.422
1.393
1.002
1.167
1.455
1.319
1.363
1.037
1.541
1.594
1.168
1.256
1.338
1.035
0.877
1.520
0.896
1.605
1.500
0.921
1.335
1.217
0.991
0.934
1.365
1.445
1.616
1.186
0.905
0.871
1.147
0.927
1.205
1.457
1.214
1.085
1.017
0.936
1.453
1.374
1.455
0.920
1.228
1.297
1.191
1.050
0.987
0.924
0.887
1.467
1.498
0.902
1.212
1.137
1.628
1.173
1.161
0.958
0.970
0.934
1.239
1.716
1.488
1.453
1.002
1.376
1.025
1.663
0.955
1.047
1.483
0.986
1.003
0.886
1.255
1.784
1.032
1.257
1.334
1.294
1.293
1.710
1.375
1.408
1.484
1.350
1.440
0.953
0.913
1.423
1.547
1.287
1.244
1.285
1.443
1.244
1.278
1.359
1.531
0.983
0.972
1.576
1.345
1.275
1.465
1.504
1.026
1.462
1.542
0.974
1.311
1.457
0.853
1.238
1.306
1.227
1.049
0.913
1.268
1.767
1.324
1.251
0.986
0.897
1.388
1.314
0.883
1.339
1.165
1.227
0.837
1.324
1.045
1.200
1.363
0.898
1.316
0.924
1.368
1.244
1.495
1.181
1.054
1.429
1.402
0.999
0.908
1.221
0.899
1.166
1.186
1.374
1.307
1.478
0.964
1.218
1.388
0.906
1.351
1.089
0.104
0.971
1.451
1.376
1.304
1.314
1.191
1.010
1.444
1.241
1.562
1.470
0.955
1.268
1.435
1.062
1.293
1.239
1.550
1.329
1.312
1.155
0.040
1.120
1.292
0.935
1.549
0.994
0.894
1.579
0.915
1.443
1.418
1.320
1.506
1.304
1.138
1.547
1.064
0.766
1.306
0.962
1.923
0.921
0.996
1.309
0.889
0.926
1.501
1.290
1.114
1.451
1.325
1.015
1.075
1.215
1.148
1.143
0.908
1.537
1.480
1.269
1.484
1.495
1.436
1.284
1.296
0.895
1.072
1.218
1.180
0.978
0.909
1.213
0.848
1.445
1.641
0.867
1.029
1.463
1.415
0.968
1.412
1.449
1.216
1.387
1.142
1.136
1.223
1.143
1.470
1.239
1.429
0.916
1.414
1.270
1.303
0.927
0.853
1.409
1.258
1.145
1.492
1.188
1.021
1.183
1.323
1.048
1.271
1.271
0.893
1.143
1.807
0.938
1.404
1.248
1.572
1.608
1.234
1.282
1.524
1.024
1.042
1.390
1.261
1.158
0.884
1.465
1.392
1.169
1.230
1.285
1.315
1.437
1.511
1.177
1.373
1.203
0.957
1.160
0.879
1.477
1.256
1.273
1.329
1.678
1.019
0.960
1.189
1.052
1.185
0.875
1.289
1.241
0.946
1.231
1.472
0.884
0.984
1.184
1.480
1.315
1.410
1.347
0.962
1.368
1.350
0.907
1.575
1.464
1.389
0.968
1.444
0.966
1.315
0.855
0.985
1.122
0.976
1.305
1.440
1.036
1.234
0.986
1.016
1.400
1.200
1.358
1.457
1.266
1.363
1.053
0.863
0.983
1.219
1.282
0.855
1.276
1.205
1.561
1.175
1.215
0.884
0.894
1.319
1.471
1.066
1.380
0.936
1.377
1.376
1.284
1.224
0.930
0.973
1.112
1.443
1.351
1.433
1.298
1.265
1.346
0.955
1.571
0.932
1.235
1.390
1.293
1.826
0.979
1.142
1.242
1.116
0.968
1.458
0.961
0.961
0.890
1.163
1.006
1.178
1.252
1.502
1.551
1.402
0.945
1.422
1.060
0.989
1.226
1.261
0.955
1.562
1.307
0.934
1.510
1.088
1.467
0.934
1.070
0.950
1.343
0.940
1.151
1.544
1.599
1.006
1.198
1.573
1.355
1.691
1.554
1.310
0.874
1.031
1.037
0.844
1.085
0.971
1.126
1.361
1.187
0.945
1.506
1.257
1.649
1.150
1.351
1.100
1.692
1.274
0.990
0.917
1.188
1.029
1.246
0.975
1.543
1.328
0.921
0.886
1.321
1.357
0.984
0.850
1.435
1.294
1.592
1.614
1.577
1.209
1.139
0.902
1.633
1.637
1.301
1.413
1.296
1.639
1.657
1.130
1.206
1.302
1.521
0.909
1.366
0.908
1.375
0.985
0.986
1.310
0.903
0.996
0.937
1.143
1.682
1.280
1.485
1.044
1.636
1.298
1.088
1.243
1.406
1.338
1.475
0.844
1.135
0.936
1.446
1.302
1.190
0.976
1.244
1.444
1.509
1.384
1.274
1.196
1.244
1.099
1.088
1.241
1.149
1.055
1.507
1.493
1.363
0.934
1.395
1.119
1.419
1.000
1.103
1.180
1.009
1.047
1.013
1.288
1.482
1.020
1.139
0.943
1.268
0.924
1.216
0.889
0.932
1.406
0.959
1.202
1.219
0.895
1.030
0.871
1.004
1.354
1.363
1.430
1.560
1.211
1.394
0.847
0.874
1.310
1.373
1.313
2.135
1.245
1.322
1.494
1.375
1.389
1.237
1.331
1.170
1.354
0.898
1.707
1.004
1.618
0.925
1.468
1.008
1.653
0.921
1.457
1.184
1.263
1.263
1.604
0.960
0.927
1.264
1.406
1.196
1.282
1.442
1.519
0.954
0.945
0.932
1.614
1.568
1.302
1.137
1.221
0.987
1.202
1.406
1.286
1.440
0.975
0.906
1.427
1.142
1.040
1.001
1.339
1.757
1.453
1.451
1.539
1.312
0.900
1.037
1.143
1.341
0.952
1.310
1.471
1.229
1.509
0.984
1.391
1.356
1.211
1.383
1.158
0.935
1.013
1.339
1.539
1.219
1.262
1.319
0.900
1.444
1.429
1.347
1.263
1.307
1.247
1.010
1.339
1.498
1.389
0.974
1.230
1.118
0.810
1.147
1.138
1.146
1.231
1.294
0.921
1.302
0.946
1.171
1.052
0.990
1.556
1.005
1.252
0.874
1.544
0.967
0.933
0.972
1.560
1.143
1.034
0.902
1.327
1.310
1.236
1.123
0.999
1.158
1.375
0.995
1.015
1.000
0.895
1.068
1.265
1.554
1.511
1.418
1.030
1.197
1.135
1.094
1.274
1.022
0.964
0.978
1.340
1.316
0.929
0.875
1.311
1.361
1.589
1.106
1.394
1.372
0.941
1.360
1.297
1.100
1.310
1.118
1.210
1.415
0.991
1.260
1.278
1.310
1.345
1.329
0.885
0.896
1.605
0.906
1.032
1.479
1.126
0.953
1.084
1.161
0.917
1.215
1.459
1.373
1.119
1.122
1.177
1.420
1.477
1.444
1.587
1.277
1.708
1.464
1.277
1.248
1.383
1.272
1.458
1.247
1.361
0.973
1.438
0.953
1.139
0.882
1.332
1.444
1.160
1.507
1.520
1.286
1.411
1.550
1.349
0.890
0.865
1.411
1.279
1.381
1.270
1.866
1.259
1.332
1.359
1.489
1.096
1.655
1.588
1.543
1.507
1.333
1.497
1.559
1.010
0.942
1.403
1.228
1.535
1.450
1.177
1.132
1.531
0.939
1.112
1.254
0.900
1.346
1.085
1.193
1.437
1.000
1.235
0.981
1.023
1.162
1.388
0.995
0.953
1.524
1.219
0.878
1.487
1.494
2.412
1.324
1.023
1.052
1.281
0.929
1.152
0.891
1.200
1.543
1.382
1.205
1.323
1.520
1.195
1.417
1.468
1.238
0.932
0.037
1.636
0.916
1.021
1.401
1.546
1.535
1.248
1.148
1.286
1.267
1.245
1.153
1.596
0.897
1.327
1.331
1.263
0.998
1.592
1.281
0.980
1.378
1.252
1.576
1.299
1.065
1.009
0.972
1.200
1.418
1.205
0.936
1.163
1.523
0.927
1.173
1.315
1.037
1.371
1.282
1.293
1.006
1.223
1.186
1.162
1.367
1.660
1.404
0.897
1.161
1.003
0.964
1.474
1.253
1.408
1.479
1.302
0.944
0.943
1.360
0.903
1.016
1.432
1.623
1.063
1.314
0.938
1.387
1.266
0.964
1.288
1.318
0.858
1.412
1.445
1.039
0.992
1.000
1.311
1.341
1.468
1.142
1.162
1.224
1.622
1.509
1.457
1.547
1.346
1.338
0.976
1.600
1.276
1.363
0.985
1.374
1.217
1.225
0.949
1.475
1.235
1.505
1.324
1.301
1.023
1.029
1.316
1.388
1.226
0.916
1.176
1.501
1.165
1.252
0.993
1.427
1.262
0.995
0.988
1.362
1.277
1.104
0.989
1.634
1.083
1.273
1.310
1.017
1.501
1.261
1.333
1.380
1.132
1.468
0.959
1.361
0.931
1.320
1.045
1.520
1.160
1.593
1.323
1.126
1.032
1.209
0.927
1.376
0.983
1.213
1.208
1.259
1.006
1.206
0.967
1.213
1.197
1.123
1.443
1.574
1.165
1.356
1.323
1.083
1.152
1.319
1.241
1.227
1.190
1.595
1.356
1.310
0.900
0.883
0.915
0.868
1.386
1.322
1.074
1.264
0.918
1.462
1.112
0.956
1.416
0.861
1.475
0.963
0.958
0.951
1.475
1.719
0.896
1.054
1.356
1.158
1.318
1.502
1.679
1.185
1.333
0.971
0.874
1.001
1.321
1.009
1.293
1.606
0.984
1.198
1.019
1.451
1.368
1.005
1.700
0.850
1.469
1.084
0.973
1.592
1.454
0.891
1.124
0.953
1.035
1.355
1.266
1.287
1.297
1.451
1.196
1.205
0.886
1.502
1.370
1.245
1.034
1.321
0.944
1.266
0.943
1.042
1.439
1.507
1.489
1.067
0.935
1.262
1.162
1.243
1.081
0.941
1.562
1.560
1.471
1.562
0.905
1.500
1.312
1.017
1.265
1.189
1.275
0.909
1.413
1.400
1.374
1.203
1.019
1.275
1.173
1.220
0.992
1.348
1.019
1.161
1.361
1.230
1.381
1.233
1.658
0.949
0.904
1.343
1.842
1.268
1.395
1.376
0.925
1.396
0.923
1.016
1.359
1.185
1.107
1.447
1.498
1.476
1.128
0.946
1.333
1.012
1.533
1.299
1.263
0.909
0.963
1.321
1.148
1.238
1.549
0.988
1.345
1.165
1.337
1.278
0.975
1.703
1.206
0.924
0.839
1.346
0.899
1.180
1.154
1.048
0.869
1.336
0.903
0.944
1.286
1.322
1.376
0.070
1.285
1.274
1.075
0.922
1.428
1.404
0.975
1.150
1.066
0.911
1.344
0.888
1.475
1.422
0.926
1.613
0.977
1.525
1.371
1.372
1.240
1.202
1.568
0.905
1.527
1.127
1.106
1.086
1.351
0.984
1.405
1.312
1.189
1.447
1.474
1.515
0.928
1.463
0.963
1.187
1.019
0.986
0.949
1.283
1.241
1.245
0.946
1.142
0.988
1.352
1.346
1.277
0.855
0.876
0.937
1.297
1.544
1.222
1.594
1.190
0.998
0.912
1.359
1.470
1.628
1.182
1.271
1.177
1.541
1.237
0.966
1.371
0.978
1.294
1.237
1.044
0.955
1.555
1.361
1.096
1.012
1.307
0.983
0.955
1.252
1.532
1.252
1.030
1.327
1.543
1.170
0.926
1.411
1.284
1.423
1.219
0.979
1.541
1.397
1.642
1.296
0.908
0.970
1.339
1.079
1.398
1.678
1.196
1.661
1.327
1.215
1.165
1.515
1.025
1.188
1.148
1.332
1.292
1.336
0.997
1.337
1.289
1.332
0.955
1.211
1.336
0.892
1.020
1.208
1.372
0.911
1.244
1.207
1.380
0.988
0.971
1.404
0.957
0.935
1.035
1.300
1.200
1.197
1.173
1.333
0.926
1.417
1.472
1.376
1.333
1.261
1.065
1.265
1.266
1.422
1.285
1.333
1.208
0.876
1.260
1.234
1.444
0.845
0.920
1.309
1.330
1.512
0.956
1.415
1.465
1.314
1.321
1.487
1.227
0.948
0.950
1.442
1.302
1.197
1.350
1.446
0.976
1.367
1.211
0.923
1.579
0.881
1.100
1.356
1.503
1.498
1.395
1.176
1.211
1.068
1.260
0.970
1.339
0.925
1.210
1.466
1.260
1.059
1.050
0.834
1.505
0.871
0.895
1.401
1.468
1.250
1.093
0.877
1.603
1.262
1.399
1.472
1.529
1.192
1.460
1.338
1.038
0.870
0.907
0.856
1.511
0.895
0.995
1.368
1.568
1.306
1.768
1.183
1.517
0.993
1.380
1.585
1.103
1.525
1.184
1.459
1.642
1.358
1.597
1.108
1.355
0.956
1.388
0.992
1.274
1.277
1.080
1.307
1.390
1.428
1.338
1.254
1.148
1.402
1.457
0.921
1.371
0.879
1.381
0.945
1.346
1.362
0.973
1.491
0.915
1.100
1.517
1.354
1.467
0.969
1.497
1.340
1.531
0.977
1.261
1.235
1.341
1.463
1.269
1.525
1.337
1.228
1.221
1.536
0.993
1.077
1.404
1.056
0.955
0.990
1.379
1.231
1.371
1.357
0.926
0.988
1.290
0.917
0.928
1.164
1.624
1.525
1.383
1.076
1.281
1.031
1.245
1.363
1.417
1.360
1.482
1.182
1.000
1.067
1.584
1.313
0.967
1.205
1.261
1.107
0.863
1.361
1.097
1.270
1.284
1.402
0.878
1.307
1.232
1.164
0.913
1.401
1.407
1.348
0.886
1.449
1.509
1.347
0.955
1.403
0.874
1.498
1.215
1.417
1.415
1.269
1.004
1.353
0.896
1.073
1.386
1.214
1.201
0.929
1.043
1.568
1.165
1.682
1.321
1.326
1.288
1.508
1.577
0.953
1.347
1.442
1.269
1.332
1.116
1.447
1.270
1.387
0.823
1.377
1.598
1.360
1.595
1.092
1.645
1.233
1.201
1.513
1.033
1.326
1.390
1.403
0.900
1.328
1.628
1.343
1.285
1.537
0.873
1.065
1.004
1.434
0.985
0.862
1.637
1.310
1.273
1.549
1.266
0.947
0.913
0.970
0.935
1.423
0.865
1.388
1.264
1.591
1.335
0.946
1.442
1.101
1.188
1.080
1.400
1.524
1.298
1.594
1.302
1.472
1.124
1.001
1.407
1.273
1.028
1.110
1.390
1.508
1.370
1.269
1.164
1.570
1.351
1.729
1.242
1.400
1.594
0.965
1.245
1.157
0.991
1.704
0.916
1.522
1.137
1.233
1.327
1.379
1.153
1.406
1.320
1.289
1.474
1.489
1.630
1.293
1.561
1.381
1.236
1.595
1.192
0.978
0.998
1.429
1.305
1.267
0.967
0.866
1.420
1.356
0.902
0.896
1.677
1.534
1.335
1.123
1.210
1.348
1.142
1.157
1.505
1.197
1.335
1.481
0.912
1.075
1.143
0.953
1.291
0.905
1.406
1.046
1.075
1.435
1.022
1.489
1.433
1.235
1.092
0.958
1.182
1.464
1.365
0.980
1.068
1.230
1.396
0.877
1.308
0.958
1.184
1.568
1.184
1.202
1.232
1.313
1.406
1.235
1.132
1.312
1.298
1.460
1.406
1.293
1.003
1.429
1.158
1.495
0.970
1.305
1.675
1.238
1.783
0.899
1.062
1.153
1.060
1.449
1.261
1.420
0.973
0.997
0.967
0.904
1.154
0.913
1.228
0.925
1.448
1.285
1.309
1.220
1.368
1.318
1.216
0.948
1.174
1.319
1.219
1.109
1.254
0.983
1.316
1.521
1.127
1.117
1.142
0.928
1.791
0.874
1.309
1.473
1.260
0.944
1.018
0.994
1.444
1.053
0.829
1.400
1.491
1.616
0.923
1.334
1.318
0.968
1.489
1.248
1.361
1.582
1.065
1.199
1.507
1.299
1.392
1.299
1.398
1.281
1.355
0.939
0.895
0.993
0.975
1.575
1.271
1.435
1.492
1.596
0.930
1.346
1.066
1.043
1.592
1.344
1.316
1.054
1.207
0.901
0.924
1.375
0.999
1.161
0.996
0.951
1.541
1.431
1.531
1.410
1.314
1.310
0.888
1.682
1.037
1.113
0.870
1.416
1.196
1.443
1.548
1.147
1.000
1.288
1.192
1.019
0.941
1.409
0.939
1.051
1.277
1.320
1.283
1.278
1.175
1.279
1.368
1.397
1.414
1.332
0.956
1.046
1.351
1.407
1.135
1.071
1.030
1.336
1.338
1.074
1.550
1.115
1.589
1.409
1.465
0.932
1.403
1.576
1.248
0.837
1.016
1.459
1.653
1.118
1.002
1.411
1.477
1.404
1.742
1.320
1.483
1.372
1.244
0.899
1.461
1.217
1.608
0.938
1.544
0.909
1.392
1.474
1.148
1.388
0.897
1.547
1.298
1.383
1.399
1.078
1.453
1.150
0.903
1.120
0.949
1.026
0.907
1.456
1.406
1.460
1.312
1.629
0.925
1.305
1.512
1.409
1.028
0.889
1.293
0.956
1.208
0.954
1.383
1.563
0.964
1.049
1.056
1.464
1.349
0.998
1.455
1.284
0.978
1.151
1.589
1.230
1.535
1.561
0.929
1.612
1.181
0.920
1.348
0.956
1.299
0.881
1.088
0.917
1.253
1.327
1.054
1.338
1.429
1.149
1.321
1.316
0.917
1.292
1.416
0.980
1.297
1.488
1.170
1.321
0.923
1.057
1.182
1.255
1.542
1.367
1.360
1.509
1.310
1.255
0.968
1.214
0.991
1.437
1.392
1.017
0.995
0.992
1.102
1.093
1.376
1.186
0.983
0.939
1.297
1.187
1.103
0.897
1.234
1.283
1.758
1.423
1.220
0.966
1.230
1.253
1.286
1.433
0.904
0.909
1.006
0.963
1.434
1.373
1.325
1.083
1.295
0.999
0.980
0.937
1.505
0.900
1.318
1.274
1.263
1.406
0.913
1.452
1.060
1.448
1.254
0.873
1.012
1.429
1.435
1.019
0.849
1.472
1.127
1.233
0.923
1.336
1.148
0.922
1.487
1.320
1.102
0.940
0.884
1.473
1.268
0.965
1.625
1.469
0.918
1.213
1.044
1.237
1.364
1.052
1.467
1.359
1.323
1.534
1.282
1.384
1.372
1.577
1.402
1.278
0.943
1.519
1.025
1.074
1.329
1.160
0.922
1.377
1.202
1.528
1.148
1.329
0.958
0.874
1.307
1.248
1.464
1.262
0.965
0.961
0.927
0.880
1.399
1.096
1.126
0.864
1.540
1.362
0.897
1.513
1.268
1.337
1.486
1.342
1.402
1.684
1.534
1.595
1.333
1.342
0.980
0.901
1.165
1.269
0.934
1.314
1.500
1.273
1.435
0.956
0.857
1.146
0.992
1.395
1.443
1.699
1.236
1.178
1.323
1.514
1.318
1.513
1.211
1.340
1.197
0.910
0.973
1.508
0.914
1.345
1.108
1.117
1.132
1.055
1.138
0.955
0.906
1.429
0.951
1.196
1.517
0.889
1.036
1.168
1.295
0.972
1.283
0.930
1.222
1.006
0.865
1.084
1.350
1.304
1.354
1.177
1.331
1.511
0.964
1.108
0.966
1.373
0.964
0.937
1.444
1.263
0.892
1.044
0.958
1.251
1.587
1.122
1.287
1.268
0.966
0.920
1.262
1.397
1.421
0.894
1.240
1.629
1.695
1.421
1.239
1.468
1.646
1.275
1.649
1.625
1.705
1.037
1.237
0.935
1.213
0.977
1.087
1.264
1.389
1.338
1.062
1.656
1.328
1.209
1.155
0.910
1.048
1.294
0.995
1.084
1.496
1.288
1.242
1.089
1.076
1.672
0.869
1.534
1.466
0.955
0.820
1.326
1.573
1.481
1.454
1.231
1.449
0.964
1.438
1.405
1.534
0.919
1.374
0.991
1.356
1.425
0.863
0.941
1.200
1.241
0.909
1.316
0.932
1.328
1.098
1.075
0.955
1.544
1.191
1.316
1.029
1.325
1.136
1.537
1.199
1.086
1.157
1.267
0.900
1.225
1.114
1.556
1.498
1.179
1.571
1.704
1.335
1.460
1.418
1.039
0.930
0.901
1.229
1.597
1.324
1.367
1.162
1.265
1.168
1.041
1.479
0.914
1.011
1.006
1.274
1.586
1.197
1.405
1.300
1.053
0.820
1.541
1.217
0.999
1.074
0.941
1.581
1.568
1.135
0.876
1.337
1.365
1.380
1.289
0.917
1.053
1.023
0.939
1.333
0.951
0.946
1.185
1.610
1.134
0.923
1.369
0.869
0.983
1.251
1.305
1.239
1.309
0.910
1.528
1.405
1.007
0.922
1.334
1.291
0.931
1.451
1.466
1.138
0.916
0.893
0.945
1.204
1.683
0.991
0.903
1.018
0.883
0.737
1.428
1.047
1.395
1.289
1.400
1.253
1.039
1.436
1.331
1.607
1.008
1.360
1.426
1.205
0.934
1.101
0.948
0.899
1.238
1.188
1.336
0.902
1.443
0.917
1.289
1.334
1.219
1.211
0.938
0.895
1.482
1.408
1.269
1.322
1.203
1.321
1.467
1.189
1.198
1.261
0.974
1.495
1.282
1.045
1.224
1.623
0.929
0.927
1.300
1.405
1.310
1.458
0.870
1.302
0.915
1.305
0.902
1.460
0.944
0.867
1.398
1.291
1.264
1.209
1.281
1.388
0.938
1.419
0.880
1.393
1.160
0.971
1.596
0.985
1.506
1.083
1.583
1.563
1.718
1.117
1.225
1.175
1.253
1.330
1.314
0.953
1.043
1.358
0.966
1.199
1.589
1.210
1.082
1.264
0.962
0.969
1.342
0.931
1.228
1.186
1.014
0.901
1.364
1.488
1.466
1.362
1.345
1.051
1.437
1.377
1.391
1.261
1.226
1.709
0.923
1.705
1.307
1.533
1.272
0.975
1.418
1.875
0.917
1.183
0.974
1.265
1.400
1.391
1.488
1.667
1.550
0.905
1.142
0.987
1.489
1.246
1.307
1.410
1.411
1.324
1.240
1.778
0.987
1.241
1.236
0.930
1.595
1.541
1.331
1.053
1.186
1.013
0.901
0.887
1.646
1.550
0.969
1.444
1.000
1.183
1.150
1.259
0.873
1.004
1.017
1.196
1.219
0.993
1.660
0.945
1.601
1.276
1.604
0.854
1.021
1.396
1.224
0.976
1.503
1.374
1.225
1.674
1.502
1.428
1.404
1.265
1.233
1.146
1.083
1.096
1.366
1.271
1.340
0.946
1.636
1.248
0.920
0.848
1.295
1.223
1.267
1.621
0.900
0.951
1.564
1.413
1.277
1.105
0.925
0.892
1.503
1.257
1.166
1.366
1.472
1.496
1.145
1.153
1.022
0.861
1.429
1.238
0.912
1.319
1.314
0.920
1.264
1.420
0.998
1.540
1.388
1.242
1.178
1.104
1.543
1.055
1.175
1.063
1.143
0.986
1.302
1.294
1.188
0.906
0.886
0.945
1.152
1.355
1.244
0.903
1.004
1.359
1.305
2.936
1.615
1.570
0.858
1.399
1.022
1.701
1.241
1.152
1.527
0.985
1.513
0.923
0.917
1.332
1.240
1.500
1.371
1.104
1.332
1.229
0.966
1.177
1.165
1.015
0.885
0.854
1.502
0.978
1.345
0.985
1.149
1.240
0.998
1.169
1.000
1.091
1.346
1.234
1.439
1.420
1.276
0.961
1.079
1.206
1.376
1.243
1.053
1.412
1.141
1.450
0.925
0.950
1.406
1.343
1.446
0.996
1.065
1.414
1.387
1.436
1.241
0.938
1.116
1.563
1.051
1.442
0.914
1.189
1.186
1.331
1.862
0.962
1.109
1.262
1.537
0.961
1.221
1.094
1.382
1.059
1.040
1.425
1.351
1.306
1.232
0.935
1.370
1.425
1.209
1.236
1.243
1.271
1.260
1.629
1.254
1.594
0.967
1.042
1.571
1.615
1.491
1.219
1.252
0.966
1.360
1.487
0.880
1.471
1.349
1.385
1.308
1.368
1.339
0.915
1.079
1.210
0.935
1.425
1.402
0.919
0.977
0.861
1.043
0.902
1.111
1.098
1.333
0.936
1.169
1.466
1.258
1.119
1.078
1.347
1.352
1.005
1.751
1.478
1.498
1.285
1.026
1.394
1.333
1.300
1.280
1.470
0.851
1.237
1.115
1.528
0.856
1.002
1.283
1.546
0.995
1.029
0.987
1.014
0.986
0.984
1.651
1.230
1.343
1.014
0.966
1.010
1.198
1.042
1.019
0.828
1.523
1.516
1.143
0.942
1.400
1.180
1.263
1.262
1.438
0.899
0.928
0.885
1.433
1.114
1.221
1.022
1.272
1.319
1.400
0.934
1.424
1.273
1.372
1.298
1.441
1.217
1.517
1.098
1.287
1.828
1.393
0.863
1.647
0.861
1.321
1.444
0.969
1.425
0.971
1.443
1.288
1.591
1.019
1.272
1.463
0.871
1.444
1.231
1.236
1.499
0.925
0.988
1.301
0.953
1.235
1.405
1.203
1.239
1.448
1.415
1.680
1.336
1.603
1.392
1.417
0.929
1.398
0.883
0.982
1.279
1.358
1.161
1.473
1.216
1.599
1.005
1.204
1.235
1.489
0.947
1.096
1.202
1.307
0.850
1.153
1.195
1.273
0.959
1.361
1.235
0.941
1.282
1.531
1.426
1.271
1.364
1.293
1.148
1.286
1.328
1.275
1.269
1.118
1.357
1.092
1.037
1.317
0.811
1.139
1.150
1.366
1.415
1.429
1.439
1.304
1.565
1.147
1.292
0.966
0.986
0.914
0.955
1.448
1.299
1.350
1.005
1.456
1.177
0.887
1.244
1.204
1.121
1.345
1.187
1.215
1.355
0.920
1.514
1.217
1.003
1.026
1.143
1.341
0.903
1.363
1.215
1.127
1.110
1.528
1.293
1.175
1.527
0.914
1.128
1.663
1.506
1.054
1.252
1.036
0.901
0.915
1.424
1.479
1.409
1.086
1.395
1.194
0.914
1.597
1.434
0.906
1.158
1.385
0.919
1.104
1.201
1.044
1.087
1.257
1.160
1.370
1.474
1.157
1.005
1.499
0.975
1.456
1.413
1.332
0.981
0.930
1.472
1.548
1.282
1.272
1.233
1.251
1.451
0.891
0.950
1.399
1.135
1.536
0.922
1.357
1.460
1.021
0.909
1.221
1.156
1.403
1.288
0.958
1.012
0.964
1.053
1.257
1.144
1.106
1.354
1.526
0.988
0.978
1.703
0.999
1.474
1.394
0.909
1.410
1.205
1.395
1.137
1.246
1.194
1.201
1.029
0.891
1.336
1.388
1.512
1.194
1.334
1.412
1.314
1.310
1.627
1.072
1.272
1.348
0.915
1.101
1.210
1.566
1.083
0.971
0.993
0.937
1.496
0.923
1.412
1.768
1.294
1.361
1.357
1.250
1.213
0.944
1.553
1.354
1.482
1.473
1.415
1.495
1.158
1.524
1.007
1.403
1.500
1.307
1.073
0.884
1.139
1.335
0.970
0.888
1.426
1.418
1.242
1.356
1.433
1.322
0.920
1.367
1.493
1.140
1.454
0.957
1.033
1.173
1.321
0.945
0.988
1.233
1.505
1.216
1.198
1.555
1.215
1.032
0.910
0.891
1.375
1.243
1.309
1.518
1.085
0.901
1.023
1.411
1.373
1.151
0.880
1.640
1.256
0.979
1.347
1.012
1.559
1.821
1.162
1.112
1.265
1.002
0.945
1.364
1.280
0.873
1.339
0.839
1.556
1.151
1.257
0.956
1.010
1.521
1.367
1.400
0.924
0.909
0.986
1.220
1.274
0.874
1.438
1.677
1.438
1.279
1.202
1.114
1.415
1.138
1.427
1.610
1.003
0.930
0.957
1.157
1.381
1.047
1.263
0.960
1.166
1.522
1.103
1.593
1.162
1.349
1.375
1.498
1.060
1.305
1.329
1.427
0.932
1.272
0.926
1.552
1.337
1.195
1.156
1.464
1.226
1.413
0.902
1.523
0.901
1.241
1.599
0.947
1.152
1.117
1.320
1.202
1.653
1.160
1.260
0.993
1.234
1.338
0.927
1.428
1.344
1.394
1.422
1.255
1.350
1.300
0.992
1.287
0.896
1.417
0.850
1.295
1.135
1.349
0.928
1.432
0.873
1.399
1.326
0.948
1.280
0.822
1.454
1.272
1.329
1.599
1.607
0.956
1.074
1.472
1.068
1.287
1.034
1.471
1.104
1.254
1.157
1.662
1.013
0.900
1.015
1.352
1.310
1.074
1.109
0.905
1.368
1.314
1.132
0.917
1.147
0.965
1.132
1.264
1.301
1.211
1.333
0.887
1.533
1.563
0.989
1.553
1.365
1.165
0.955
1.632
1.569
1.431
1.538
0.908
0.924
1.616
1.151
1.504
1.184
0.884
1.485
0.908
1.217
0.892
0.985
1.020
1.347
1.010
1.545
0.919
1.340
1.431
1.199
1.202
1.394
1.250
1.327
1.054
1.036
1.013
1.185
1.114
1.114
1.703
0.839
1.381
0.852
1.155
1.845
0.978
1.271
1.030
1.277
1.191
1.025
0.915
0.985
1.076
1.427
1.491
1.503
0.948
1.018
1.688
1.491
1.344
1.391
1.470
1.100
1.486
1.404
1.472
0.844
1.604
0.968
1.572
0.952
1.165
1.292
0.842
1.436
1.256
1.254
0.875
1.390
1.547
1.430
0.961
1.156
0.881
0.816
1.058
1.509
1.476
1.328
1.130
1.265
0.934
1.431
1.020
0.866
1.358
1.308
1.399
1.314
1.609
1.503
1.098
1.176
1.170
1.509
0.971
1.265
1.300
1.397
1.319
1.398
1.466
1.016
0.865
1.456
1.211
1.002
0.970
1.324
0.929
1.226
1.413
1.186
1.609
1.034
1.776
1.288
1.357
1.479
1.074
1.449
0.884
1.354
0.937
1.131
1.147
1.407
0.907
0.939
1.464
1.322
0.987
1.150
1.386
1.476
1.103
1.257
1.517
0.897
1.412
1.359
1.290
1.563
1.017
1.613
1.057
1.493
1.349
1.288
1.332
1.517
1.348
1.049
1.310
1.514
1.086
1.604
1.067
1.224
1.070
1.222
1.151
1.291
1.035
1.424
1.562
1.570
1.678
1.494
1.213
1.521
1.518
1.323
0.894
0.929
1.202
1.476
1.125
1.069
1.638
1.282
1.396
1.282
1.201
1.369
1.266
1.224
0.899
1.276
1.316
1.123
0.900
0.952
1.159
1.385
1.277
1.152
0.878
1.522
1.256
1.469
1.539
1.212
1.169
0.974
1.340
1.311
1.620
1.285
1.327
1.192
1.396
1.385
1.080
1.304
1.407
1.314
1.433
1.224
1.113
1.374
1.546
1.333
0.994
1.323
0.901
1.347
1.200
0.927
1.408
1.325
0.860
1.632
0.870
1.119
0.899
0.995
1.368
1.275
0.959
1.692
1.312
1.491
1.515
0.978
1.109
0.923
1.276
0.975
0.928
1.519
0.992
1.103
1.416
1.359
1.026
1.267
1.214
0.925
1.083
1.372
0.848
1.436
1.296
1.315
1.400
1.480
1.311
1.452
0.902
1.370
1.311
1.382
1.285
0.946
1.314
1.456
0.846
0.930
0.829
1.431
1.189
1.121
1.210
1.387
1.159
0.927
0.884
1.312
1.299
1.381
0.894
0.908
1.680
1.139
1.426
0.971
1.289
1.086
1.002
1.594
1.517
1.153
1.193
1.318
1.585
0.934
0.944
1.170
1.446
1.481
1.443
1.225
0.943
1.504
1.457
0.934
0.993
1.223
0.919
1.078
1.460
0.937
1.394
1.300
1.359
1.328
1.528
0.902
0.909
1.318
1.215
1.392
0.995
0.888
1.418
1.231
1.241
1.299
0.926
0.950
1.190
1.162
1.405
1.213
1.319
1.132
1.017
1.305
1.412
1.363
1.518
1.122
0.947
1.373
1.286
1.153
1.320
1.759
1.500
0.955
1.393
1.464
1.089
0.916
1.192
1.529
1.464
1.077
1.277
1.633
1.466
1.257
1.385
1.040
0.998
1.215
0.978
0.905
1.065
1.059
1.564
1.310
1.284
0.931
1.004
1.254
1.280
1.253
1.534
1.113
1.406
1.397
1.448
1.154
1.302
1.237
0.941
1.561
1.506
1.089
1.398
1.019
1.286
1.291
1.399
0.829
1.023
0.901
1.195
1.233
1.549
1.378
1.289
1.031
1.417
1.660
1.383
1.212
1.198
1.184
1.484
0.913
1.212
1.401
1.298
1.237
1.073
1.170
1.360
1.045
1.662
1.420
1.256
0.994
0.941
1.206
1.452
0.867
1.118
1.109
1.413
1.423
1.356
1.221
1.411
1.171
1.401
1.251
1.538
1.559
1.117
0.928
0.954
1.217
0.964
0.936
1.327
1.435
0.901
1.004
0.901
1.583
0.871
1.496
0.992
1.493
1.156
0.962
1.078
1.130
1.151
0.925
1.161
1.202
1.314
1.306
1.135
1.285
1.331
1.278
0.986
1.071
1.372
1.294
1.047
0.837
1.151
0.900
1.044
0.961
1.490
1.437
1.292
1.179
1.522
1.230
1.401
1.568
0.959
1.116
1.188
0.910
1.322
1.085
1.517
1.557
1.304
1.229
1.487
0.927
1.661
1.394
1.144
1.166
1.285
1.220
0.046
0.942
1.010
1.291
0.886
1.300
1.319
1.297
0.885
1.558
1.509
0.958
0.898
1.143
1.369
1.237
1.444
1.427
1.274
1.120
1.402
1.314
1.213
1.234
1.301
1.118
1.057
0.929
0.910
1.573
1.272
0.997
1.240
1.137
1.475
1.305
1.312
1.414
0.972
1.485
1.090
1.388
1.491
0.811
1.334
0.955
1.315
0.895
1.039
0.909
1.167
0.975
1.215
1.473
1.023
1.898
0.989
1.284
1.353
1.385
1.234
0.897
1.165
1.395
1.007
1.492
1.594
1.312
1.164
1.506
1.270
1.257
1.489
0.867
1.111
1.321
1.354
1.324
1.031
1.270
1.148
1.171
1.329
1.457
1.069
1.297
1.562
1.072
1.308
1.370
1.227
1.333
0.930
1.608
1.272
1.752
1.364
0.979
1.143
1.340
1.376
0.907
1.518
0.862
0.949
1.055
1.676
1.287
1.255
1.236
1.191
1.221
0.876
1.176
0.918
1.231
1.322
1.273
1.355
1.077
1.341
0.939
1.303
1.123
1.352
0.927
0.966
1.369
1.207
1.354
1.442
0.891
1.053
1.467
1.303
1.348
1.301
1.349
0.968
1.318
1.252
1.592
1.032
1.367
1.306
1.478
1.037
1.295
0.947
1.052
1.401
1.333
1.135
1.192
1.090
0.965
1.377
0.932
0.829
0.984
0.932
1.496
1.214
1.358
1.224
1.259
1.607
1.242
0.904
1.409
1.299
1.766
1.307
1.152
1.406
0.971
0.999
1.541
1.289
1.743
1.421
1.605
0.988
1.223
1.555
0.945
1.105
0.986
0.970
1.413
0.925
0.961
0.919
1.446
1.090
1.344
1.309
0.910
1.349
1.345
1.277
1.288
1.770
1.315
1.311
1.550
0.936
1.057
1.429
1.250
1.102
1.204
1.432
0.942
1.277
1.306
0.932
1.414
1.106
1.406
1.048
1.441
1.290
1.514
0.972
1.225
1.626
1.195
1.539
0.946
1.292
1.555
1.605
1.371
1.170
0.939
1.079
1.394
1.354
1.355
1.442
1.249
1.110
1.298
1.387
1.446
1.058
1.428
1.150
1.375
1.446
1.284
1.389
1.598
1.209
1.363
0.927
1.263
1.410
1.420
0.868
0.915
1.042
1.070
1.384
1.229
0.985
1.161
1.027
1.476
0.958
1.518
0.875
1.462
1.456
1.318
1.557
0.986
1.131
1.401
1.176
1.156
1.498
1.338
1.305
0.993
1.428
1.493
1.187
1.293
1.291
1.235
1.378
1.375
0.929
1.184
1.218
1.383
0.930
1.342
0.938
1.481
0.986
0.957
0.952
1.017
1.468
0.943
1.320
1.489
0.928
1.679
0.926
1.417
0.918
1.309
1.324
1.233
1.290
1.023
1.438
1.402
1.541
1.527
0.916
1.048
1.406
1.434
1.355
1.284
1.015
0.860
1.045
1.182
1.152
0.915
0.947
0.902
1.408
1.014
1.076
0.950
0.986
1.296
1.240
1.605
1.536
1.155
0.900
1.434
1.665
0.792
1.069
1.573
1.400
1.263
1.341
0.884
1.444
1.015
1.191
1.191
0.937
1.043
1.578
1.195
1.414
1.251
1.112
1.239
0.945
1.224
1.132
1.530
1.613
0.998
1.156
1.195
1.002
1.348
1.264
1.205
1.231
1.254
0.896
1.544
0.917
0.980
1.390
0.947
1.240
1.350
0.888
1.360
0.949
1.193
1.168
1.403
1.106
1.001
1.008
1.554
0.882
1.277
1.367
1.420
1.684
1.101
1.013
1.089
0.936
1.459
0.886
0.962
0.852
1.345
1.293
1.192
1.217
1.269
1.386
1.591
0.992
1.329
1.170
1.401
1.006
1.475
0.839
1.403
0.901
1.002
1.234
1.320
1.224
1.095
1.397
1.350
1.152
0.977
1.427
1.312
1.235
1.236
1.291
1.167
0.993
0.988
0.938
1.222
0.941
1.286
1.004
1.238
1.437
1.035
0.958
0.040
1.397
1.133
1.059
1.106
1.057
1.096
1.109
1.532
1.429
1.383
1.452
1.327
1.146
1.502
1.108
1.349
0.964
0.945
1.527
1.067
1.232
1.291
1.166
1.308
1.374
1.352
0.924
1.192
1.333
1.536
1.268
1.446
0.959
1.299
1.327
1.277
1.301
1.433
1.304
1.221
1.704
1.323
0.904
0.862
1.459
0.898
1.141
1.310
1.463
1.762
0.883
1.451
1.295
1.010
1.109
0.943
1.587
1.428
0.946
1.579
0.950
1.293
1.240
0.904
1.543
1.452
1.343
0.915
1.042
0.969
1.359
1.279
1.481
1.321
1.493
1.174
1.231
0.896
1.103
1.162
1.491
1.270
1.253
1.144
1.263
1.002
1.376
1.403
1.492
1.364
0.939
1.202
1.037
0.862
1.371
1.342
1.392
1.318
0.887
0.894
1.427
1.212
1.660
1.288
1.182
1.044
0.921
1.506
0.921
1.449
1.477
1.296
1.110
1.667
1.177
1.199
1.248
1.618
1.413
1.027
0.959
0.896
1.453
1.313
0.947
2.007
2.216
0.910
1.171
0.935
0.929
1.519
1.354
0.821
0.938
1.605
1.374
1.427
0.992
1.182
0.972
1.145
1.484
0.986
1.377
1.394
1.307
1.142
1.611
1.327
1.155
1.031
1.319
1.346
0.905
1.280
1.277
1.679
1.593
1.022
0.970
1.479
1.311
1.232
1.431
1.337
1.220
1.385
1.425
1.281
0.977
0.977
1.186
0.922
0.822
1.572
1.300
0.953
1.384
1.303
1.334
1.163
1.366
1.723
1.351
1.389
0.908
1.474
1.352
1.247
1.184
1.011
1.253
0.919
1.469
0.956
1.295
0.871
1.335
0.941
1.470
1.310
1.185
1.054
1.073
1.442
1.335
1.340
1.376
1.230
0.940
1.587
1.186
1.056
1.453
1.689
1.004
1.310
1.396
1.407
1.391
0.869
1.402
0.940
1.453
1.516
1.467
1.324
1.417
0.892
1.309
1.369
1.562
1.480
0.898
0.934
1.459
0.942
0.903
1.096
1.243
1.385
0.879
1.202
1.599
1.441
1.360
1.550
1.031
1.199
1.269
1.364
1.020
1.158
1.165
0.973
0.988
1.024
1.041
0.950
0.918
1.446
1.355
1.040
1.110
0.954
1.271
1.006
1.301
1.380
1.122
1.419
1.494
1.184
1.084
1.331
1.343
1.597
0.978
1.184
1.296
1.008
1.334
0.910
1.262
1.239
0.959
1.371
0.959
1.253
1.498
1.324
1.089
1.012
1.039
1.422
1.576
1.456
0.930
1.004
1.148
1.383
1.002
0.874
1.407
0.862
1.337
1.001
0.964
0.956
1.327
1.144
1.091
1.552
1.328
1.150
1.036
1.209
0.933
1.749
1.464
1.340
1.255
0.906
1.213
1.151
1.721
0.914
1.325
1.371
1.134
1.328
1.182
0.946
1.130
1.525
1.176
1.354
1.230
0.886
1.359
0.860
0.899
1.058
1.758
1.025
1.457
0.963
1.070
1.271
1.570
0.874
1.272
0.995
1.304
1.307
0.883
1.402
1.119
1.346
1.330
0.862
0.843
1.310
1.350
1.364
0.881
1.053
1.478
1.257
1.215
1.180
1.358
1.090
1.078
0.986
1.172
1.115
1.316
0.911
1.220
0.893
1.263
1.119
1.159
1.056
0.960
0.932
1.382
1.514
1.228
1.158
0.913
0.992
1.333
1.311
1.559
1.309
1.048
1.412
0.937
1.426
0.931
0.934
1.411
0.927
1.165
1.636
1.405
1.481
1.194
1.374
1.262
1.700
0.957
1.361
1.288
1.380
0.935
1.254
1.284
1.574
0.894
0.926
1.041
1.508
0.963
1.458
1.265
1.124
1.193
1.162
0.994
1.401
1.201
1.402
1.021
0.918
1.197
1.252
1.304
1.096
1.285
1.641
1.595
0.929
0.896
1.290
1.076
0.969
1.469
1.414
0.839
1.483
1.228
1.417
1.571
1.321
1.199
1.381
1.271
1.312
1.249
1.126
0.946
1.343
0.955
1.223
0.868
1.030
1.434
1.450
1.389
1.021
0.913
1.689
1.189
1.459
1.247
1.054
1.171
1.508
1.264
0.821
1.038
1.342
0.971
1.448
1.433
1.211
1.288
1.332
1.547
1.206
1.169
1.410
0.969
1.335
1.139
1.281
1.357
1.235
1.147
1.302
1.062
0.946
1.368
1.438
1.479
0.959
1.246
0.963
1.388
1.006
1.310
1.315
1.197
1.235
1.309
1.163
1.337
1.293
1.476
1.557
1.326
1.373
1.019
1.376
0.997
1.294
1.476
1.381
0.919
0.865
1.517
1.161
1.529
1.055
1.021
1.183
1.275
1.018
1.177
1.233
1.377
1.127
1.393
1.187
1.247
1.481
1.342
0.870
1.323
1.005
1.068
1.336
1.307
1.584
1.474
0.917
1.144
1.739
1.416
0.997
0.828
1.536
1.176
1.295
1.678
1.375
1.117
1.094
1.594
1.021
1.676
1.182
1.471
1.477
1.294
0.917
1.566
1.216
0.847
1.337
1.282
0.958
1.068
1.407
0.936
1.352
0.936
0.907
1.263
1.193
1.139
0.935
1.327
1.320
1.500
1.240
1.109
1.401
1.131
1.498
1.290
1.138
1.150
1.111
1.512
1.219
1.383
1.535
1.656
1.605
1.105
1.002
0.962
1.287
0.946
1.072
1.554
1.141
1.320
1.141
0.970
1.384
0.851
1.030
0.946
1.283
1.151
1.599
1.470
0.975
0.952
1.367
1.181
1.246
1.147
1.355
0.906
0.938
1.192
1.462
1.143
1.169
1.433
1.180
1.214
1.194
0.895
1.259
1.196
1.602
1.327
1.347
1.282
1.393
1.455
1.378
1.422
1.393
1.096
1.388
1.191
1.098
0.888
1.191
1.446
1.147
1.427
0.933
1.135
1.363
1.303
1.101
1.136
0.907
1.415
1.388
1.341
0.890
1.537
0.882
1.383
1.309
1.329
1.303
1.263
1.243
0.905
1.310
1.494
1.315
0.862
1.470
1.518
0.941
0.980
1.187
0.927
1.188
0.922
1.471
1.368
1.654
1.487
1.078
0.906
1.749
1.004
1.040
1.162
0.916
0.981
1.490
0.961
1.492
1.257
1.388
0.909
0.938
1.536
1.351
1.122
0.981
1.521
0.850
0.955
1.354
1.360
1.598
1.098
1.433
1.439
1.083
1.314
1.257
0.899
1.258
1.163
0.998
1.185
1.019
1.394
1.325
1.353
1.313
1.059
1.296
0.898
0.947
1.135
1.474
1.404
1.233
0.980
1.407
0.834
1.543
1.148
1.308
1.627
0.844
1.273
1.007
1.257
1.470
1.115
1.499
1.236
1.097
1.222
1.470
1.140
0.845
0.993
0.925
0.966
1.242
1.365
1.467
0.972
1.382
1.316
1.402
0.991
1.170
1.338
1.286
1.134
1.168
1.246
1.045
0.732
1.590
0.894
1.365
1.224
0.964
1.278
1.111
1.359
1.478
1.295
0.923
1.147
1.239
1.349
1.164
1.228
1.328
1.418
1.293
1.312
0.874
0.931
1.207
1.089
1.214
1.298
0.902
1.430
1.224
1.151
1.095
1.395
1.459
1.349
0.950
1.711
0.939
0.912
0.893
1.428
0.952
1.737
1.589
1.480
1.211
1.244
1.505
1.396
1.253
1.203
1.331
0.906
1.498
1.211
1.292
1.101
1.430
1.025
0.918
1.475
1.234
1.445
1.381
0.877
1.356
1.459
1.469
0.819
1.293
1.375
0.951
1.410
0.895
1.223
1.321
1.279
1.288
1.330
1.082
1.202
1.120
0.944
1.308
1.464
1.052
1.541
1.500
1.526
1.088
1.273
1.323
1.089
1.247
1.177
1.325
1.527
0.931
1.312
1.553
1.375
0.868
1.304
1.181
1.318
1.335
1.233
1.110
1.176
1.349
1.455
1.498
1.485
1.083
0.894
1.514
1.328
1.288
0.916
1.207
1.054
1.170
1.202
0.884
1.292
1.261
1.474
1.521
0.840
1.291
0.870
1.521
0.974
0.931
0.865
0.825
1.170
1.493
1.384
1.466
1.116
0.934
1.230
1.425
1.018
1.094
1.361
1.043
1.582
0.965
1.018
1.323
1.014
1.813
1.613
1.487
1.281
0.915
0.938
0.976
0.997
0.950
1.383
0.943
1.344
1.552
1.394
1.292
1.475
0.988
1.285
1.287
1.539
1.553
1.338
0.930
1.156
1.429
1.043
1.212
1.338
1.242
1.062
0.904
1.388
1.486
0.922
0.921
1.299
1.289
1.227
1.521
1.235
0.984
1.452
0.999
1.325
1.256
0.916
1.570
1.255
1.196
1.401
1.017
1.315
1.074
1.466
1.473
1.366
0.956
0.944
0.886
1.494
1.162
1.519
0.918
0.928
1.434
1.567
0.956
1.218
1.509
0.932
0.913
1.013
1.369
1.264
0.960
1.324
1.416
1.194
0.845
1.311
1.548
0.965
1.484
0.981
1.395
1.402
1.512
1.336
1.508
1.184
0.895
1.029
1.087
1.697
1.081
0.966
1.316
0.955
1.051
1.554
1.035
1.066
1.515
0.965
1.095
1.270
1.128
1.636
0.973
0.880
0.921
1.069
1.440
0.932
1.253
1.357
1.001
0.885
0.933
1.468
1.299
1.672
0.994
1.325
1.662
1.287
1.045
1.046
1.312
1.357
1.456
0.878
1.394
1.420
1.158
1.412
0.863
0.975
0.917
1.497
1.394
1.297
1.004
0.892
1.475
0.961
1.403
1.271
1.529
1.469
0.936
0.989
0.901
1.278
1.170
1.266
1.259
1.133
1.055
0.918
1.383
1.422
1.090
1.104
1.669
1.132
1.163
1.089
1.426
1.033
1.366
0.938
1.385
1.241
1.487
1.096
1.288
1.423
0.947
1.389
0.895
0.953
1.812
1.408
1.197
1.225
1.439
1.438
1.133
1.046
1.308
1.260
0.927
1.238
0.925
1.145
1.233
0.926
1.444
1.544
1.354
1.464
0.873
1.573
1.569
1.385
1.109
0.843
0.887
1.171
1.349
1.145
1.419
1.076
1.427
0.992
1.051
1.239
0.964
0.919
1.120
0.956
1.243
1.537
1.478
1.057
1.298
1.228
1.009
1.305
1.314
1.535
1.191
1.084
1.668
0.971
0.890
1.522
1.388
0.897
1.199
0.953
1.198
1.100
0.976
0.930
1.462
1.328
1.248
1.539
1.127
1.189
1.409
2.501
0.936
0.970
1.307
1.494
1.379
1.125
1.352
0.932
1.053
1.026
1.053
1.400
1.424
1.372
1.184
1.133
1.374
1.275
1.323
0.901
1.371
1.177
1.501
1.212
1.554
0.988
0.966
1.341
0.894
1.217
0.951
0.985
0.975
1.573
1.075
1.071
1.530
1.304
1.571
1.654
1.307
0.952
1.342
1.335
0.919
0.929
1.605
1.056
1.355
1.505
1.296
1.437
1.232
0.978
1.400
1.005
1.156
0.840
1.529
1.408
1.291
1.533
1.153
1.121
1.325
0.937
1.136
1.106
0.887
1.272
1.178
1.375
1.275
1.197
1.294
1.128
1.397
0.965
1.429
0.928
1.338
1.565
0.931
0.861
1.461
1.197
1.185
1.487
0.837
1.082
1.439
1.181
0.948
1.335
1.241
0.988
1.385
1.194
1.491
1.400
0.974
1.143
1.058
0.908
1.327
0.862
0.961
0.888
1.086
1.080
1.442
1.510
1.178
1.349
1.467
1.520
1.746
1.400
0.908
1.138
1.019
0.933
1.385
1.182
0.986
1.401
1.261
1.013
1.115
0.940
1.057
1.409
0.948
1.509
1.537
1.450
1.205
1.149
1.043
1.634
1.346
1.346
1.170
1.202
0.865
1.326
1.340
0.963
0.920
1.344
1.417
1.430
1.263
0.942
1.951
1.208
1.469
0.975
1.213
1.133
1.099
1.219
1.469
0.917
1.050
1.161
1.353
1.158
1.130
1.440
1.193
1.116
1.400
1.515
0.953
0.897
1.224
1.399
1.614
1.309
1.325
1.468
1.321
0.912
1.252
1.410
0.950
1.392
1.303
1.209
1.121
1.073
0.973
1.035
1.212
0.949
1.192
1.261
1.388
1.609
1.080
0.963
0.796
1.526
1.029
1.488
1.049
0.933
1.208
1.302
1.490
1.286
0.956
1.464
1.649
1.051
1.318
1.371
1.327
1.131
1.175
1.334
0.867
1.164
1.250
1.614
1.297
1.339
1.478
0.947
1.239
0.969
1.550
1.118
1.559
1.300
0.928
1.766
1.089
0.903
1.378
1.826
1.136
0.915
1.471
1.047
1.530
1.243
1.560
1.129
1.563
1.292
1.629
1.472
1.025
1.725
1.371
1.266
1.347
1.294
1.456
1.133
1.599
1.591
1.470
1.281
1.269
1.038
2.211
1.522
1.432
1.032
1.282
0.933
1.406
1.359
0.934
1.163
1.245
0.991
1.314
1.221
1.396
1.267
0.906
1.343
1.293
1.171
1.378
1.251
0.905
1.263
1.313
1.398
1.515
1.613
0.966
1.274
0.888
1.335
0.885
1.316
1.172
1.315
1.241
1.021
1.103
0.848
0.904
1.046
1.006
1.410
0.933
1.286
1.396
1.307
1.111
1.022
1.553
1.375
1.409
1.506
1.250
1.334
0.888
0.999
1.491
1.174
0.988
1.595
1.320
1.275
0.970
0.913
0.910
1.491
1.396
1.204
0.958
1.360
1.417
1.324
1.227
1.330
1.149
1.205
1.400
1.497
1.391
1.165
0.955
0.958
0.786
1.130
1.267
1.030
1.502
1.221
1.242
1.295
1.337
0.907
0.996
1.206
0.910
1.081
1.181
1.403
0.922
0.998
1.546
1.030
1.319
1.496
0.928
1.378
1.317
1.387
1.406
1.359
1.220
1.276
1.477
1.385
0.900
1.114
1.361
1.080
1.213
0.942
1.643
2.710
1.049
0.957
1.037
1.430
0.966
1.166
1.315
1.160
1.215
0.944
1.397
0.904
1.338
1.282
1.155
1.365
1.214
1.357
1.068
0.934
1.488
1.408
1.338
0.803
1.463
0.942
1.335
1.310
1.187
1.634
0.908
1.401
1.208
1.153
1.330
0.890
1.390
0.917
1.017
1.031
0.853
0.931
1.270
0.928
1.284
1.307
1.405
1.411
1.290
1.284
1.008
1.197
1.403
1.238
1.440
1.526
1.211
1.183
1.580
1.579
1.323
1.408
1.050
1.476
1.439
1.106
1.568
1.257
1.207
1.332
1.627
1.398
1.148
0.970
1.158
1.486
1.116
1.042
0.994
1.001
1.196
1.509
0.952
1.182
1.302
1.504
0.909
1.296
1.550
1.251
1.601
1.163
1.215
1.547
0.952
1.699
1.174
1.405
1.223
1.485
1.476
1.390
1.642
1.177
1.486
1.404
1.370
0.957
0.891
1.194
1.384
1.328
1.668
1.269
1.107
1.070
1.079
1.203
1.235
1.517
1.746
1.083
1.523
1.151
1.050
1.479
1.502
1.317
1.334
1.179
1.282
1.192
0.970
1.045
1.195
1.226
0.917
1.190
0.993
1.293
0.972
1.316
1.287
0.982
1.101
0.933
0.956
0.983
0.948
1.238
1.149
1.191
1.526
1.094
1.331
1.306
1.283
0.989
1.455
1.331
1.075
1.015
1.019
1.349
1.058
1.130
1.268
1.260
0.900
1.243
1.361
1.258
1.648
1.339
1.456
1.028
1.403
1.242
1.277
1.377
0.935
0.993
1.807
1.042
0.987
0.890
1.609
1.515
1.418
0.980
1.248
0.851
1.373
0.891
0.994
1.400
1.226
1.336
1.296
1.019
1.085
1.381
1.407
1.140
1.370
0.967
1.130
0.963
1.301
1.337
1.014
1.264
1.247
1.461
1.220
1.001
1.489
1.659
0.961
0.867
1.394
1.271
1.098
1.416
1.058
1.868
0.879
1.319
0.975
0.880
1.205
1.463
1.096
1.422
0.920
1.069
1.275
1.424
1.312
1.173
1.412
0.931
1.516
1.354
0.882
1.126
1.006
1.595
1.006
1.594
1.020
1.275
1.190
1.034
1.282
1.547
1.344
1.457
1.669
1.750
1.021
1.201
1.491
1.038
1.450
0.957
0.935
1.409
1.165
0.993
1.193
1.425
0.946
0.875
1.025
0.979
0.993
1.209
1.120
0.917
1.300
1.319
1.245
1.504
1.643
0.960
0.924
0.913
1.027
1.147
1.670
1.069
1.552
1.272
1.340
0.934
1.359
1.042
0.921
1.641
0.909
1.034
0.938
1.617
1.632
1.306
1.439
1.059
1.348
1.393
1.427
0.998
1.332
1.191
1.353
0.937
1.093
1.286
0.857
1.299
1.466
1.609
0.919
1.487
0.998
1.243
0.949
1.026
1.473
0.863
1.252
1.144
1.287
1.037
0.970
1.060
1.607
0.910
1.547
1.369
1.299
1.288
1.063
1.217
1.200
1.065
1.232
1.079
0.902
1.418
1.401
1.436
1.297
1.340
1.413
1.160
1.387
1.269
1.358
1.298
0.965
1.220
1.297
1.366
1.501
1.299
0.807
1.286
0.987
1.345
1.584
0.902
1.097
1.405
0.984
1.048
1.437
0.955
1.385
1.126
0.970
1.360
1.070
1.021
0.936
1.015
1.259
1.046
1.501
1.203
1.140
0.833
1.478
0.891
1.602
0.883
1.203
1.082
1.483
1.233
0.895
1.564
1.330
1.316
1.654
1.272
1.335
1.146
1.398
1.197
1.255
0.940
1.134
1.422
1.184
1.322
1.108
1.202
1.485
1.377
1.007
1.135
0.939
1.498
1.365
0.982
1.329
1.419
1.131
0.906
1.079
1.280
1.269
0.988
0.950
1.041
1.210
1.223
1.316
1.620
1.419
1.299
1.492
1.315
0.974
1.192
1.220
1.077
1.033
1.233
0.919
0.969
1.580
1.307
1.535
1.073
1.481
1.191
1.221
0.937
0.990
0.963
1.332
1.523
1.466
1.182
0.850
1.153
1.236
1.499
1.114
0.986
1.041
1.201
0.897
0.761
1.359
1.341
1.362
1.116
1.363
0.877
0.923
1.575
1.253
1.683
0.876
1.395
1.445
1.490
1.110
1.206
1.308
1.160
0.952
1.665
1.118
1.174
1.206
1.551
1.274
1.030
0.932
1.415
1.420
1.665
1.380
1.216
1.382
0.938
1.491
1.150
0.975
1.067
1.188
1.550
0.953
1.280
0.864
1.394
0.877
1.166
1.058
1.488
0.864
1.070
1.071
1.426
1.307
1.283
1.064
1.001
1.190
1.413
1.355
0.964
0.864
1.564
0.993
1.259
1.333
1.352
1.618
1.575
0.924
1.316
1.668
1.294
1.048
0.855
1.341
1.486
1.295
0.995
1.190
0.930
1.051
1.397
1.066
1.319
0.937
1.444
1.224
1.331
0.953
0.962
1.353
1.444
1.259
1.234
1.298
1.673
1.606
0.878
1.203
1.377
1.639
1.454
1.316
1.358
1.872
1.067
1.035
1.418
1.212
1.328
1.331
1.366
0.966
1.359
1.229
0.975
1.121
1.247
1.106
1.221
1.174
0.915
1.205
1.147
1.578
1.005
0.916
1.756
1.045
1.118
1.688
1.308
1.259
1.116
1.716
1.464
1.170
1.478
1.209
1.286
1.261
1.648
1.477
1.188
1.173
1.301
1.473
1.180
1.146
1.267
1.307
1.036
0.906
1.160
1.349
0.854
1.303
1.059
0.994
0.992
1.375
0.994
0.885
0.936
1.366
1.367
1.367
1.133
1.229
1.228
1.063
1.457
1.411
0.945
0.991
0.986
1.332
0.931
0.950
1.113
1.413
1.451
0.918
0.850
1.194
1.613
1.016
0.873
1.325
1.561
1.256
1.228
1.345
1.445
1.306
1.340
0.892
1.454
1.219
1.417
1.047
1.196
1.240
1.298
1.468
1.316
1.136
0.792
0.979
0.989
1.338
1.278
1.133
0.900
1.213
1.038
1.351
1.304
1.421
1.210
1.258
1.242
0.922
1.359
1.249
0.907
1.172
0.854
1.301
0.966
1.032
1.087
0.945
1.561
1.451
1.585
1.340
1.441
1.055
1.398
1.441
1.431
1.200
1.505
0.955
0.900
1.336
1.032
1.388
1.218
0.958
1.081
1.286
0.894
1.499
1.345
0.884
1.347
1.049
0.889
1.304
0.890
1.468
1.185
1.328
1.403
1.277
1.133
0.907
1.377
1.576
1.231
1.280
0.906
1.407
1.131
0.914
1.493
1.303
1.230
1.170
1.322
1.257
1.079
1.365
0.934
1.247
1.328
1.240
0.975
1.389
1.632
0.963
0.965
0.946
1.533
1.453
1.582
1.066
1.233
1.481
1.302
1.321
0.994
1.064
0.984
1.493
1.465
1.367
1.467
1.105
1.485
1.261
1.250
1.219
0.970
1.462
1.352
1.367
1.195
1.249
1.488
1.404
0.944
1.028
1.013
0.843
1.021
0.940
1.319
0.934
1.337
1.130
1.087
0.900
0.926
1.146
1.368
1.072
0.950
0.818
1.078
1.319
1.474
0.953
0.999
1.101
1.082
1.338
0.951
1.416
1.484
0.852
1.340
0.866
0.911
1.416
1.233
1.264
1.414
0.877
1.300
0.891
0.859
1.036
1.556
1.058
1.350
0.945
1.374
1.356
1.039
1.004
1.773
0.912
1.403
1.771
0.904
1.219
0.965
1.314
1.181
1.283
1.013
1.531
1.041
1.392
1.051
1.588
1.472
1.301
1.570
0.956
0.908
0.884
1.455
1.405
1.642
0.900
1.253
1.186
1.357
1.323
0.864
1.545
1.155
1.390
1.568
1.103
1.294
1.604
1.309
0.970
1.199
1.241
1.161
1.152
0.953
1.044
0.894
1.266
0.858
1.442
1.253
1.637
1.480
1.064
1.204
0.909
1.432
1.265
1.609
1.208
1.514
1.351
1.014
1.378
1.225
1.619
1.354
1.264
1.276
1.386
0.924
0.907
0.947
1.197
1.662
1.027
1.277
0.916
1.105
0.993
1.334
1.277
1.174
1.559
0.949
0.927
0.947
1.607
0.894
1.612
1.032
1.043
1.046
1.508
1.182
1.288
1.205
0.909
0.935
1.023
1.003
1.383
1.110
1.332
1.342
1.325
1.403
1.456
1.455
1.402
0.995
1.623
1.119
1.497
1.552
1.210
0.947
1.073
1.338
1.682
1.139
1.021
1.192
1.001
0.920
1.155
1.419
1.267
0.917
1.439
1.185
1.400
1.467
1.388
1.248
1.638
1.251
1.076
0.968
1.413
1.413
1.067
0.860
1.546
1.216
1.443
1.220
1.283
0.887
1.488
1.180
0.904
1.644
1.377
1.087
1.366
1.169
1.173
0.960
0.944
1.232
0.885
1.236
1.285
1.220
1.609
1.451
0.908
1.225
1.221
1.150
1.329
1.510
0.892
1.043
1.376
1.446
1.470
1.109
1.268
1.784
1.240
1.179
1.445
1.323
1.260
0.955
1.231
1.271
0.983
1.134
1.596
1.018
0.987
1.431
1.252
1.306
0.888
1.635
1.456
0.934
1.390
1.410
1.017
1.303
1.243
1.132
1.203
0.935
0.892
0.938
1.421
1.303
1.417
1.098
1.071
1.189
1.193
1.048
1.226
1.192
1.059
1.274
1.029
1.209
0.946
1.460
0.936
1.580
1.306
0.869
1.368
1.272
1.287
0.918
1.527
1.254
1.220
1.029
1.178
1.169
1.526
1.187
0.870
1.568
1.160
1.006
0.926
1.352
1.501
0.967
1.340
1.347
1.200
1.357
1.290
1.622
1.245
1.076
1.257
1.702
1.425
1.248
1.488
1.071
1.249
0.961
1.093
0.995
0.877
1.127
1.144
1.216
1.638
1.446
1.490
1.291
0.980
1.105
1.265
0.909
1.371
1.310
1.105
1.144
1.671
1.495
1.308
0.945
1.153
0.965
1.146
1.400
0.918
0.853
1.569
1.485
0.983
1.438
1.520
1.233
1.003
1.305
1.338
0.931
1.080
1.045
0.965
1.226
1.229
1.230
0.903
1.291
1.552
0.890
1.480
0.880
1.331
1.255
1.477
1.357
0.900
1.458
1.477
0.878
0.954
0.952
1.350
1.407
1.590
1.390
1.404
1.487
1.199
0.993
0.960
0.960
1.543
0.931
1.495
1.318
1.394
1.069
1.253
0.922
0.966
0.863
1.676
1.042
1.645
1.306
0.965
1.367
1.388
1.124
1.506
1.038
1.936
1.593
1.363
1.564
1.289
1.377
1.401
1.407
0.956
1.013
0.918
1.244
0.988
1.225
1.226
1.250
1.191
1.314
1.087
0.918
1.668
0.972
1.126
1.472
0.993
1.014
0.912
1.666
0.945
0.947
1.002
1.320
1.707
1.476
1.481
1.375
0.842
1.591
1.277
1.054
1.334
0.993
0.934
0.925
1.227
1.352
1.379
1.020
0.887
1.256
1.478
1.578
1.033
1.392
1.359
1.443
1.343
1.442
1.341
1.264
1.307
1.374
0.907
1.342
1.122
1.263
1.141
1.083
1.661
0.968
1.297
1.303
1.636
1.163
0.928
1.324
0.943
1.320
1.252
1.303
1.347
0.936
1.202
0.886
1.357
1.172
1.505
0.983
1.002
1.256
0.907
1.184
0.880
1.332
0.971
1.558
1.605
1.250
1.560
0.914
1.636
0.964
1.356
0.968
1.130
0.894
0.949
1.702
1.395
1.210
1.310
1.615
1.061
1.341
1.576
1.502
1.076
1.436
1.093
0.845
0.977
1.335
0.936
1.290
1.272
1.011
1.758
0.976
1.343
1.244
1.556
1.197
1.173
1.372
0.929
1.386
1.810
1.154
1.075
1.020
0.993
1.327
1.120
1.196
1.201
1.191
1.142
1.242
1.241
1.161
0.996
1.428
1.563
1.135
1.167
1.422
1.329
1.258
0.935
1.324
1.326
1.647
0.991
1.473
0.953
1.501
1.318
1.034
0.967
1.351
1.257
1.286
1.166
0.913
1.213
1.273
0.928
0.952
1.006
1.065
1.233
0.872
0.904
0.882
1.198
0.934
1.262
1.282
1.500
1.308
0.972
1.072
1.140
1.555
1.102
1.572
1.050
0.878
0.913
0.941
1.256
0.921
1.187
1.575
1.467
1.602
1.245
1.154
1.420
1.100
1.299
1.337
1.191
1.253
0.867
1.317
1.016
1.384
1.380
0.936
1.357
1.127
0.885
0.924
1.197
1.413
1.583
1.763
1.472
1.303
1.088
1.476
1.480
0.983
1.139
1.339
0.931
0.910
1.762
1.401
1.316
0.978
0.815
0.899
0.945
1.151
1.219
1.349
1.213
1.392
1.260
1.126
1.020
1.128
0.893
1.020
0.943
1.477
1.315
1.169
1.201
0.947
1.284
0.901
1.617
1.479
1.300
1.028
1.442
0.901
1.376
1.056
1.028
1.565
1.159
1.035
1.238
0.989
1.418
1.288
1.685
1.733
1.000
1.184
0.843
1.123
1.028
1.508
1.274
1.109
1.124
0.932
0.925
1.316
1.129
1.340
0.882
1.399
1.122
1.058
1.343
0.870
1.072
1.208
1.339
1.289
1.549
1.201
1.039
1.244
1.495
6.009
0.917
1.210
0.890
1.038
0.879
0.915
1.636
1.366
1.022
0.918
1.390
0.909
1.358
1.179
1.168
0.855
1.088
1.302
1.057
1.221
1.096
1.196
1.593
1.042
1.253
0.972
1.499
1.285
1.189
1.599
1.363
1.362
1.192
1.377
0.875
1.028
0.969
0.948
1.191
1.557
1.447
1.453
0.942
1.472
1.360
1.257
1.008
0.910
1.182
1.375
1.103
1.387
1.365
1.500
1.605
1.629
1.311
0.863
1.284
1.635
1.393
1.541
1.381
1.128
0.848
1.088
1.334
0.987
1.357
1.695
0.971
1.222
1.530
1.449
1.549
1.499
0.907
1.367
1.541
1.202
1.095
0.919
1.500
1.388
1.118
1.445
0.884
1.326
1.087
1.043
0.970
1.026
1.076
0.895
1.093
1.160
0.945
0.966
1.068
0.897
1.387
1.269
1.267
1.458
1.368
1.125
1.242
0.912
1.216
0.999
1.034
1.565
1.461
1.335
0.971
1.408
1.393
1.028
1.471
1.268
0.892
1.315
1.071
1.389
1.551
0.886
0.929
0.960
1.382
1.480
1.452
0.914
1.192
0.927
1.071
1.327
1.478
1.142
1.231
0.942
1.060
0.968
1.227
1.275
1.370
1.463
0.990
1.037
1.581
0.915
1.298
1.392
1.243
0.946
1.088
0.969
1.296
1.027
1.808
1.339
1.216
1.294
0.873
1.354
1.021
0.966
0.969
1.300
1.508
1.353
1.002
0.820
1.510
0.989
0.969
0.932
1.480
1.472
1.115
1.004
1.341
0.982
1.715
1.631
1.342
1.299
1.249
0.888
1.118
0.940
1.148
1.220
1.128
1.302
0.988
1.733
1.332
0.934
0.879
0.966
0.925
1.015
1.526
1.739
1.366
1.208
1.591
1.095
1.170
0.936
1.246
1.145
1.341
0.982
1.161
1.453
1.066
0.927
1.490
0.963
1.266
1.091
1.345
0.920
1.411
0.898
1.174
1.450
1.230
1.222
1.404
1.192
1.427
1.307
1.150
1.314
1.399
1.179
1.378
0.901
1.542
1.468
0.932
1.304
1.243
0.892
1.374
1.255
1.198
1.345
1.420
0.948
0.983
1.326
1.145
1.021
1.491
1.170
1.274
1.274
1.091
1.386
1.459
1.300
0.991
0.900
0.946
1.332
1.021
1.720
1.242
1.461
0.883
1.110
0.931
1.333
0.949
1.197
0.919
1.016
1.103
0.947
1.016
1.289
1.574
1.094
1.173
0.980
0.935
1.285
1.488
1.561
1.278
1.577
1.462
1.327
1.445
1.237
0.939
1.362
0.989
1.632
1.177
0.904
1.290
1.078
1.207
0.963
1.268
1.267
1.277
1.072
1.501
1.437
1.078
1.121
1.448
1.194
1.302
1.443
1.188
1.117
1.464
1.689
1.531
1.546
1.246
0.957
1.187
1.108
0.859
0.911
1.406
0.913
1.773
1.379
1.104
1.279
1.626
1.190
0.941
1.287
1.481
1.321
1.416
1.358
1.078
1.354
1.298
1.229
1.284
1.417
0.968
0.871
1.301
1.446
1.056
1.414
1.185
0.911
1.552
1.381
1.515
1.567
1.295
1.300
1.445
1.251
1.287
0.898
1.139
1.089
0.882
1.078
1.402
1.180
1.402
1.184
1.387
1.415
1.426
1.077
1.532
0.950
1.268
1.447
1.172
1.330
1.410
1.238
1.198
1.034
1.528
1.247
1.042
1.216
0.934
1.581
0.925
1.403
1.149
1.494
1.386
1.369
1.345
0.985
1.470
0.906
0.937
1.008
1.185
1.249
1.589
1.197
1.083
1.299
1.453
1.012
0.972
0.916
0.950
0.984
1.229
1.028
1.202
1.441
1.408
1.417
1.237
1.335
1.396
1.750
1.318
1.022
1.071
1.163
1.239
1.190
1.615
1.555
0.984
1.427
1.484
1.352
0.897
1.298
1.070
0.947
1.665
0.984
0.871
1.387
1.360
0.932
1.306
1.250
1.196
1.076
1.295
1.278
1.200
1.413
0.869
1.343
1.543
1.032
1.318
1.139
0.943
1.418
1.438
1.186
1.249
0.894
1.105
0.961
1.156
1.084
1.430
1.185
1.302
1.191
1.312
0.938
1.269
1.498
1.193
1.393
1.260
0.948
1.301
0.975
0.955
0.913
1.367
1.249
1.179
1.278
1.464
1.301
1.091
1.344
1.631
1.243
1.200
1.371
1.200
1.343
1.310
1.227
0.901
0.952
1.271
1.377
1.464
1.653
1.059
1.405
1.289
1.255
0.839
1.072
1.582
1.279
1.265
1.424
1.463
1.429
1.135
1.323
1.026
1.459
1.452
1.375
1.307
1.422
1.167
0.878
1.469
1.161
1.307
1.349
0.923
1.254
1.229
0.855
1.158
1.047
0.902
1.432
1.268
1.334
0.891
0.927
1.589
1.479
1.503
1.016
1.523
1.421
1.474
1.330
1.196
1.504
1.125
1.115
1.183
1.413
1.082
1.779
0.942
1.021
1.162
0.972
1.523
1.180
1.562
1.386
1.261
1.602
1.273
1.467
1.299
1.349
1.776
1.302
1.485
1.266
1.409
1.550
1.507
1.034
1.007
1.514
1.176
1.587
1.093
1.027
1.042
1.538
1.090
1.607
1.184
1.073
1.233
1.193
1.656
0.921
1.432
1.465
1.208
0.966
0.977
1.282
1.327
1.258
1.219
1.003
1.280
1.586
1.195
1.438
1.184
1.236
1.355
1.207
0.877
1.231
1.542
1.297
0.971
1.427
1.580
1.110
0.910
1.495
1.361
1.234
1.008
1.013
1.419
0.899
1.074
0.844
1.215
1.210
1.562
1.053
0.973
0.899
0.847
1.204
1.383
1.023
1.062
0.951
1.283
1.023
0.985
1.295
1.405
1.335
1.134
1.440
0.913
1.273
1.216
1.329
1.176
0.981
1.252
1.428
1.488
1.454
1.418
0.926
0.956
0.896
1.089
0.869
1.535
1.491
1.214
0.894
0.862
1.459
1.045
0.866
1.128
1.309
1.399
0.987
1.266
1.714
0.952
1.270
1.415
0.978
0.874
1.230
1.266
1.337
1.466
1.215
1.075
1.378
1.282
1.412
1.632
1.049
1.246
1.362
1.452
1.174
0.995
0.902
1.418
1.059
1.099
0.958
0.999
0.884
0.929
1.217
1.369
1.207
1.010
0.808
1.235
1.421
0.895
0.901
0.880
0.836
1.540
1.006
1.189
0.965
1.087
1.381
1.316
0.859
1.290
1.416
0.899
1.410
1.551
1.711
1.273
1.326
1.121
1.510
1.449
1.003
1.162
1.604
0.894
0.890
1.298
1.262
1.233
1.154
1.198
0.919
1.489
1.196
1.400
0.898
1.392
1.547
1.338
1.212
1.340
1.075
1.337
1.386
0.903
0.985
0.938
1.220
1.687
1.148
1.483
1.015
1.778
1.070
1.222
1.329
1.246
1.437
0.872
0.964
1.195
1.471
0.870
1.163
1.392
1.344
1.317
1.052
0.933
1.274
1.368
1.249
1.536
1.305
1.243
1.482
0.901
1.631
0.953
1.671
1.386
1.108
1.007
0.889
0.974
1.159
1.423
0.895
1.379
0.977
0.986
1.275
0.923
1.155
1.375
1.208
1.705
1.438
1.368
1.464
0.906
1.321
1.371
1.391
0.942
1.413
1.294
1.437
1.543
1.474
0.899
1.146
1.420
1.390
0.877
1.022
1.511
0.982
0.864
1.281
1.398
1.384
1.346
0.979
1.443
1.238
0.978
1.588
1.334
1.250
1.409
1.231
1.371
1.326
0.914
1.359
1.136
1.301
1.075
1.330
1.020
1.205
1.387
1.257
1.413
1.452
0.867
1.083
1.165
1.364
1.709
1.411
1.408
1.501
0.999
0.979
1.396
1.067
0.883
1.327
1.324
1.086
1.014
1.462
1.531
1.340
1.053
1.410
1.109
1.197
1.461
1.352
1.465
0.907
1.406
1.528
1.577
1.657
1.641
1.317
1.354
1.036
1.503
1.297
0.936
1.346
0.929
0.840
1.511
1.397
0.977
0.990
1.302
1.189
0.911
1.292
0.921
1.322
1.409
0.798
1.106
1.265
1.304
1.343
1.142
1.042
1.440
0.912
1.731
1.382
0.994
1.372
1.517
1.505
0.929
1.147
1.338
1.505
0.939
1.196
1.009
1.344
0.836
0.887
0.892
0.940
0.875
1.162
0.955
1.182
1.000
1.061
0.939
1.341
0.885
1.547
1.183
1.292
1.591
1.000
1.331
1.143
1.276
1.243
0.867
1.538
1.617
1.412
1.264
1.336
1.480
0.930
1.593
1.065
1.128
1.295
1.319
0.893
1.472
0.930
1.358
1.016
0.937
0.897
0.958
1.202
1.189
1.276
1.009
0.964
1.181
0.967
1.136
1.418
1.591
1.469
0.965
1.092
1.274
1.278
1.462
0.997
1.427
1.009
1.544
1.136
1.047
1.362
1.398
1.107
0.910
1.501
1.150
1.064
1.414
0.039
1.165
1.035
1.403
1.560
1.576
1.278
1.272
1.560
1.288
1.344
1.629
1.466
0.936
1.208
1.020
0.869
1.104
1.402
0.979
1.254
0.936
0.966
0.927
1.347
0.985
1.552
1.012
1.268
0.908
1.183
1.397
1.496
1.123
1.366
1.413
1.407
1.183
1.428
1.021
1.306
0.918
0.856
1.191
1.277
1.519
1.455
0.965
1.299
1.240
1.225
1.194
1.332
1.339
1.199
1.093
1.031
1.324
1.180
0.928
1.272
1.423
1.779
1.474
1.636
1.202
1.560
0.852
0.969
1.416
1.346
0.943
1.010
1.499
0.882
1.344
0.844
1.216
1.169
1.186
1.259
0.984
1.277
0.986
0.906
0.924
0.987
0.970
1.313
1.530
0.946
1.384
1.248
1.555
0.929
1.176
1.133
0.935
1.175
0.946
1.364
1.227
1.350
1.251
1.331
1.415
1.624
1.038
1.428
1.255
1.459
0.970
1.416
1.293
1.349
1.555
1.320
0.960
1.713
0.966
0.955
1.372
1.258
0.908
1.195
1.344
1.231
1.194
1.363
0.919
1.229
1.280
0.960
0.898
1.036
1.296
1.053
0.951
0.950
1.449
1.127
1.303
1.628
1.144
0.968
1.511
0.900
0.967
1.353
1.201
1.436
1.516
0.984
1.323
1.277
1.159
1.044
1.412
1.221
1.007
0.883
1.278
0.874
1.422
1.254
1.013
1.487
1.200
1.015
0.849
1.563
1.356
1.131
0.995
1.353
1.351
1.143
1.271
0.849
1.300
1.577
0.919
1.460
1.554
1.520
1.146
1.357
1.102
0.902
0.972
0.884
1.397
1.107
1.238
1.177
1.466
1.304
0.954
1.171
1.415
1.496
1.361
1.113
0.918
1.153
1.124
1.059
1.480
0.895
1.368
1.352
1.221
0.931
1.006
1.243
1.276
1.097
1.019
1.238
1.569
0.985
1.540
1.366
0.895
1.008
1.481
0.962
1.293
1.142
0.888
2.112
1.462
1.010
1.234
0.964
1.203
1.287
1.060
1.157
1.259
1.308
0.906
1.123
1.541
0.969
1.412
1.301
1.341
1.298
1.147
1.290
0.865
1.003
1.444
1.602
1.497
1.180
1.226
0.883
1.520
1.311
0.928
0.879
1.203
1.176
1.417
0.935
0.948
1.151
0.812
1.159
1.227
1.236
1.490
1.251
1.047
1.378
1.391
0.899
1.567
1.670
1.087
0.875
0.982
1.300
1.030
0.925
0.962
1.254
1.410
1.572
1.480
1.454
1.573
0.883
1.539
1.239
1.132
1.338
1.351
1.107
1.311
1.614
0.957
1.013
0.922
1.171
1.246
1.139
1.279
0.929
1.184
1.424
1.428
1.070
1.347
1.281
0.962
1.333
0.964
1.500
1.336
0.945
1.361
1.131
0.942
1.222
0.988
0.943
1.173
1.207
0.905
1.111
0.867
0.828
1.190
1.378
1.079
1.380
1.357
1.472
1.262
1.305
1.196
1.181
1.244
1.473
1.134
1.151
1.179
1.135
0.945
0.894
1.466
1.414
1.495
1.148
1.394
1.172
1.363
0.973
0.966
1.470
1.167
1.257
1.300
1.269
0.855
1.144
1.214
0.907
1.052
1.049
0.995
1.121
1.289
1.225
1.046
1.583
1.395
1.532
1.761
1.273
1.634
1.336
1.370
1.603
0.985
1.381
1.249
1.043
1.431
1.078
1.229
0.992
1.002
1.354
1.310
0.944
1.311
1.380
1.620
1.103
1.595
1.200
1.591
1.094
1.306
0.958
1.637
1.432
1.654
1.490
1.477
1.493
1.511
1.328
1.313
1.613
0.923
1.117
1.493
0.993
1.205
1.477
1.057
1.471
1.223
1.050
1.522
0.912
1.434
1.580
0.943
1.089
1.157
1.587
1.117
1.339
1.222
0.986
1.031
1.242
1.479
1.615
1.254
1.338
1.593
1.121
1.491
1.541
