1.298
1.350
1.369
1.510
1.297
1.311
1.350
1.285
1.203
1.278
1.265
1.343
1.228
1.323
1.255
1.351
1.323
1.313
1.206
1.211
1.329
1.263
1.319
1.369
1.192
1.331
1.269
1.233
1.328
1.325
1.311
1.465
1.286
1.216
1.209
1.236
1.138
1.238
1.321
1.278
1.355
1.231
1.410
1.305
1.143
1.335
1.332
1.199
1.378
1.226
1.194
1.261
1.267
1.308
1.215
1.283
1.210
1.279
1.315
1.310
1.249
1.292
1.236
1.306
1.273
1.328
1.277
1.195
1.216
1.458
1.275
1.331
1.204
1.285
1.299
1.496
1.187
1.431
1.294
1.439
1.211
1.352
1.344
1.224
1.256
1.340
1.450
1.588
1.284
1.301
1.319
1.279
1.194
1.329
1.383
1.178
1.416
1.224
1.310
1.297
1.370
1.321
1.246
1.411
1.386
1.320
1.374
1.325
1.263
1.234
1.193
1.092
1.263
1.310
1.246
1.276
1.254
1.270
1.277
1.298
1.224
1.139
1.195
1.352
1.248
1.216
1.164
1.398
1.330
1.301
1.265
1.309
1.261
1.253
1.231
1.217
1.167
1.293
1.318
1.338
1.474
1.448
1.251
1.354
1.386
1.223
1.341
1.213
1.379
1.226
1.293
1.269
1.158
1.303
1.427
1.277
1.243
1.440
1.319
1.346
1.274
1.241
1.243
1.419
1.339
1.174
1.287
1.171
1.345
1.210
1.230
1.288
1.289
1.245
1.281
1.175
1.402
1.133
1.244
1.226
1.237
1.246
1.409
1.349
1.238
1.276
1.307
1.344
1.208
1.204
1.309
1.304
1.253
1.271
1.256
1.313
1.138
1.173
1.259
1.125
1.355
1.256
1.439
1.312
1.272
1.246
1.370
1.310
1.286
1.253
1.358
1.248
1.307
1.252
1.277
1.457
1.213
1.171
1.377
1.231
1.267
1.205
1.277
1.329
1.359
1.333
1.291
1.263
1.311
1.236
1.153
1.471
1.248
1.249
1.437
1.245
1.154
1.236
1.302
1.342
1.366
1.247
1.323
1.275
1.176
1.327
1.365
1.370
1.313
1.282
1.303
1.260
1.280
1.199
1.231
1.256
1.271
1.344
1.330
1.284
1.282
1.177
1.246
1.202
1.321
1.410
1.136
1.289
1.226
1.159
1.313
1.406
1.269
1.276
1.263
1.262
1.254
1.298
1.138
1.355
1.320
1.169
1.219
1.267
1.262
1.341
1.252
1.248
1.359
1.216
1.256
1.283
1.177
1.365
1.223
1.239
1.239
1.166
1.178
1.189
1.380
1.197
1.184
1.272
1.227
1.334
1.218
1.168
1.290
1.241
1.201
1.175
1.319
1.103
1.283
1.200
1.305
1.175
1.326
1.276
1.287
1.280
1.307
1.233
1.290
1.208
1.397
1.281
1.305
1.326
1.292
1.262
1.275
1.200
1.244
1.230
1.331
1.230
1.525
1.241
1.295
1.365
1.354
1.230
1.295
1.199
1.210
1.297
1.302
1.130
1.221
1.207
1.257
1.292
1.206
1.213
1.349
1.342
1.331
1.298
1.273
1.201
1.235
1.232
1.316
1.280
1.273
1.277
1.269
1.281
1.230
1.249
1.293
1.346
1.202
1.240
1.319
1.366
1.227
1.261
1.402
1.151
1.303
1.188
1.302
1.418
1.389
1.377
1.179
1.290
1.093
1.337
1.144
1.238
1.312
1.252
1.221
1.335
1.426
1.182
1.328
1.295
1.304
1.394
1.332
1.253
1.363
1.370
1.214
1.146
1.305
1.230
1.203
1.278
1.417
1.341
1.261
1.191
1.120
1.223
1.189
1.308
1.118
1.306
1.296
1.268
1.296
1.271
1.224
1.214
1.302
1.370
1.212
1.348
1.237
1.370
1.313
1.347
1.275
1.277
1.396
1.219
1.224
1.263
1.235
1.191
1.193
1.320
1.311
1.266
1.271
1.417
1.287
1.276
1.331
1.310
1.248
1.223
1.260
1.419
1.327
1.293
1.269
1.319
1.323
1.398
1.332
1.228
1.483
1.322
1.392
1.290
1.290
1.217
1.301
1.297
1.226
1.286
1.250
1.297
1.316
1.239
1.147
1.302
1.290
1.354
1.147
1.316
1.296
1.223
1.277
1.322
1.125
1.190
1.343
1.268
1.181
1.313
1.430
1.213
1.327
1.343
1.265
1.364
1.231
1.207
1.431
1.372
1.227
1.208
1.180
1.259
1.271
1.296
1.159
1.483
1.286
1.382
1.306
1.315
1.306
1.301
1.377
1.220
1.298
1.270
1.331
1.266
1.187
1.282
1.352
1.341
1.342
1.223
1.297
1.356
1.193
1.241
1.438
1.267
1.332
1.208
1.337
1.313
1.204
1.423
1.291
1.355
1.275
1.170
1.268
1.259
1.313
1.256
1.163
1.335
1.216
1.321
1.189
1.211
1.323
1.169
1.276
1.286
1.294
1.296
1.111
1.235
1.256
1.223
1.223
1.228
1.322
1.283
1.343
1.298
1.272
1.171
1.360
1.231
1.225
1.181
1.333
1.214
1.326
1.288
1.216
1.343
1.363
1.218
1.334
1.329
1.088
1.371
1.282
1.302
1.199
1.274
1.258
1.179
1.255
1.324
1.254
1.433
1.319
1.268
1.278
1.290
1.339
1.241
1.340
1.334
1.268
1.392
1.152
1.183
1.413
1.316
1.353
1.296
1.302
1.291
1.324
1.232
1.290
1.217
1.425
1.246
1.426
1.310
1.229
1.389
1.303
1.272
1.193
1.265
1.308
1.217
1.168
1.225
1.280
1.236
1.316
1.274
1.242
1.278
1.309
1.248
1.335
1.227
1.314
1.282
1.298
1.297
1.355
1.179
1.234
1.423
1.279
1.275
1.455
1.116
1.296
1.166
1.137
1.350
1.352
1.204
1.224
1.241
1.312
1.284
1.375
1.221
1.375
1.305
1.307
1.345
1.313
1.183
1.317
1.271
1.390
1.347
1.147
1.302
1.455
1.160
1.245
1.258
1.373
1.349
1.324
1.121
1.265
1.204
1.438
1.250
1.400
1.301
1.326
1.383
1.410
1.254
1.230
1.365
1.256
1.254
1.328
1.289
1.314
1.262
1.298
1.332
1.367
1.359
1.361
1.293
1.327
1.196
1.260
1.291
1.252
1.341
1.558
1.383
1.285
1.204
1.303
1.298
1.409
1.588
1.335
1.269
1.288
1.297
1.200
1.350
1.285
1.245
1.315
1.371
1.274
1.304
1.290
1.279
1.286
1.183
1.302
1.297
1.216
1.293
1.212
1.432
1.228
1.245
1.205
1.227
1.198
1.257
1.374
1.394
1.160
1.319
1.243
1.208
1.160
1.327
1.265
1.209
1.254
1.334
1.282
1.155
1.362
1.233
1.238
1.319
1.409
1.262
1.247
1.346
1.288
1.241
1.448
1.220
1.244
1.317
1.250
1.189
1.213
1.243
1.366
1.364
1.404
1.279
1.248
1.334
1.449
1.262
1.284
1.380
1.310
1.233
1.239
1.454
1.262
1.232
1.273
1.313
1.157
1.386
1.230
1.317
1.235
1.316
1.348
1.287
1.380
1.269
1.191
1.348
1.209
1.199
1.424
1.306
1.306
1.292
1.237
1.215
1.254
1.281
1.297
1.271
1.317
1.267
1.264
1.310
1.278
1.268
1.437
1.214
1.320
1.302
1.290
1.283
1.321
1.308
1.314
1.252
1.323
1.249
1.511
1.185
1.133
1.367
1.357
1.374
1.351
1.345
1.368
1.334
1.215
1.329
1.301
1.337
1.338
1.260
1.280
1.257
1.146
1.249
1.320
1.403
1.128
1.252
1.226
1.269
1.381
1.314
1.277
1.329
1.464
1.311
1.425
1.245
1.279
1.294
1.363
1.355
1.344
1.293
1.433
1.463
1.255
1.239
1.297
1.214
1.227
1.557
1.276
1.271
1.341
1.215
1.412
1.281
1.293
1.180
1.249
1.253
1.270
1.374
1.500
1.388
1.502
1.318
1.326
1.251
1.300
1.393
1.396
1.217
1.327
1.496
1.185
1.330
1.316
1.285
1.277
1.395
1.437
1.289
1.360
1.332
1.361
1.475
1.324
1.313
1.289
1.167
1.400
1.413
1.252
1.243
1.233
1.271
1.373
1.410
1.359
1.306
1.393
1.345
1.222
1.368
1.375
1.367
1.273
1.286
1.375
1.314
1.387
1.353
1.333
1.324
1.236
1.442
1.311
1.466
1.323
1.339
1.245
1.287
1.368
1.233
1.175
1.272
1.270
1.407
1.318
1.287
1.254
1.276
1.182
1.341
1.285
1.313
1.262
1.408
1.375
1.240
1.200
1.251
1.491
1.344
1.498
1.387
1.416
1.277
1.466
1.269
1.352
1.302
1.282
1.351
1.240
1.255
1.295
1.307
1.230
1.284
1.437
1.337
1.252
1.203
1.252
1.362
1.463
1.433
1.293
1.299
1.238
1.386
1.299
1.383
1.230
1.326
1.446
1.206
1.137
1.236
1.303
1.302
1.397
1.204
1.590
1.352
1.223
1.221
1.257
1.352
1.189
1.432
1.244
1.302
1.389
1.267
1.363
1.250
1.331
1.385
1.221
1.346
1.297
1.290
1.168
1.189
1.393
1.520
1.235
1.278
1.571
1.287
1.293
1.368
1.334
1.280
1.325
1.356
1.300
1.319
1.314
1.368
1.318
1.394
1.374
1.234
1.176
1.377
1.327
1.159
1.242
1.296
1.359
1.223
1.285
1.296
1.201
1.225
1.273
1.353
1.287
1.299
1.174
1.279
1.429
1.311
1.289
1.344
1.356
1.170
1.312
1.291
1.339
1.315
1.231
1.249
1.377
1.346
1.236
1.200
1.350
1.217
1.324
1.337
1.418
1.189
1.214
1.334
1.238
1.400
1.346
1.385
1.417
1.378
1.277
1.221
1.451
1.372
1.314
1.306
1.277
1.292
1.317
1.235
1.456
1.305
1.276
1.258
1.345
1.157
1.390
1.261
1.323
1.374
1.279
1.357
1.333
1.283
1.196
1.340
1.332
1.408
1.343
1.290
1.344
1.268
1.237
1.321
1.324
1.377
1.291
1.283
1.460
1.321
1.419
1.217
1.264
1.262
1.189
1.318
1.418
1.381
1.290
1.257
1.178
1.345
1.271
1.200
1.269
1.339
1.375
1.301
1.240
1.443
1.294
1.281
1.364
1.282
1.330
1.323
1.169
1.173
1.215
1.223
1.328
1.304
1.213
1.254
1.149
1.358
1.314
1.219
1.237
1.388
1.354
1.513
1.241
1.359
1.314
1.326
1.171
1.213
1.320
1.312
1.105
1.273
1.346
1.259
1.274
1.259
1.365
1.330
1.352
1.339
1.182
1.381
1.400
1.269
1.236
1.163
1.092
1.213
1.189
1.392
1.281
1.238
1.262
1.294
1.207
1.278
1.157
1.266
1.270
1.239
1.181
1.170
1.207
1.264
1.211
1.318
1.204
1.346
1.214
1.245
1.353
1.219
1.316
1.151
1.343
1.288
1.249
1.291
1.340
1.404
1.211
1.204
1.216
1.286
1.176
1.377
1.317
1.271
1.234
1.244
1.275
1.178
1.135
1.212
1.179
1.183
1.077
1.396
1.194
1.229
1.271
1.242
1.208
1.223
1.372
1.325
1.282
1.190
1.255
1.325
1.176
1.241
1.390
1.283
1.403
1.228
1.218
1.317
1.251
1.356
1.389
1.148
1.317
1.229
1.235
1.329
1.235
1.140
1.173
1.225
1.355
1.147
1.260
1.085
1.201
1.186
1.147
1.191
1.220
1.225
1.284
1.263
1.204
1.123
1.209
1.215
1.196
1.203
1.241
1.128
1.352
1.177
1.315
1.286
1.287
1.236
1.168
1.270
1.393
1.241
1.214
1.255
1.186
1.185
1.199
1.228
1.184
1.337
1.330
1.274
1.232
1.326
1.309
1.287
1.296
1.227
1.276
1.329
1.198
1.297
1.278
1.291
1.159
1.259
1.255
1.282
1.124
1.389
1.247
1.274
1.208
1.294
1.234
1.276
1.266
1.189
1.232
1.178
1.280
1.263
1.285
1.129
1.219
1.237
1.183
1.150
1.216
1.299
1.210
1.218
1.194
1.134
1.232
1.131
1.269
1.297
1.145
1.253
1.208
1.332
1.191
1.132
1.246
1.270
1.118
1.267
1.331
1.211
1.203
1.152
1.402
1.338
1.138
1.320
1.264
1.216
1.127
1.317
1.240
1.226
1.187
1.316
1.291
1.384
1.202
1.212
1.199
1.158
1.166
1.214
1.270
1.260
1.232
1.373
1.218
1.167
1.247
1.298
1.423
1.263
1.223
1.290
1.353
1.215
1.269
1.140
1.342
1.211
1.267
1.152
1.191
1.216
1.367
1.321
1.296
1.272
1.346
1.267
1.222
1.330
1.221
1.206
1.238
1.228
1.213
1.241
1.265
1.250
1.258
1.230
1.280
1.132
1.235
1.191
1.223
1.342
1.298
1.125
1.200
1.211
1.236
1.296
1.281
1.226
1.227
1.282
1.184
1.269
1.286
1.335
1.230
1.289
1.224
1.391
1.102
1.293
1.325
1.244
1.169
1.328
1.236
1.257
1.098
1.157
1.259
1.234
1.220
1.188
1.360
1.342
1.173
1.215
1.222
1.089
1.310
1.253
1.137
1.215
1.170
1.205
1.192
1.210
1.156
1.131
1.337
1.128
1.171
1.120
1.190
1.265
1.164
1.216
1.146
1.216
1.204
1.141
1.097
1.179
1.235
1.139
1.160
1.017
1.088
1.322
1.158
1.294
1.131
1.099
1.191
1.195
1.205
1.174
1.114
1.271
1.234
1.175
1.182
1.237
1.243
1.263
1.357
1.232
1.238
1.220
1.217
1.211
1.108
1.332
1.122
1.235
1.210
1.168
1.266
1.200
1.196
1.222
1.211
1.181
1.228
1.307
1.165
1.159
1.227
1.190
1.205
1.348
1.374
1.082
1.107
1.141
1.165
1.173
1.223
1.215
1.220
1.119
1.358
1.244
1.259
1.209
1.207
1.201
1.203
1.249
1.137
1.142
1.138
1.191
1.300
1.150
1.173
1.259
1.197
1.293
1.295
1.185
1.202
1.123
1.205
1.055
1.151
1.447
1.241
1.131
1.287
1.075
1.095
1.192
1.204
1.250
1.304
1.191
1.242
1.227
1.348
1.262
1.237
1.242
1.175
1.286
1.244
1.195
1.249
1.268
1.283
1.257
1.256
1.304
1.307
1.275
1.286
1.187
1.290
1.212
1.282
1.153
1.336
1.286
1.260
1.181
1.288
1.340
1.381
1.254
1.298
1.184
1.233
1.270
1.363
1.343
1.313
1.231
1.151
1.278
1.309
1.318
1.139
1.149
1.242
1.246
1.210
1.276
1.235
1.245
1.243
1.281
1.247
1.283
1.337
1.288
1.299
1.226
1.201
1.294
1.330
1.195
1.245
1.215
1.252
1.165
1.173
1.226
1.265
1.225
1.319
1.105
1.315
1.300
1.352
1.242
1.346
1.228
1.292
1.377
1.405
1.148
1.198
1.214
1.310
1.299
1.225
1.308
1.227
1.388
1.317
1.188
1.308
1.209
1.201
1.283
1.169
1.237
1.257
1.348
1.274
1.378
1.275
1.157
1.285
1.295
1.278
1.290
1.347
1.242
1.287
1.175
1.201
1.220
1.188
1.306
1.350
1.219
1.190
1.271
1.252
1.232
1.281
1.266
1.298
1.214
1.450
1.364
1.247
1.188
1.426
1.219
1.231
1.141
1.344
1.317
1.127
1.130
1.141
1.163
1.163
1.349
1.162
1.271
1.268
1.231
1.276
1.210
1.294
1.174
1.257
1.189
1.212
1.037
1.276
1.270
1.247
1.126
1.202
1.222
1.139
1.334
1.321
1.140
1.210
1.267
1.245
1.337
1.343
1.299
1.180
1.442
1.219
1.164
1.272
1.294
1.327
1.112
1.216
1.277
1.343
1.439
1.258
1.177
1.258
1.158
1.249
1.347
1.143
1.235
1.291
1.281
1.185
1.269
1.295
1.063
1.266
1.280
1.213
1.272
1.363
1.417
1.257
1.244
1.184
1.285
1.329
1.251
1.224
1.227
1.288
1.187
1.254
1.247
1.241
1.285
1.272
1.247
1.420
1.188
1.332
1.302
1.199
1.258
1.204
1.365
1.144
1.146
1.286
1.159
1.173
1.196
1.247
1.250
1.162
1.355
1.193
1.372
1.370
1.165
1.234
1.383
1.098
1.362
1.343
1.198
1.267
1.121
1.378
1.222
1.262
1.330
1.115
1.355
1.148
1.234
1.305
1.271
1.279
1.244
1.291
1.130
1.244
1.230
1.229
1.200
1.299
1.175
1.214
1.259
1.147
1.122
1.142
1.066
1.188
1.273
1.144
1.186
1.174
1.155
1.148
1.176
1.119
1.147
1.154
1.147
1.261
1.281
1.121
1.254
1.228
1.251
1.079
1.243
1.071
1.120
1.241
1.265
1.147
1.208
1.216
1.248
1.233
1.204
1.146
1.327
1.205
1.278
1.211
1.231
1.249
1.201
1.230
1.289
1.314
1.331
1.301
1.098
1.239
1.161
1.072
1.212
1.118
1.211
1.123
1.224
1.404
1.203
1.128
1.338
1.181
1.265
1.218
1.190
1.252
1.169
1.424
1.320
1.244
1.318
1.243
1.249
1.154
1.190
1.131
1.191
1.327
1.249
1.257
1.193
1.308
1.171
1.183
1.183
1.329
1.179
1.172
1.293
1.192
1.116
1.277
1.254
1.156
1.308
1.166
1.308
1.164
1.208
1.231
1.186
1.165
1.169
1.167
1.238
1.287
1.143
1.155
1.210
1.236
1.235
1.379
1.148
1.247
1.381
1.402
1.226
1.275
1.222
1.233
1.201
1.260
1.209
1.151
1.251
1.175
1.180
1.252
1.236
1.214
1.257
1.163
1.169
1.135
1.195
1.299
1.258
1.235
1.138
1.151
1.302
1.139
1.270
1.261
1.161
1.184
1.289
1.113
1.281
1.223
1.228
1.229
1.316
1.242
1.391
1.213
1.271
1.135
1.188
1.179
1.155
1.367
1.247
1.101
1.116
1.188
1.235
1.266
1.167
1.314
1.266
1.222
1.184
1.196
1.310
1.174
1.203
1.291
1.394
1.232
1.175
1.298
1.252
1.220
1.203
1.210
1.244
1.265
1.300
1.195
1.243
1.255
1.221
1.265
1.238
1.183
1.200
1.238
1.158
1.304
1.281
1.200
1.158
1.300
1.282
1.150
1.155
1.249
1.182
1.378
1.210
1.401
1.436
1.273
1.196
1.223
1.196
1.263
1.222
1.230
1.235
1.183
1.297
1.202
1.145
1.268
1.333
1.143
1.232
1.149
1.271
1.233
1.198
1.258
1.270
1.231
1.223
1.218
1.174
1.232
1.205
1.159
1.250
1.280
1.302
1.289
1.276
1.178
1.213
1.256
1.296
1.273
1.287
1.276
1.165
1.257
1.239
1.260
1.281
1.290
1.263
1.194
1.278
1.268
1.207
1.136
1.306
1.280
1.199
1.348
1.270
1.270
1.248
1.237
1.133
1.274
1.347
1.189
1.226
1.283
1.315
1.168
1.215
1.366
1.206
1.258
1.205
1.434
1.222
1.322
1.189
1.248
1.130
1.290
1.266
1.278
1.370
1.144
1.281
1.247
1.328
1.352
1.183
1.148
1.372
1.142
1.119
1.271
1.206
1.406
1.190
1.301
1.236
1.151
1.192
1.153
1.222
1.270
1.332
1.320
1.252
1.240
1.205
1.198
1.189
1.265
1.365
1.239
1.156
1.262
1.322
1.218
1.228
1.134
1.229
1.181
1.151
1.213
1.399
1.106
1.260
1.348
1.275
1.186
1.125
1.224
1.144
1.398
1.201
1.256
1.201
1.167
1.182
1.158
1.227
1.283
1.321
1.345
1.297
1.145
1.191
1.168
1.253
1.179
1.332
1.154
1.224
1.269
1.164
1.208
1.373
1.170
1.149
1.235
1.243
1.185
1.235
1.192
1.229
1.123
1.273
1.177
1.298
1.208
1.154
1.272
1.251
1.193
1.201
1.269
1.210
1.202
1.307
1.227
1.290
1.170
1.245
1.243
1.086
1.245
1.199
1.262
1.352
1.297
1.269
1.324
1.200
1.218
1.265
1.232
1.172
1.471
1.308
1.312
1.208
1.159
1.253
1.187
1.202
1.257
1.256
1.132
1.440
1.076
1.332
1.163
1.260
1.220
1.231
1.174
1.204
1.145
1.270
1.145
1.276
1.204
1.173
1.225
1.276
1.205
1.225
1.108
1.230
1.320
1.311
1.222
1.216
1.183
1.203
1.215
1.195
1.134
1.292
1.197
1.265
1.176
1.229
1.340
1.274
1.270
1.237
1.185
1.167
1.260
1.157
1.270
1.209
1.318
1.170
1.182
1.186
1.318
1.366
1.372
1.294
1.178
1.151
1.362
1.129
1.247
1.366
1.257
1.154
1.369
1.357
1.177
1.227
1.188
1.345
1.223
1.235
1.244
1.287
1.153
1.257
1.276
1.215
1.235
1.260
1.270
1.345
1.251
1.122
1.247
1.223
1.286
1.135
1.294
1.097
1.255
1.096
1.325
1.176
1.288
1.291
1.333
1.185
1.165
1.291
1.376
1.333
1.131
1.249
1.132
1.087
1.376
1.336
1.254
1.142
1.114
1.203
1.279
1.291
1.227
1.231
1.200
1.199
1.144
1.289
1.138
1.327
1.224
1.265
1.177
1.268
1.232
1.349
1.283
1.218
1.333
1.212
1.319
1.213
1.274
1.257
1.191
1.275
1.231
1.214
1.111
1.216
1.142
1.244
1.218
1.221
1.267
1.307
1.197
1.351
1.385
1.175
1.210
1.212
1.209
1.218
1.283
1.194
1.213
1.308
1.251
1.304
1.323
1.261
1.238
1.263
1.363
1.264
1.229
1.187
1.220
1.334
1.198
1.128
1.171
1.212
1.241
1.146
1.318
1.215
1.333
1.102
1.276
1.298
1.242
1.278
1.106
1.191
1.286
1.270
1.256
1.303
1.173
1.340
1.274
1.158
1.082
1.333
1.363
1.163
1.267
1.232
1.288
1.101
1.266
1.162
1.134
1.251
1.165
1.212
1.303
1.341
1.252
1.211
1.172
1.426
1.256
1.272
1.271
1.320
1.291
1.203
1.203
1.226
1.196
1.256
1.234
1.198
1.230
1.342
1.166
1.249
1.251
1.312
1.121
1.226
1.235
1.242
1.204
1.310
1.333
1.460
1.123
1.335
1.251
1.273
1.355
1.239
1.364
1.293
1.309
1.203
1.273
1.174
1.381
1.384
1.408
1.155
1.169
1.448
1.272
1.249
1.310
1.176
1.125
1.191
1.305
1.289
1.297
1.294
1.252
1.263
1.223
1.248
1.327
1.242
1.274
1.314
1.379
1.286
1.237
1.375
1.331
1.139
1.174
1.232
1.253
1.221
1.250
1.295
1.168
1.225
1.344
1.292
1.201
1.138
1.173
1.304
1.213
1.226
1.272
1.216
1.236
1.220
1.418
1.278
1.235
1.256
1.251
1.344
1.251
1.329
1.243
1.204
1.207
1.314
1.176
1.266
1.181
1.261
1.208
1.276
1.154
1.217
1.412
1.368
1.278
1.139
1.255
1.232
1.263
1.231
1.090
1.137
1.130
1.242
1.227
1.317
1.254
1.222
1.397
1.250
1.150
1.127
1.215
1.198
1.424
1.190
1.313
1.296
1.303
1.217
1.235
1.331
1.260
1.330
1.222
1.171
1.258
1.273
1.296
1.269
1.262
1.233
1.383
1.323
1.283
1.169
1.363
1.274
1.231
1.145
1.199
1.167
1.298
1.195
1.184
1.133
1.252
1.434
1.234
1.142
1.338
1.164
1.219
1.163
1.258
1.513
1.289
1.269
1.168
1.226
1.221
1.178
1.222
1.216
1.188
1.313
1.320
1.223
1.242
1.201
1.289
1.375
1.281
1.184
1.290
1.270
1.214
1.283
1.270
1.291
1.195
1.178
1.276
1.270
1.358
1.261
1.165
1.191
1.302
1.226
1.336
1.372
1.220
1.268
1.324
1.204
1.325
1.267
1.191
1.200
1.176
1.278
1.244
1.280
1.172
1.270
1.271
1.242
1.167
1.243
1.196
1.226
1.195
1.287
1.179
1.203
1.299
1.253
1.341
1.222
1.237
1.148
1.386
1.133
1.252
1.227
1.251
1.366
1.302
1.250
1.233
1.096
1.167
1.089
1.282
1.282
1.257
1.216
1.091
1.202
1.389
1.242
1.293
1.195
1.220
1.210
1.348
1.296
1.190
1.244
1.180
1.400
1.217
1.089
1.218
1.213
1.238
1.270
1.196
1.349
1.177
1.343
1.267
1.119
1.307
1.287
1.316
1.276
1.133
1.237
1.258
1.208
1.209
1.264
1.153
1.391
1.209
1.304
1.327
1.178
1.139
1.151
1.309
1.238
1.282
1.236
1.180
1.241
1.312
1.255
1.308
1.253
1.236
1.273
1.281
1.315
1.321
1.169
1.248
1.259
1.343
1.262
1.228
1.168
1.258
1.158
1.267
1.301
1.313
1.265
1.252
1.222
1.170
1.222
1.280
1.233
1.131
1.218
1.306
1.180
1.278
1.138
1.259
1.398
1.246
1.225
1.155
1.205
1.148
1.140
1.193
1.265
1.200
1.124
1.260
1.285
1.265
1.345
1.133
1.323
1.280
1.058
1.144
1.393
1.249
1.174
1.371
1.369
1.177
1.265
1.240
1.353
1.172
1.304
1.305
1.146
1.150
1.121
1.141
1.347
1.305
1.285
1.192
1.125
1.323
1.175
1.196
1.271
1.133
1.145
1.222
1.195
1.039
1.160
1.149
1.281
1.206
1.239
1.100
1.181
1.225
1.223
1.196
1.213
1.160
1.273
1.196
1.117
1.291
1.158
1.202
1.318
1.301
1.198
1.322
1.317
1.192
1.147
1.215
1.183
1.262
1.319
1.243
1.130
1.228
1.302
1.329
1.211
1.158
1.276
1.150
1.233
1.282
1.236
1.231
1.248
1.277
1.281
1.222
1.174
1.189
1.333
1.191
1.202
1.283
1.255
1.223
1.278
1.304
1.196
1.267
1.353
1.189
1.299
1.319
1.078
1.145
1.182
1.267
1.218
1.165
1.214
1.231
1.305
1.195
1.202
1.359
1.157
1.234
1.287
1.153
1.280
1.296
1.178
1.163
1.312
1.384
1.189
1.164
1.188
1.199
1.218
1.287
1.212
1.279
1.164
1.251
1.150
1.230
1.222
1.393
1.218
1.352
1.263
1.245
1.309
1.283
1.201
1.247
1.303
1.195
1.240
1.262
1.296
1.294
1.207
1.201
1.201
1.177
1.228
1.199
1.152
1.204
1.238
1.221
1.203
1.301
1.162
1.299
1.249
1.115
1.192
1.344
1.228
1.208
1.162
1.188
1.239
1.313
1.192
1.260
1.210
1.216
1.270
1.163
1.199
1.271
1.168
1.171
1.290
1.223
1.424
1.274
1.193
1.256
1.143
1.313
1.277
1.179
1.290
1.203
1.306
1.345
1.231
1.318
1.158
1.243
1.284
1.308
1.126
1.302
1.234
1.173
1.288
1.196
1.224
1.235
1.263
1.329
1.316
1.228
1.113
1.311
1.215
1.302
1.321
1.268
1.100
1.237
1.199
1.052
1.225
1.153
1.234
1.253
1.272
1.220
1.305
1.141
1.161
1.205
1.256
1.218
1.289
1.228
1.189
1.159
1.268
1.311
1.180
1.286
1.360
1.233
1.099
1.196
1.266
1.201
1.311
1.202
1.285
1.280
1.216
1.301
1.273
1.240
1.314
1.217
1.342
1.226
1.210
1.332
1.187
1.322
1.256
1.350
1.143
1.394
1.193
1.288
1.234
1.128
1.245
1.193
1.207
1.130
1.476
1.259
1.195
1.297
1.289
1.150
1.196
1.273
1.199
1.282
1.294
1.166
1.252
1.369
1.175
1.332
1.166
1.331
1.237
1.165
1.282
1.333
1.363
1.227
1.165
1.171
1.379
1.135
1.214
1.282
1.258
1.159
1.195
1.192
1.293
1.203
1.243
1.172
1.255
1.258
1.269
1.175
1.242
1.249
1.165
1.182
1.361
1.171
1.284
1.218
1.214
1.169
1.304
1.138
1.207
1.243
1.244
1.175
1.275
1.249
1.349
1.149
1.205
1.292
1.357
1.128
1.153
1.149
1.107
1.167
1.325
1.222
1.293
1.305
1.173
1.101
1.341
1.231
1.190
1.158
1.254
1.279
1.166
1.229
1.254
1.216
1.134
1.206
1.292
1.208
1.116
1.344
1.103
1.224
1.295
1.309
1.199
1.228
1.208
1.245
1.308
1.265
1.245
1.219
1.227
1.241
1.319
1.339
1.213
1.262
1.288
1.297
1.163
1.207
1.231
1.183
1.214
1.200
1.118
1.297
1.221
1.252
1.244
1.214
1.166
1.293
1.215
1.236
1.210
1.314
1.303
1.328
1.408
1.249
1.159
1.271
1.258
1.297
1.173
1.434
1.185
1.270
1.492
1.161
1.214
1.312
1.192
1.386
1.380
1.215
1.162
1.191
1.211
1.247
1.236
1.295
1.220
1.349
1.265
1.173
1.252
1.162
1.244
1.329
1.082
1.239
1.387
1.204
1.256
1.193
1.171
1.256
1.223
1.227
1.364
1.131
1.260
1.278
1.313
1.200
1.183
1.244
1.165
1.433
1.226
1.305
1.330
1.236
1.185
1.207
1.223
1.293
1.366
1.220
1.337
1.156
1.342
1.348
1.228
1.299
1.150
1.250
1.145
1.308
1.294
1.275
1.310
1.090
1.285
1.243
1.260
1.251
1.194
1.333
1.172
1.191
1.262
1.058
1.190
1.205
1.335
1.079
1.248
1.319
1.250
1.185
1.179
1.304
1.188
1.215
1.271
1.161
1.312
1.373
1.321
1.072
1.144
1.178
1.085
1.231
1.294
1.294
1.054
1.211
1.207
1.265
1.354
1.162
1.191
1.448
1.248
1.191
1.358
1.182
1.213
1.194
1.226
1.215
1.136
1.289
1.251
1.209
1.231
1.253
1.232
1.184
1.309
1.284
1.211
1.229
1.110
1.254
1.270
1.317
1.288
1.141
1.345
1.228
1.220
1.251
1.160
1.250
1.281
1.085
1.251
1.270
1.184
1.148
1.205
1.313
1.201
1.260
1.331
1.177
1.170
1.192
1.169
1.296
1.117
1.182
1.155
1.135
1.273
1.177
1.246
1.427
1.268
1.318
1.187
1.245
1.276
1.365
1.219
1.213
1.211
1.148
1.184
1.309
1.169
1.266
1.264
1.234
1.105
1.251
1.178
1.200
1.200
1.124
1.128
1.176
1.337
1.269
1.275
1.111
1.170
1.267
1.165
1.319
1.237
1.395
1.259
1.215
1.344
1.320
1.354
1.253
1.285
1.272
1.176
1.186
1.183
1.233
1.275
1.208
1.372
1.336
1.129
1.192
1.353
1.248
1.457
1.190
1.229
1.206
1.266
1.136
1.261
1.252
1.167
1.237
1.212
1.200
1.306
1.216
1.291
1.233
1.327
1.278
1.180
1.241
1.158
1.293
1.239
1.225
1.389
1.271
1.182
1.279
1.156
1.195
1.413
1.207
1.272
1.194
1.258
1.210
1.227
1.261
1.309
1.259
1.229
1.396
1.233
1.245
1.254
1.239
1.291
1.372
1.189
1.222
1.221
1.270
1.243
1.244
1.246
1.370
1.297
1.126
1.196
1.222
1.285
1.360
1.163
1.217
1.210
1.284
1.273
1.242
1.292
1.259
1.221
1.178
1.262
1.186
1.215
1.293
1.315
1.348
1.216
1.211
1.279
1.214
1.223
1.228
1.160
1.261
1.279
1.251
1.263
1.449
1.166
1.226
1.290
1.302
1.266
1.237
1.263
1.245
1.421
1.290
1.212
1.489
1.289
1.332
1.187
1.296
1.318
1.169
1.220
1.139
1.288
1.224
1.362
1.247
1.256
1.253
1.380
1.293
1.211
1.399
1.338
1.261
1.218
1.232
1.212
1.229
1.149
1.243
1.161
1.237
1.342
1.237
1.313
1.357
1.406
1.421
1.199
1.289
1.237
1.243
1.226
1.260
1.242
1.277
1.261
1.285
1.215
1.369
1.147
1.214
1.274
1.120
1.260
1.287
1.165
1.198
1.197
1.417
1.411
1.358
1.205
1.205
1.191
1.271
1.263
1.199
1.286
1.206
1.282
1.161
1.459
1.212
1.090
1.157
1.257
1.193
1.214
1.313
1.220
1.311
1.381
1.226
1.284
1.261
1.313
1.305
1.258
1.301
1.198
1.407
1.240
1.272
1.136
1.205
1.288
1.235
1.261
1.346
1.231
1.349
1.239
1.269
1.326
1.307
1.194
1.138
1.235
1.224
1.221
1.273
1.204
1.181
1.310
1.303
1.317
1.303
1.278
1.436
1.139
1.245
1.337
1.375
1.349
1.243
1.148
1.244
1.355
1.282
1.268
1.244
1.345
1.221
1.450
1.188
1.190
1.284
1.281
1.260
1.272
1.311
1.196
1.226
1.245
1.194
1.246
1.209
1.285
1.254
1.212
1.258
1.293
1.313
1.227
1.311
1.292
1.322
1.308
1.268
1.324
1.297
1.229
1.268
1.310
1.402
1.245
1.200
1.278
1.228
1.291
1.221
1.298
1.356
1.175
1.169
1.173
1.344
1.236
1.385
1.285
1.221
1.160
1.242
1.276
1.328
1.404
1.373
1.149
1.163
1.216
1.310
1.226
1.156
1.411
1.220
1.211
1.161
1.288
1.202
1.249
1.415
1.350
1.389
1.335
1.260
1.220
1.272
1.327
1.248
1.225
1.122
1.211
1.321
1.166
1.194
1.273
1.286
1.056
1.296
1.356
1.250
1.130
1.227
1.163
1.146
1.310
1.172
1.236
1.117
1.233
1.228
1.273
1.196
1.241
1.222
1.344
1.212
1.192
1.367
1.242
1.253
1.311
1.205
1.218
1.337
1.265
1.315
1.473
1.152
1.417
1.353
1.298
1.294
1.301
1.410
1.384
1.335
1.390
1.302
1.302
1.189
1.236
1.169
1.133
1.173
1.399
1.310
1.138
1.150
1.299
1.255
1.236
1.121
1.317
1.281
1.311
1.276
1.318
1.170
1.192
1.075
1.224
1.259
1.181
1.162
1.394
1.256
1.289
1.268
1.312
1.271
1.308
1.150
1.261
1.220
1.086
1.152
1.130
1.211
1.232
1.263
1.232
1.109
1.164
1.147
1.205
1.128
1.171
1.328
1.156
1.250
1.164
1.376
1.260
1.340
1.195
1.310
1.237
1.222
1.164
1.203
1.331
1.193
1.412
1.266
1.341
1.259
1.306
1.169
1.210
1.257
1.157
1.266
1.151
1.322
1.132
1.195
1.230
1.353
1.344
1.162
1.248
1.203
1.211
1.284
1.227
1.343
1.257
1.168
1.191
1.242
1.324
1.212
1.259
1.230
1.389
1.220
1.247
1.223
1.298
1.302
1.152
1.318
1.219
1.234
1.289
1.110
1.189
1.250
1.149
1.302
1.223
1.177
1.172
1.285
1.170
1.267
1.201
1.308
1.154
1.154
1.254
1.206
1.144
1.180
1.164
1.280
1.317
1.274
1.171
1.215
1.199
1.236
1.242
1.168
1.153
1.246
1.258
1.215
1.166
1.252
1.261
1.267
1.231
1.256
1.333
1.191
1.192
1.289
1.240
1.111
1.274
1.237
1.218
1.213
1.303
1.304
1.191
1.375
1.273
1.258
1.309
1.301
1.170
1.260
1.198
1.286
1.291
1.310
1.309
1.212
1.421
1.210
1.214
1.289
1.207
1.338
1.225
1.304
1.311
1.467
1.254
1.230
1.133
1.193
1.340
1.275
1.304
1.214
1.300
1.269
1.156
1.390
1.233
1.305
1.353
1.265
1.252
1.120
1.251
1.310
1.248
1.258
1.299
