0.178
0.195
0.211
0.251
0.253
0.328
0.131
0.120
0.190
0.208
0.226
0.104
0.168
0.146
0.167
0.246
0.092
0.181
0.211
0.110
0.206
0.178
0.258
0.118
0.165
0.202
0.125
0.151
0.109
0.107
0.243
0.152
0.135
0.158
0.095
0.218
0.090
0.023
0.185
0.229
0.183
0.123
0.253
0.216
0.156
0.103
0.218
0.105
0.116
0.190
0.121
0.223
0.163
0.244
0.098
0.250
0.087
0.263
0.232
0.218
0.229
0.194
0.182
0.166
0.124
0.152
0.128
0.150
0.184
0.132
0.165
0.103
0.158
0.258
0.196
0.210
0.098
0.216
0.110
0.136
0.109
0.123
0.149
0.098
0.142
0.200
0.210
0.209
0.136
0.119
0.098
0.178
0.249
0.174
0.229
0.202
0.161
0.175
0.229
0.083
0.098
0.131
0.145
0.159
0.253
0.124
0.169
0.142
0.189
0.218
0.241
0.196
0.184
0.179
0.114
0.282
0.200
0.197
0.183
0.091
0.184
0.167
0.180
0.134
0.143
0.137
0.113
0.118
0.234
0.239
0.219
0.161
0.191
0.177
0.115
0.156
0.227
0.135
0.144
0.081
0.137
0.283
0.141
0.122
0.191
0.201
0.182
0.131
0.201
0.216
0.185
0.219
0.117
0.107
0.081
0.232
0.155
0.233
0.213
0.205
0.192
0.098
0.158
0.275
0.110
0.194
0.161
0.218
0.151
0.150
0.099
0.209
0.257
0.249
0.132
0.201
0.165
0.111
0.120
0.191
0.253
0.170
0.193
0.191
0.106
0.145
0.240
0.114
0.183
0.164
0.162
0.192
0.206
0.259
0.092
0.120
0.159
0.205
0.265
0.137
0.263
0.204
0.219
0.238
0.129
0.192
0.301
0.116
0.244
0.272
0.110
0.234
0.160
0.182
0.169
0.134
0.121
0.229
0.167
0.144
0.318
0.136
0.206
0.134
0.133
0.225
0.181
0.235
0.131
0.266
0.181
0.246
0.204
0.152
0.252
0.096
0.109
0.142
0.184
0.229
0.159
0.108
0.277
0.108
0.127
0.204
0.098
0.159
0.199
0.227
0.261
0.134
0.234
0.245
0.255
0.241
0.240
0.255
0.117
0.204
0.213
0.137
0.135
0.123
0.211
0.137
0.239
0.129
0.163
0.183
0.162
0.104
0.189
0.204
0.153
0.096
0.204
0.098
0.112
0.137
0.186
0.167
0.125
0.209
0.267
0.295
0.073
0.089
0.106
0.111
0.148
0.229
0.114
0.183
0.173
0.193
0.229
0.165
0.149
0.162
0.064
0.197
0.134
0.246
0.170
0.108
0.109
0.176
0.210
0.285
0.184
0.112
0.136
0.217
0.159
0.127
0.201
0.090
0.173
0.235
0.080
0.117
0.176
0.231
0.155
0.019
0.233
0.167
0.166
0.259
0.190
0.188
0.118
0.190
0.153
0.199
0.205
0.034
0.226
0.117
0.134
0.142
0.201
0.177
0.222
0.117
0.118
0.208
0.220
0.029
0.100
0.198
0.119
0.185
0.151
0.219
0.214
0.210
0.148
0.142
0.031
0.132
0.244
0.184
0.193
0.120
0.177
0.165
0.261
0.189
0.232
0.149
0.161
0.080
0.152
0.112
0.162
0.249
0.102
0.192
0.205
0.142
0.180
0.241
0.235
0.188
0.223
0.116
0.145
0.250
0.206
0.128
0.211
0.188
0.125
0.128
0.113
0.147
0.174
0.141
0.213
0.212
0.124
0.028
0.092
0.130
0.167
0.163
0.160
0.225
0.192
0.196
0.185
0.125
0.116
0.132
0.234
0.109
0.106
0.099
0.082
0.235
0.120
0.195
0.083
0.136
0.111
0.233
0.184
0.167
0.106
0.278
0.125
0.121
0.112
0.206
0.214
0.103
0.191
0.231
0.226
0.154
0.182
0.142
0.255
0.215
0.192
0.223
0.180
0.189
0.098
0.177
0.155
0.172
0.026
0.180
0.248
0.156
0.124
0.137
0.098
0.162
0.208
0.231
0.159
0.127
0.092
0.159
0.149
0.260
0.161
0.104
0.214
0.220
0.230
0.104
0.146
0.095
0.112
0.204
0.214
0.119
0.161
0.203
0.187
0.137
0.089
0.195
0.229
0.142
0.130
0.122
0.221
0.097
0.125
0.206
0.264
0.228
0.118
0.149
0.244
0.171
0.165
0.207
0.249
0.139
0.198
0.203
0.209
0.166
0.123
0.123
0.180
0.136
0.201
0.226
0.177
0.100
0.181
0.216
0.208
0.181
0.165
0.182
0.181
0.253
0.026
0.109
0.024
0.139
0.093
0.162
0.236
0.152
0.104
0.135
0.192
0.208
0.157
0.201
0.144
0.112
0.189
0.172
0.229
0.119
0.198
0.246
0.162
0.150
0.246
0.186
0.198
0.198
0.208
0.215
0.145
0.118
0.269
0.217
0.103
0.192
0.081
0.237
0.223
0.145
0.098
0.190
0.113
0.203
0.268
0.111
0.192
0.235
0.189
0.149
0.163
0.126
0.194
0.123
0.186
0.288
0.157
0.174
0.137
0.216
0.132
0.160
0.096
0.101
0.216
0.136
0.235
0.151
0.179
0.112
0.190
0.208
0.126
0.150
0.101
0.165
0.100
0.195
0.118
0.142
0.221
0.258
0.251
0.176
0.270
0.119
0.129
0.140
0.185
0.169
0.174
0.223
0.262
0.185
0.211
0.103
0.104
0.085
0.216
0.125
0.111
0.182
0.154
0.247
0.120
0.085
0.144
0.236
0.150
0.116
0.166
0.172
0.118
0.182
0.137
0.101
0.182
0.129
0.205
0.222
0.115
0.160
0.221
0.263
0.148
0.221
0.118
0.139
0.211
0.263
0.170
0.105
0.218
0.168
0.129
0.176
0.124
0.181
0.175
0.138
0.081
0.263
0.172
0.165
0.225
0.197
0.153
0.218
0.184
0.256
0.181
0.207
0.236
0.197
0.134
0.228
0.248
0.200
0.196
0.090
0.199
0.154
0.139
0.172
0.126
0.216
0.170
0.196
0.209
0.187
0.201
0.159
0.106
0.125
0.171
0.112
0.122
0.170
0.191
0.209
0.098
0.170
0.110
0.231
0.153
0.084
0.173
0.169
0.129
0.131
0.043
0.141
0.174
0.190
0.125
0.087
0.224
0.173
0.132
0.180
0.111
0.218
0.159
0.125
0.223
0.266
0.220
0.280
0.231
0.252
0.079
0.158
0.114
0.213
0.188
0.222
0.198
0.123
0.191
0.189
0.215
0.192
0.131
0.199
0.130
0.108
0.150
0.251
0.132
0.239
0.120
0.272
0.167
0.189
0.233
0.116
0.122
0.176
0.159
0.261
0.189
0.182
0.253
0.150
0.193
0.129
0.124
0.162
0.173
0.209
0.219
0.217
0.121
0.118
0.192
0.216
0.136
0.194
0.147
0.118
0.147
0.165
0.111
0.158
0.097
0.157
0.122
0.078
0.149
0.220
0.123
0.125
0.105
0.145
0.112
0.091
0.171
0.173
0.093
0.245
0.107
0.122
0.124
0.146
0.226
0.165
0.211
0.144
0.212
0.109
0.139
0.143
0.214
0.149
0.187
0.240
0.200
0.208
0.175
0.209
0.100
0.192
0.168
0.186
0.194
0.200
0.112
0.153
0.212
0.221
0.207
0.209
0.167
0.143
0.122
0.194
0.151
0.093
0.102
0.129
0.194
0.122
0.223
0.105
0.131
0.155
0.253
0.146
0.213
0.217
0.111
0.101
0.170
0.167
0.204
0.212
0.121
0.277
0.132
0.249
0.196
0.153
0.120
0.108
0.148
0.136
0.160
0.120
0.215
0.206
0.260
0.161
0.205
0.116
0.164
0.172
0.182
0.224
0.159
0.178
0.195
0.249
0.223
0.194
0.231
0.208
0.139
0.183
0.204
0.118
0.123
0.177
0.150
0.237
0.097
0.186
0.203
0.251
0.183
0.080
0.169
0.134
0.183
0.133
0.240
0.255
0.100
0.162
0.189
0.235
0.207
0.149
0.112
0.241
0.149
0.151
0.170
0.243
0.124
0.098
0.088
0.184
0.180
0.154
0.124
0.211
0.099
0.113
0.110
0.193
0.112
0.150
0.219
0.253
0.107
0.246
0.101
0.123
0.118
0.194
0.112
0.175
0.235
0.274
0.246
0.146
0.153
0.159
0.227
0.240
0.142
0.167
0.097
0.109
0.161
0.296
0.178
0.143
0.260
0.103
0.176
0.245
0.144
0.129
0.095
0.114
0.182
0.162
0.222
0.196
0.206
0.193
0.123
0.203
0.092
0.235
0.115
0.098
0.161
0.132
0.113
0.113
0.200
0.111
0.076
0.271
0.265
0.244
0.260
0.160
0.104
0.166
0.174
0.144
0.234
0.207
0.108
0.166
0.079
0.261
0.088
0.176
0.147
0.122
0.246
0.228
0.180
0.142
0.168
0.230
0.142
0.244
0.236
0.094
0.177
0.180
0.105
0.102
0.166
0.155
0.190
0.273
0.132
0.091
0.217
0.206
0.127
0.145
0.248
0.168
0.114
0.270
0.194
0.220
0.121
0.201
0.130
0.233
0.117
0.208
0.171
0.078
0.201
0.215
0.226
0.176
0.141
0.162
0.183
0.162
0.190
0.121
0.118
0.150
0.158
0.246
0.114
0.140
0.124
0.149
0.238
0.241
0.224
0.140
0.201
0.171
0.103
0.150
0.186
0.207
0.227
0.179
0.178
0.213
0.103
0.018
0.084
0.221
0.154
0.122
0.112
0.216
0.205
0.234
0.213
0.129
0.137
0.156
0.183
0.120
0.158
0.082
0.202
0.162
0.174
0.197
0.153
0.263
0.155
0.182
0.123
0.170
0.182
0.220
0.125
0.183
0.113
0.197
0.129
0.161
0.158
0.124
0.206
0.129
0.183
0.102
0.199
0.232
0.281
0.104
0.195
0.176
0.150
0.203
0.246
0.251
0.104
0.192
0.091
0.092
0.254
0.149
0.125
0.111
0.098
0.087
0.180
0.099
0.166
0.228
0.099
0.195
0.132
0.108
0.153
0.230
0.196
0.230
0.203
0.207
0.179
0.188
0.289
0.162
0.272
0.198
0.168
0.107
0.106
0.266
0.111
0.098
0.207
0.250
0.179
0.113
0.123
0.074
0.258
0.156
0.105
0.212
0.089
0.205
0.130
0.181
0.168
0.245
0.182
0.152
0.174
0.177
0.111
0.203
0.162
0.080
0.173
0.187
0.192
0.207
0.177
0.239
0.162
0.214
0.170
0.211
0.155
0.266
0.091
0.119
0.210
0.287
0.180
0.169
0.184
0.144
0.101
0.192
0.214
0.223
0.171
0.088
0.156
0.187
0.188
0.211
0.099
0.105
0.222
0.180
0.122
0.133
0.182
0.225
0.239
0.118
0.167
0.076
0.163
0.180
0.131
0.224
0.123
0.124
0.120
0.094
0.128
0.095
0.109
0.179
0.216
0.206
0.185
0.122
0.164
0.112
0.155
0.117
0.105
0.209
0.185
0.150
0.220
0.238
0.198
0.219
0.124
0.189
0.110
0.307
0.131
0.221
0.172
0.103
0.211
0.169
0.215
0.257
0.191
0.111
0.146
0.223
0.212
0.166
0.174
0.134
0.177
0.095
0.282
0.102
0.245
0.205
0.144
0.168
0.160
0.112
0.164
0.139
0.198
0.195
0.134
0.177
0.243
0.227
0.091
0.190
0.120
0.107
0.292
0.111
0.251
0.159
0.116
0.145
0.302
0.092
0.200
0.099
0.121
0.220
0.183
0.191
0.113
0.189
0.133
0.177
0.163
0.142
0.099
0.115
0.120
0.167
0.126
0.113
0.171
0.121
0.167
0.159
0.187
0.203
0.212
0.217
0.195
0.236
0.149
0.169
0.154
0.152
0.123
0.086
0.182
0.100
0.100
0.153
0.116
0.213
0.113
0.162
0.195
0.176
0.225
0.181
0.287
0.107
0.115
0.128
0.120
0.197
0.128
0.119
0.187
0.192
0.080
0.226
0.100
0.119
0.148
0.153
0.164
0.115
0.068
0.229
0.112
0.181
0.257
0.178
0.149
0.210
0.110
0.185
0.164
0.174
0.207
0.116
0.191
0.176
0.229
0.238
0.182
0.124
0.113
0.169
0.108
0.146
0.207
0.081
0.167
0.157
0.078
0.229
0.189
0.166
0.210
0.134
0.139
0.094
0.118
0.210
0.210
0.191
0.236
0.180
0.132
0.180
0.194
0.282
0.129
0.203
0.119
0.145
0.134
0.143
0.201
0.207
0.133
0.176
0.150
0.084
0.120
0.069
0.184
0.123
0.200
0.216
0.083
0.215
0.218
0.210
0.194
0.125
0.254
0.101
0.195
0.197
0.159
0.187
0.146
0.030
0.187
0.134
0.108
0.115
0.170
0.110
0.181
0.210
0.153
0.160
0.168
0.150
0.172
0.179
0.139
0.176
0.103
0.236
0.220
0.186
0.185
0.215
0.279
0.188
0.095
0.097
0.199
0.174
0.081
0.247
0.181
0.105
0.118
0.214
0.228
0.227
0.142
0.269
0.164
0.162
0.216
0.212
0.112
0.180
0.305
0.148
0.120
0.124
0.122
0.145
0.134
0.174
0.253
0.199
0.086
0.122
0.249
0.202
0.104
0.101
0.158
0.172
0.127
0.158
0.135
0.239
0.243
0.239
0.254
0.212
0.160
0.114
0.150
0.186
0.101
0.115
0.189
0.134
0.119
0.196
0.251
0.190
0.217
0.101
0.189
0.132
0.104
0.146
0.189
0.251
0.086
0.153
0.249
0.244
0.256
0.107
0.131
0.222
0.099
0.228
0.110
0.154
0.153
0.113
0.201
0.137
0.095
0.167
0.213
0.091
0.178
0.179
0.107
0.120
0.224
0.166
0.205
0.134
0.125
0.167
0.107
0.147
0.181
0.101
0.085
0.102
0.266
0.117
0.173
0.255
0.114
0.281
0.224
0.250
0.215
0.089
0.127
0.128
0.109
0.220
0.229
0.110
0.210
0.214
0.170
0.110
0.142
0.247
0.117
0.179
0.207
0.106
0.094
0.187
0.090
0.171
0.084
0.201
0.112
0.099
0.125
0.226
0.244
0.149
0.277
0.189
0.232
0.100
0.235
0.133
0.140
0.099
0.219
0.169
0.335
0.180
0.182
0.207
0.256
0.245
0.113
0.095
0.152
0.218
0.159
0.187
0.215
0.216
0.146
0.195
0.133
0.169
0.144
0.254
0.102
0.102
0.167
0.132
0.206
0.201
0.227
0.277
0.211
0.308
0.145
0.145
0.204
0.148
0.157
0.129
0.180
0.106
0.192
0.191
0.150
0.145
0.194
0.176
0.123
0.109
0.115
0.104
0.223
0.187
0.218
0.207
0.125
0.101
0.184
0.209
0.168
0.147
0.292
0.086
0.137
0.109
0.232
0.226
0.225
0.100
0.215
0.224
0.168
0.205
0.145
0.170
0.204
0.172
0.146
0.112
0.203
0.152
0.132
0.106
0.290
0.129
0.136
0.212
0.242
0.267
0.175
0.238
0.150
0.142
0.197
0.247
0.242
0.196
0.133
0.208
0.114
0.190
0.099
0.259
0.175
0.074
0.165
0.115
0.190
0.118
0.171
0.216
0.184
0.206
0.226
0.106
0.155
0.241
0.182
0.103
0.118
0.103
0.178
0.107
0.102
0.174
0.132
0.098
0.189
0.218
0.194
0.206
0.127
0.182
0.119
0.156
0.124
0.137
0.204
0.208
0.171
0.162
0.227
0.092
0.109
0.178
0.200
0.133
0.198
0.210
0.234
0.169
0.236
0.136
0.109
0.133
0.163
0.241
0.205
0.201
0.108
0.245
0.212
0.208
0.136
0.205
0.152
0.139
0.229
0.149
0.119
0.170
0.195
0.087
0.147
0.252
0.077
0.187
0.222
0.139
0.098
0.224
0.198
0.225
0.115
0.160
0.203
0.170
0.129
0.211
0.092
0.159
0.200
0.210
0.216
0.098
0.269
0.233
0.103
0.127
0.298
0.228
0.187
0.206
0.303
0.175
0.107
0.121
0.187
0.136
0.167
0.102
0.134
0.201
0.120
0.169
0.099
0.100
0.170
0.243
0.139
0.209
0.169
0.126
0.258
0.205
0.177
0.113
0.100
0.268
0.121
0.272
0.194
0.116
0.177
0.187
0.156
0.139
0.276
0.202
0.095
0.193
0.127
0.216
0.111
0.161
0.221
0.106
0.173
0.217
0.274
0.191
0.167
0.127
0.206
0.084
0.149
0.179
0.106
0.198
0.253
0.177
0.186
0.201
0.197
0.233
0.118
0.024
0.159
0.097
0.264
0.234
0.195
0.181
0.266
0.157
0.205
0.157
0.136
0.228
0.207
0.291
0.167
0.177
0.131
0.084
0.212
0.244
0.173
0.206
0.124
0.219
0.135
0.176
0.245
0.124
0.221
0.193
0.204
0.119
0.181
0.260
0.132
0.278
0.161
0.122
0.104
0.102
0.128
0.169
0.096
0.175
0.168
0.163
0.098
0.200
0.100
0.225
0.151
0.161
0.246
0.127
0.254
0.215
0.114
0.149
0.100
0.168
0.230
0.176
0.206
0.190
0.190
0.278
0.132
0.156
0.131
0.215
0.089
0.192
0.111
0.164
0.250
0.126
0.107
0.143
0.171
0.283
0.111
0.205
0.121
0.206
0.114
0.157
0.090
0.101
0.182
0.260
0.241
0.184
0.104
0.166
0.161
0.257
0.211
0.167
0.191
0.120
0.105
0.094
0.130
0.138
0.227
0.170
0.167
0.196
0.129
0.201
0.129
0.164
0.099
0.105
0.145
0.114
0.117
0.220
0.226
0.250
0.173
0.100
0.181
0.233
0.114
0.203
0.184
0.224
0.194
0.172
0.148
0.170
0.094
0.150
0.098
0.163
0.211
0.135
0.111
0.217
0.167
0.252
0.091
0.186
0.195
0.222
0.302
0.184
0.127
0.138
0.155
0.137
0.257
0.131
0.148
0.114
0.107
0.135
0.154
0.202
0.226
0.234
0.153
0.210
0.158
0.130
0.208
0.123
0.179
0.121
0.187
0.130
0.152
0.135
0.119
0.096
0.129
0.192
0.266
0.211
0.162
0.149
0.224
0.232
0.074
0.170
0.112
0.180
0.145
0.287
0.217
0.178
0.117
0.148
0.233
0.130
0.114
0.202
0.228
0.107
0.171
0.125
0.238
0.263
0.212
0.112
0.236
0.177
0.277
0.264
0.143
0.191
0.166
0.126
0.206
0.180
0.218
0.262
0.268
0.092
0.207
0.090
0.210
0.143
0.209
0.237
0.105
0.122
0.112
0.302
0.138
0.165
0.026
0.162
0.126
0.205
0.186
0.128
0.193
0.211
0.171
0.175
0.285
0.239
0.098
0.170
0.278
0.147
0.135
0.161
0.173
0.124
0.127
0.117
0.193
0.148
0.150
0.192
0.117
0.203
0.136
0.166
0.260
0.181
0.128
0.143
0.117
0.217
0.223
0.144
0.301
0.151
0.211
0.112
0.145
0.163
0.112
0.128
0.136
0.175
0.237
0.146
0.098
0.224
0.176
0.196
0.143
0.121
0.143
0.224
0.094
0.110
0.172
0.098
0.168
0.185
0.205
0.186
0.101
0.192
0.206
0.144
0.112
0.156
0.176
0.182
0.126
0.251
0.291
0.305
0.147
0.141
0.131
0.157
0.238
0.193
0.103
0.110
0.191
0.168
0.196
0.147
0.185
0.189
0.284
0.244
0.200
0.202
0.095
0.214
0.200
0.212
0.104
0.117
0.129
0.093
0.232
0.107
0.210
0.127
0.137
0.198
0.198
0.151
0.133
0.185
0.231
0.203
0.300
0.196
0.135
0.117
0.164
0.198
0.180
0.183
0.151
0.140
0.133
0.179
0.199
0.245
0.182
0.200
0.140
0.163
0.101
0.197
0.117
0.228
0.102
0.226
0.225
0.130
0.302
0.238
0.132
0.139
0.116
0.088
0.222
0.099
0.246
0.245
0.208
0.172
0.251
0.121
0.157
0.209
0.092
0.199
0.196
0.166
0.101
0.188
0.110
0.117
0.132
0.207
0.106
0.181
0.185
0.110
0.172
0.185
0.141
0.156
0.076
0.159
0.207
0.208
0.180
0.154
0.106
0.217
0.115
0.193
0.205
0.022
0.165
0.238
0.024
0.113
0.228
0.139
0.112
0.169
0.144
0.210
0.132
0.199
0.203
0.121
0.128
0.176
0.107
0.150
0.105
0.109
0.170
0.151
0.235
0.141
0.110
0.086
0.098
0.175
0.242
0.208
0.218
0.124
0.167
0.236
0.146
0.077
0.116
0.126
0.188
0.294
0.091
0.131
0.147
0.109
0.107
0.230
0.132
0.263
0.238
0.198
0.087
0.150
0.154
0.076
0.244
0.221
0.180
0.105
0.178
0.031
0.105
0.225
0.213
0.209
0.093
0.131
0.306
0.112
0.092
0.230
0.205
0.129
0.158
0.119
0.294
0.185
0.306
0.124
0.157
0.106
0.117
0.069
0.163
0.085
0.267
0.216
0.157
0.148
0.292
0.177
0.163
0.102
0.226
0.281
0.170
0.134
0.122
0.154
0.211
0.205
0.088
0.199
0.196
0.180
0.155
0.154
0.148
0.105
0.119
0.149
0.239
0.145
0.093
0.138
0.155
0.233
0.215
0.184
0.190
0.174
0.283
0.107
0.163
0.164
0.254
0.202
0.157
0.285
0.097
0.160
0.217
0.166
0.146
0.087
0.097
0.153
0.192
0.121
0.226
0.101
0.219
0.195
0.115
0.169
0.234
0.214
0.198
0.211
0.182
0.202
0.214
0.126
0.167
0.180
0.143
0.216
0.230
0.168
0.102
0.100
0.212
0.195
0.197
0.143
0.182
0.271
0.156
0.180
0.186
0.186
0.171
0.218
0.125
0.101
0.160
0.237
0.236
0.076
0.208
0.175
0.163
0.136
0.168
0.146
0.226
0.212
0.200
0.200
0.171
0.123
0.215
0.183
0.131
0.160
0.166
0.185
0.131
0.195
0.153
0.170
0.206
0.148
0.135
0.112
0.255
0.208
0.151
0.134
0.259
0.107
0.101
0.180
0.196
0.227
0.159
0.196
0.138
0.178
0.193
0.233
0.163
0.212
0.162
0.159
0.242
0.137
0.242
0.217
0.182
0.208
0.187
0.238
0.212
0.225
0.150
0.112
0.223
0.104
0.152
0.164
0.224
0.119
0.176
0.099
0.077
0.199
0.260
0.226
0.251
0.119
0.114
0.271
0.165
0.109
0.199
0.252
0.135
0.231
0.105
0.127
0.159
0.101
0.242
0.157
0.163
0.063
0.187
0.124
0.172
0.105
0.210
0.227
0.187
0.101
0.212
0.191
0.212
0.191
0.100
0.150
0.185
0.127
0.145
0.106
0.094
0.166
0.182
0.244
0.172
0.119
0.185
0.223
0.148
0.110
0.231
0.111
0.213
0.190
0.121
0.166
0.124
0.164
0.131
0.203
0.101
0.203
0.139
0.194
0.112
0.180
0.219
0.221
0.189
0.132
0.109
0.249
0.137
0.102
0.184
0.206
0.163
0.147
0.212
0.135
0.149
0.189
0.093
0.219
0.203
0.114
0.023
0.199
0.170
0.110
0.158
0.198
0.179
0.206
0.020
0.107
0.124
0.231
0.225
0.196
0.104
0.143
0.169
0.142
0.102
0.241
0.095
0.188
0.089
0.169
0.148
0.093
0.250
0.219
0.137
0.250
0.236
0.106
0.092
0.167
0.125
0.236
0.189
0.144
0.166
0.174
0.220
0.239
0.254
0.168
0.160
0.116
0.136
0.235
0.081
0.136
0.183
0.092
0.083
0.174
0.172
0.089
0.139
0.150
0.119
0.161
0.109
0.154
0.215
0.121
0.113
0.208
0.171
0.191
0.152
0.220
0.167
0.260
0.190
0.184
0.214
0.139
0.205
0.203
0.025
0.129
0.158
0.230
0.203
0.134
0.174
0.258
0.151
0.144
0.128
0.091
0.210
0.233
0.232
0.207
0.190
0.130
0.185
0.146
0.165
0.160
0.204
0.113
0.246
0.121
0.145
0.106
0.179
0.146
0.199
0.130
0.062
0.165
0.255
0.197
0.194
0.214
0.195
0.113
0.240
0.208
0.108
0.151
0.131
0.144
0.166
0.182
0.249
0.099
0.139
0.092
0.178
0.214
0.244
0.116
0.110
0.097
0.138
0.213
0.106
0.157
0.157
0.100
0.133
0.210
0.140
0.194
0.129
0.103
0.202
0.092
0.185
0.249
0.127
0.202
0.151
0.145
0.205
0.134
0.195
0.154
0.161
0.111
0.103
0.104
0.245
0.265
0.253
0.103
0.162
0.196
0.143
0.213
0.195
0.227
0.194
0.177
0.110
0.218
0.166
0.147
0.228
0.151
0.243
0.165
0.280
0.111
0.110
0.185
0.097
0.229
0.145
0.244
0.184
0.180
0.268
0.104
0.225
0.140
0.149
0.122
0.209
0.133
0.215
0.168
0.097
0.244
0.159
0.115
0.170
0.113
0.157
0.237
0.179
0.095
0.143
0.099
0.144
0.138
0.121
0.109
0.196
0.105
0.219
0.247
0.204
0.185
0.093
0.261
0.206
0.196
0.268
0.182
0.153
0.142
0.259
0.125
0.112
0.184
0.119
0.094
0.247
0.142
0.182
0.115
0.151
0.139
0.211
0.111
0.132
0.202
0.133
0.121
0.131
0.218
0.245
0.256
0.200
0.118
0.244
0.257
0.174
0.246
0.098
0.138
0.182
0.226
0.163
0.140
0.124
0.076
0.168
0.126
0.200
0.115
0.130
0.139
0.245
0.234
0.203
0.158
0.193
0.112
0.132
0.220
0.208
0.123
0.203
0.100
0.095
0.208
0.278
0.136
0.131
0.166
0.157
0.139
0.172
0.235
0.097
0.243
0.203
0.172
0.107
0.213
0.169
0.112
0.120
0.195
0.232
0.215
0.103
0.211
0.180
0.217
0.137
0.120
0.246
0.246
0.175
0.150
0.152
0.222
0.225
0.108
0.112
0.216
0.129
0.251
0.127
0.200
0.134
0.094
0.224
0.166
0.185
0.123
0.144
0.212
0.184
0.179
0.162
0.097
0.115
0.163
0.171
0.117
0.165
0.137
0.093
0.120
0.119
0.124
0.206
0.111
0.261
0.258
0.235
0.244
0.213
0.171
0.187
0.256
0.108
0.119
0.034
0.098
0.246
0.230
0.330
0.130
0.251
0.110
0.262
0.131
0.119
0.093
0.163
0.103
0.105
0.102
0.096
0.230
0.103
0.119
0.119
0.219
0.234
0.153
0.162
0.182
0.191
0.230
0.157
0.120
0.128
0.231
0.131
0.093
0.198
0.113
0.166
0.123
0.243
0.214
0.111
0.116
0.136
0.109
0.273
0.141
0.164
0.144
0.094
0.129
0.101
0.230
0.174
0.166
0.106
0.092
0.175
0.189
0.154
0.207
0.185
0.145
0.233
0.223
0.161
0.137
0.144
0.170
0.201
0.084
0.229
0.152
0.167
0.161
0.156
0.158
0.242
0.118
0.095
0.122
0.189
0.158
0.121
0.174
0.157
0.250
0.269
0.217
0.174
0.161
0.141
0.168
0.110
0.207
0.147
0.093
0.116
0.247
0.176
0.016
0.146
0.105
0.137
0.244
0.192
0.229
0.124
0.215
0.257
0.193
0.122
0.193
0.241
0.201
0.123
0.201
0.098
0.195
0.153
0.103
0.092
0.205
0.269
0.100
0.168
0.111
0.213
0.175
0.228
0.114
0.202
0.190
0.222
0.120
0.205
0.100
0.212
0.187
0.241
0.100
0.122
0.209
0.186
0.262
0.086
0.199
0.161
0.203
0.240
0.110
0.225
0.147
0.104
0.095
0.101
0.171
0.176
0.192
0.285
0.206
0.212
0.217
0.270
0.130
0.160
0.176
0.165
0.129
0.170
0.094
0.088
0.136
0.185
0.150
0.140
0.192
0.233
0.166
0.158
0.132
0.112
0.208
0.246
0.201
0.191
0.225
0.231
0.271
0.176
0.187
0.129
0.200
0.174
0.200
0.178
0.097
0.241
0.170
0.191
0.160
0.121
0.179
0.178
0.114
0.240
0.187
0.181
0.183
0.173
0.195
0.119
0.192
0.267
0.143
0.147
0.227
0.256
0.240
0.154
0.116
0.111
0.171
0.117
0.084
0.090
0.163
0.161
0.297
0.126
0.103
0.207
0.251
0.112
0.267
0.243
0.175
0.149
0.145
0.115
0.179
0.095
0.149
0.280
0.181
0.160
0.130
0.217
0.176
0.174
0.253
0.145
0.102
0.212
0.226
0.110
0.176
0.214
0.198
0.212
0.090
0.098
0.222
0.185
0.098
0.134
0.251
0.111
0.200
0.164
0.167
0.173
0.090
0.132
0.224
0.193
0.217
0.188
0.124
0.190
0.194
0.167
0.224
0.122
0.185
0.251
0.090
0.267
0.149
0.122
0.138
0.148
0.099
0.105
0.222
0.148
0.149
0.098
0.126
0.105
0.128
0.243
0.114
0.158
0.111
0.192
0.149
0.192
0.197
0.091
0.105
0.281
0.155
0.156
0.142
0.086
0.189
0.110
0.201
0.193
0.163
0.245
0.154
0.185
0.127
0.098
0.125
0.254
0.250
0.215
0.203
0.208
0.205
0.242
0.105
0.184
0.091
0.110
0.192
0.184
0.130
0.092
0.258
0.216
0.193
0.130
0.251
0.109
0.203
0.127
0.160
0.204
0.183
0.234
0.173
0.235
0.262
0.109
0.139
0.137
0.091
0.221
0.185
0.248
0.160
0.118
0.098
0.214
0.135
0.183
0.190
0.108
0.123
0.144
0.268
0.255
0.100
0.101
0.156
0.210
0.108
0.118
0.277
0.195
0.165
0.189
0.161
0.201
0.181
0.197
0.194
0.134
0.221
0.148
0.177
0.120
0.161
0.198
0.114
0.183
0.147
0.145
0.212
0.106
0.148
0.219
0.188
0.184
0.221
0.155
0.097
0.099
0.117
0.150
0.245
0.191
0.082
0.137
0.104
0.130
0.121
0.244
0.179
0.245
0.195
0.196
0.019
0.218
0.117
0.210
0.201
0.130
0.132
0.096
0.137
0.177
0.170
0.129
0.109
0.100
0.201
0.179
0.135
0.113
0.207
0.145
0.113
0.125
0.214
0.142
0.094
0.155
0.124
0.146
0.186
0.104
0.224
0.233
0.115
0.126
0.205
0.165
0.149
0.238
0.088
0.142
0.256
0.181
0.085
0.209
0.105
0.096
0.127
0.149
0.211
0.192
0.144
0.185
0.107
0.154
0.103
0.123
0.286
0.299
0.270
0.097
0.208
0.161
0.113
0.172
0.191
0.268
0.240
0.099
0.127
0.222
0.141
0.160
0.175
0.174
0.170
0.179
0.314
0.105
0.243
0.194
0.182
0.231
0.233
0.237
0.173
0.182
0.172
0.205
0.125
0.101
0.215
0.147
0.098
0.241
0.202
0.212
0.134
0.175
0.229
0.234
0.110
0.268
0.191
0.236
0.206
0.137
0.104
0.139
0.131
0.240
0.143
0.224
0.181
0.109
0.149
0.030
0.109
0.240
0.105
0.136
0.127
0.102
0.227
0.245
0.128
0.137
0.143
0.220
0.169
0.112
0.203
0.221
0.188
0.107
0.201
0.024
0.192
0.110
0.095
0.219
0.182
0.221
0.260
0.175
0.218
0.225
0.196
0.193
0.169
0.203
0.135
0.127
0.164
0.163
0.171
0.268
0.132
0.136
0.243
0.188
0.160
0.117
0.220
0.176
0.190
0.218
0.231
0.278
0.211
0.147
0.202
0.172
0.221
0.159
0.157
0.139
0.201
0.224
0.228
0.197
0.236
0.152
0.208
0.204
0.269
0.249
0.132
0.244
0.220
0.178
0.094
0.124
0.092
0.126
0.084
0.116
0.142
0.213
0.149
0.169
0.207
0.255
0.124
0.131
0.119
0.171
0.239
0.119
0.215
0.110
0.032
0.096
0.232
0.258
0.208
0.255
0.184
0.206
0.239
0.151
0.170
0.215
0.172
0.199
0.192
0.107
0.226
0.197
0.185
0.103
0.162
0.113
0.191
0.180
0.181
0.137
0.133
0.180
0.229
0.159
0.212
0.207
0.208
0.283
0.207
0.143
0.252
0.228
0.204
0.195
0.111
0.139
0.112
0.171
0.227
0.109
0.218
0.118
0.154
0.173
0.171
0.222
0.178
0.158
0.123
0.210
0.172
0.221
0.148
0.169
0.300
0.113
0.193
0.124
0.246
0.245
0.200
0.093
0.232
0.177
0.173
0.121
0.170
0.135
0.277
0.117
0.200
0.119
0.226
0.219
0.172
0.175
0.136
0.079
0.170
0.281
0.235
0.231
0.225
0.213
0.172
0.231
0.104
0.187
0.175
0.201
0.178
0.173
0.257
0.122
0.173
0.163
0.134
0.133
0.215
0.249
0.215
0.139
0.077
0.093
0.174
0.201
0.155
0.128
0.111
0.189
0.123
0.189
0.137
0.224
0.144
0.154
0.127
0.176
0.195
0.182
0.204
0.083
0.200
0.224
0.231
0.235
0.101
0.326
0.091
0.105
0.155
0.171
0.084
0.239
0.099
0.252
0.290
0.142
0.182
0.244
0.140
0.304
0.230
0.119
0.178
0.099
0.220
0.195
0.225
0.257
0.235
0.088
0.198
0.151
0.143
0.118
0.116
0.277
0.195
0.143
0.284
0.150
0.155
0.125
0.196
0.158
0.152
0.225
0.201
0.228
0.187
0.157
0.172
0.195
0.178
0.213
0.161
0.168
0.134
0.252
0.238
0.210
0.254
0.235
0.174
0.155
0.219
0.143
0.138
0.208
0.121
0.162
0.149
0.137
0.174
0.186
0.109
0.156
0.280
0.214
0.221
0.137
0.149
0.181
0.113
0.098
0.093
0.213
0.106
0.187
0.277
0.188
0.118
0.240
0.129
0.142
0.156
0.089
0.102
0.207
0.152
0.124
0.228
0.139
0.269
0.235
0.156
0.196
0.179
0.121
0.181
0.179
0.200
0.109
0.116
0.100
0.145
0.235
0.195
0.210
0.157
0.203
0.195
0.086
0.175
0.179
0.225
0.163
0.200
0.146
0.217
0.249
0.137
0.112
0.145
0.157
0.160
0.097
0.201
0.174
0.129
0.094
0.126
0.188
0.214
0.135
0.162
0.198
0.149
0.136
0.226
0.168
0.219
0.187
0.102
0.180
0.238
0.204
0.195
0.203
0.255
0.209
0.082
0.154
0.259
0.140
0.140
0.163
0.123
0.158
0.103
0.096
0.138
0.211
0.264
0.090
0.115
0.218
0.126
0.194
0.210
0.119
0.268
0.215
0.247
0.175
0.196
0.119
0.188
0.128
0.183
0.091
0.161
0.156
0.173
0.102
0.212
0.191
0.107
0.215
0.131
0.233
0.226
0.272
0.202
0.201
0.296
0.179
0.266
0.276
0.280
0.035
0.123
0.185
0.203
0.124
0.169
0.156
0.168
0.181
0.214
0.135
0.141
0.140
0.180
0.134
0.132
0.137
0.245
0.228
0.135
0.221
0.135
0.234
0.160
0.137
0.235
0.126
0.165
0.183
0.091
0.135
0.193
0.171
0.169
0.247
0.167
0.232
0.143
0.107
0.152
0.149
0.155
0.119
0.095
0.267
0.142
0.271
0.258
0.097
0.207
0.157
0.136
0.197
0.110
0.231
0.230
0.206
0.106
0.133
0.179
0.166
0.226
0.181
0.129
0.028
0.143
0.177
0.253
0.102
0.166
0.194
0.247
0.163
0.163
0.116
0.126
0.099
0.131
0.111
0.180
0.193
0.143
0.248
0.267
0.156
0.204
0.157
0.126
0.201
0.197
0.212
0.186
0.154
0.125
0.138
0.180
0.146
0.096
0.104
0.251
0.091
0.086
0.206
0.161
0.101
0.154
0.106
0.114
0.151
0.154
0.164
0.115
0.231
0.273
0.131
0.152
0.138
0.169
0.168
0.133
0.198
0.227
0.094
0.200
0.112
0.241
0.024
0.267
0.171
0.143
0.192
0.300
0.202
0.243
0.202
0.086
0.149
0.247
0.143
0.157
0.162
0.092
0.224
0.163
0.135
0.120
0.276
0.115
0.284
0.211
0.178
0.101
0.089
0.080
0.148
0.106
0.210
0.113
0.133
0.203
0.201
0.275
0.122
0.261
0.099
0.129
0.199
0.196
0.151
0.081
0.135
0.161
0.174
0.130
0.176
0.237
0.219
0.099
0.194
0.261
0.204
0.096
0.244
0.199
0.270
0.184
0.104
0.114
0.120
0.163
0.209
0.237
0.228
0.205
0.092
0.161
0.185
0.121
0.120
0.221
0.219
0.120
0.123
0.159
0.157
0.141
0.135
0.246
0.132
0.112
0.140
0.176
0.152
0.248
0.168
0.231
0.135
0.124
0.194
0.189
0.194
0.147
0.127
0.202
0.187
0.257
0.185
0.114
0.172
0.202
0.189
0.121
0.250
0.235
0.105
0.211
0.089
0.164
0.186
0.191
0.188
0.234
0.154
0.249
0.106
0.135
0.114
0.188
0.107
0.099
0.157
0.161
0.080
0.191
0.211
0.159
0.161
0.227
0.130
0.134
0.196
0.092
0.123
0.204
0.258
0.129
0.192
0.232
0.102
0.189
0.213
0.121
0.180
0.235
0.025
0.221
0.192
0.168
0.133
0.151
0.123
0.160
0.148
0.170
0.089
0.145
0.176
0.176
0.120
0.160
0.194
0.262
0.221
0.174
0.135
0.103
0.206
0.233
0.118
0.176
0.080
0.174
0.254
0.119
0.147
0.253
0.137
0.099
0.100
0.289
0.081
0.128
0.101
0.353
0.160
0.155
0.117
0.193
0.214
0.172
0.148
0.176
0.213
0.246
0.213
0.128
0.207
0.184
0.173
0.098
0.207
0.142
0.207
0.172
0.105
0.112
0.127
0.183
0.162
0.075
0.091
0.122
0.192
0.128
0.258
0.161
0.261
0.132
0.184
0.206
0.244
0.149
0.161
0.245
0.184
0.185
0.143
0.206
0.185
0.093
0.132
0.239
0.148
0.158
0.121
0.184
0.160
0.212
0.094
0.098
0.242
0.140
0.101
0.139
0.159
0.227
0.117
0.094
0.081
0.171
0.355
0.222
0.123
0.194
0.132
0.211
0.144
0.183
0.215
0.174
0.231
0.092
0.149
0.188
0.111
0.179
0.174
0.183
0.190
0.164
0.141
0.202
0.302
0.252
0.217
0.142
0.181
0.141
0.149
0.181
0.082
0.169
0.195
0.257
0.240
0.120
0.157
0.196
0.200
0.161
0.257
0.135
0.079
0.021
0.160
0.128
0.170
0.198
0.220
0.093
0.134
0.150
0.169
0.204
0.186
0.201
0.228
0.196
0.147
0.074
0.263
0.261
0.129
0.137
0.116
0.198
0.178
0.137
0.103
0.156
0.190
0.229
0.147
0.203
0.245
0.188
0.149
0.173
0.189
0.155
0.211
0.179
0.142
0.185
0.185
0.186
0.171
0.146
0.246
0.108
0.111
0.239
0.122
0.180
0.169
0.264
0.111
0.140
0.170
0.127
0.101
0.087
0.185
0.239
0.111
0.201
0.148
0.219
0.190
0.188
0.167
0.196
0.128
0.228
0.216
0.159
0.145
0.108
0.144
0.129
0.152
0.201
0.145
0.216
0.123
0.227
0.197
0.241
0.102
0.179
0.084
0.107
0.180
0.114
0.189
0.085
0.142
0.104
0.110
0.261
0.145
0.166
0.175
0.081
0.183
0.192
0.174
0.084
0.168
0.203
0.168
0.215
0.173
0.079
0.182
0.152
0.176
0.183
0.158
0.159
0.237
0.231
0.198
0.163
0.095
0.200
0.097
0.214
0.192
0.105
0.167
0.126
0.226
0.160
0.138
0.134
0.203
0.122
0.195
0.104
0.212
0.127
0.199
0.225
0.174
0.150
0.236
0.224
0.176
0.173
0.102
0.179
0.198
0.186
0.149
0.162
0.201
0.119
0.203
0.210
0.229
0.151
0.138
0.141
0.101
0.185
0.202
0.208
0.121
0.144
0.133
0.218
0.255
0.141
0.098
0.195
0.123
0.187
0.126
0.224
0.107
0.157
0.171
0.139
0.122
0.111
0.132
0.106
0.234
0.150
0.166
0.221
0.233
0.166
0.167
0.195
0.191
0.237
0.190
0.178
0.078
0.210
0.080
0.313
0.240
0.200
0.204
0.110
0.111
0.119
0.135
0.228
0.227
0.229
0.111
0.096
0.180
0.259
0.146
0.119
0.212
0.232
0.212
0.187
0.115
0.142
0.213
0.267
0.164
0.201
0.119
0.215
0.128
0.139
0.127
0.081
0.149
0.153
0.223
0.113
0.199
0.202
0.185
0.248
0.236
0.174
0.184
0.140
0.109
0.243
0.112
0.156
0.194
0.110
0.138
0.130
0.152
0.192
0.166
0.167
0.124
0.177
0.172
0.169
0.122
0.126
0.181
0.224
0.159
0.181
0.225
0.160
0.195
0.092
0.133
0.216
0.120
0.098
0.207
0.280
0.098
0.246
0.112
0.101
0.114
0.209
0.176
0.137
0.131
0.183
0.276
0.134
0.118
0.182
0.260
0.125
0.180
0.240
0.215
0.092
0.128
0.146
0.133
0.204
0.126
0.095
0.204
0.075
0.093
0.196
0.128
0.100
0.103
0.215
0.191
0.192
0.138
0.243
0.095
0.199
0.230
0.274
0.140
0.247
0.123
0.267
0.207
0.271
0.144
0.249
0.164
0.171
0.131
0.181
0.120
0.257
0.216
0.236
0.164
0.171
0.258
0.207
0.181
0.193
0.171
0.130
0.119
0.230
0.165
0.223
0.255
0.162
0.140
0.178
0.222
0.212
0.194
0.091
0.112
0.183
0.127
0.244
0.217
0.170
0.125
0.179
0.171
0.112
0.190
0.132
0.162
0.170
0.175
0.154
0.113
0.090
0.171
0.104
0.109
0.163
0.156
0.089
0.218
0.095
0.192
0.220
0.211
0.105
0.247
0.125
0.259
0.188
0.118
0.133
0.212
0.138
0.260
0.122
0.218
0.125
0.192
0.200
0.126
0.133
0.182
0.130
0.156
0.146
0.282
0.249
0.097
0.087
0.198
0.232
0.094
0.188
0.104
0.195
0.247
0.268
0.107
0.165
0.186
0.136
0.176
0.114
0.192
0.235
0.164
0.169
0.143
0.189
0.246
0.158
0.099
0.224
0.200
0.132
0.087
0.143
0.128
0.205
0.132
0.165
0.188
0.142
0.229
0.252
0.261
0.200
0.260
0.089
0.168
0.209
0.267
0.106
0.191
0.182
0.098
0.218
0.149
0.123
0.189
0.144
0.140
0.191
0.117
0.161
0.212
0.215
0.202
0.160
0.227
0.177
0.115
0.219
0.204
0.115
0.149
0.213
0.165
0.303
0.184
0.105
0.207
0.089
0.156
0.121
0.159
0.154
0.259
0.250
0.159
0.151
0.094
0.201
0.132
0.043
0.110
0.111
0.255
0.159
0.181
0.136
0.265
0.107
0.141
0.185
0.191
0.277
0.238
0.105
0.149
0.128
0.179
0.199
0.228
0.151
0.101
0.156
0.105
0.185
0.146
0.190
0.223
0.098
0.108
0.112
0.161
0.144
0.197
0.156
0.122
0.163
0.166
0.102
0.238
0.123
0.182
0.172
0.108
0.248
0.216
0.098
0.180
0.152
0.166
0.136
0.205
0.110
0.238
0.134
0.151
0.121
0.122
0.260
0.227
0.136
0.188
0.108
0.168
0.154
0.153
0.151
0.103
0.199
0.171
0.253
0.138
0.124
0.167
0.100
0.267
0.165
0.128
0.187
0.165
0.129
0.165
0.102
0.155
0.154
0.179
0.264
0.178
0.150
0.260
0.230
0.221
0.172
0.227
0.122
0.263
0.215
0.196
0.201
0.091
0.113
0.117
0.175
0.130
0.122
0.186
0.177
0.200
0.111
0.128
0.095
0.117
0.135
0.258
0.216
0.211
0.138
0.134
0.176
0.094
0.204
0.095
0.203
0.106
0.205
0.131
0.250
0.117
0.104
0.170
0.133
0.192
0.124
0.145
0.125
0.111
0.238
0.259
0.181
0.104
0.152
0.157
0.116
0.199
0.224
0.178
0.117
0.110
0.168
0.103
0.143
0.149
0.202
0.266
0.147
0.116
0.172
0.105
0.129
0.184
0.130
0.120
0.216
0.121
0.133
0.207
0.192
0.211
0.246
0.144
0.159
0.183
0.242
0.195
0.164
0.135
0.217
0.191
0.111
0.110
0.147
0.097
0.108
0.104
0.192
0.118
0.108
0.136
0.189
0.121
0.302
0.180
0.161
0.200
0.129
0.175
0.185
0.128
0.156
0.141
0.295
0.159
0.120
0.128
0.254
0.098
0.186
0.137
0.275
0.098
0.269
0.249
0.097
0.086
0.201
0.167
0.199
0.117
0.177
0.184
0.115
0.114
0.281
0.175
0.189
0.217
0.179
0.092
0.179
0.142
0.269
0.127
0.136
0.087
0.227
0.214
0.189
0.134
0.158
0.190
0.174
0.122
0.150
0.229
0.071
0.228
0.165
0.158
0.100
0.163
0.213
0.165
0.214
0.198
0.192
0.149
0.231
0.141
0.084
0.166
0.180
0.164
0.183
0.161
0.183
0.151
0.111
0.138
0.234
0.132
0.102
0.122
0.245
0.243
0.247
0.193
0.191
0.178
0.108
0.240
0.179
0.201
0.281
0.228
0.256
0.247
0.131
0.128
0.223
0.161
0.092
0.235
0.122
0.152
0.143
0.147
0.168
0.171
0.109
0.240
0.248
0.158
0.164
0.110
0.100
0.107
0.133
0.187
0.154
0.136
0.129
0.104
0.121
0.254
0.208
0.135
0.187
0.214
0.081
0.272
0.135
0.161
0.234
0.235
0.134
0.124
0.168
0.134
0.221
0.189
0.136
0.137
0.173
0.115
0.098
0.130
0.129
0.139
0.086
0.188
0.104
0.210
0.101
0.187
0.239
0.128
0.115
0.174
0.115
0.127
0.076
0.221
0.213
0.090
0.183
0.114
0.182
0.197
0.105
0.200
0.099
0.126
0.251
0.161
0.246
0.113
0.186
0.229
0.110
0.213
0.186
0.238
0.113
0.163
0.104
0.241
0.249
0.228
0.092
0.171
0.195
0.207
0.141
0.225
0.168
0.177
0.209
0.114
0.157
0.264
0.195
0.258
0.246
0.121
0.116
0.259
0.159
0.182
0.115
0.227
0.181
0.108
0.204
0.111
0.230
0.114
0.237
0.203
0.281
0.123
0.105
0.198
0.132
0.187
0.178
0.187
0.138
0.099
0.119
0.122
0.177
0.289
0.225
0.206
0.197
0.260
0.126
0.151
0.172
0.090
0.245
0.153
0.118
0.144
0.112
0.206
0.164
0.144
0.155
0.162
0.109
0.171
0.204
0.184
0.095
0.103
0.172
0.135
0.229
0.218
0.155
0.257
0.130
0.153
0.162
0.254
0.112
0.296
0.093
0.181
0.178
0.127
0.167
0.249
0.101
0.131
0.205
0.246
0.098
0.123
0.240
0.115
0.192
0.185
0.229
0.246
0.174
0.075
0.163
0.122
0.260
0.129
0.099
0.107
0.204
0.198
0.166
0.230
0.027
0.241
0.272
0.192
0.191
0.221
0.155
0.173
0.242
0.202
0.133
0.104
0.210
0.211
0.144
0.218
0.271
0.263
0.281
0.122
0.245
0.168
0.142
0.111
0.099
0.275
0.229
0.113
0.102
0.072
0.246
0.191
0.252
0.227
0.155
0.136
0.214
0.123
0.122
0.186
0.222
0.216
0.228
0.191
0.161
0.213
0.159
0.204
0.164
0.266
0.193
0.208
0.115
0.227
0.178
0.113
0.161
0.113
0.236
0.178
0.197
0.247
0.102
0.232
0.209
0.195
0.206
0.278
0.307
0.212
0.114
0.211
0.192
0.255
0.167
0.116
0.150
0.141
0.242
0.133
0.108
0.217
0.102
0.142
0.188
0.149
0.184
0.203
0.214
0.306
0.171
0.201
0.099
0.116
0.200
0.160
0.130
0.209
0.151
0.206
0.158
0.188
0.186
0.099
0.236
0.164
0.113
0.174
0.281
0.198
0.207
0.115
0.105
0.101
0.236
0.133
0.177
0.134
0.152
0.086
0.152
0.182
0.219
0.252
0.204
0.238
0.219
0.252
0.104
0.148
0.234
0.189
0.180
0.122
0.165
0.173
0.146
0.186
0.117
0.230
0.177
0.218
0.108
0.222
0.097
0.144
0.147
0.255
0.189
0.220
0.204
0.091
0.263
0.258
0.142
0.136
0.243
0.150
0.150
0.233
0.138
0.123
0.243
0.127
0.232
0.137
0.248
0.128
0.117
0.163
0.232
0.029
0.144
0.283
0.094
0.167
0.135
0.199
0.156
0.216
0.114
0.187
0.108
0.108
0.109
0.191
0.178
0.186
0.272
0.136
0.213
0.160
0.092
0.151
0.146
0.213
0.211
0.182
0.190
0.184
0.164
0.123
0.195
0.110
0.162
0.105
0.133
0.175
0.207
0.166
0.204
0.163
0.190
0.146
0.139
0.121
0.102
0.184
0.205
0.096
0.170
0.159
0.193
0.191
0.191
0.095
0.208
0.240
0.152
0.211
0.205
0.152
0.262
0.247
0.258
0.262
0.264
0.168
0.113
0.305
0.139
0.121
0.078
0.123
0.123
0.167
0.150
0.204
0.281
0.144
0.146
0.155
0.174
0.218
0.190
0.115
0.109
0.183
0.098
0.240
0.108
0.210
0.286
0.216
0.182
0.160
0.099
0.105
0.154
0.100
0.097
0.164
0.186
0.263
0.115
0.134
0.221
0.101
0.180
0.150
0.237
0.221
0.095
0.156
0.026
0.148
0.133
0.096
0.226
0.154
0.228
0.227
0.148
0.199
0.139
0.227
0.081
0.112
0.217
0.186
0.134
0.227
0.213
0.162
0.099
0.150
0.141
0.234
0.104
0.214
0.098
0.203
0.113
0.176
0.107
0.235
0.093
0.180
0.108
0.121
0.112
0.121
0.092
0.152
0.146
0.089
0.245
0.131
0.127
0.139
0.109
0.109
0.107
0.175
0.125
0.193
0.183
0.151
0.202
0.132
0.098
0.190
0.266
0.117
0.194
0.210
0.166
0.203
0.108
0.185
0.187
0.194
0.232
0.122
0.112
0.132
0.119
0.116
0.202
0.147
0.132
0.201
0.292
0.196
0.210
0.250
0.190
0.250
0.265
0.097
0.116
0.164
0.090
0.113
0.093
0.200
0.110
0.179
0.117
0.262
0.189
0.166
0.142
0.192
0.208
0.107
0.103
0.172
0.105
0.153
0.136
0.182
0.120
0.176
0.131
0.264
0.159
0.200
0.157
0.205
0.159
0.085
0.147
0.205
0.157
0.032
0.107
0.206
0.176
0.109
0.120
0.222
0.163
0.093
0.168
0.166
0.239
0.221
0.239
0.242
0.123
0.177
0.142
0.150
0.129
0.141
0.135
0.153
0.204
0.229
0.199
0.231
0.183
0.078
0.197
0.112
0.237
0.104
0.172
0.163
0.194
0.186
0.113
0.193
0.176
0.102
0.151
0.123
0.210
0.246
0.159
0.236
0.211
0.121
0.232
0.168
0.096
0.098
0.216
0.251
0.102
0.175
0.158
0.105
0.158
0.099
0.098
0.131
0.200
0.257
0.127
0.136
0.212
0.206
0.115
0.151
0.220
0.164
0.147
0.145
0.099
0.107
0.165
0.191
0.186
0.216
0.133
0.250
0.093
0.176
0.105
0.225
0.130
0.119
0.215
0.183
0.156
0.198
0.193
0.170
0.235
0.155
0.273
0.221
0.243
0.213
0.186
0.226
0.127
0.114
0.113
0.107
0.169
0.208
0.116
0.238
0.085
0.027
0.166
0.107
0.214
0.177
0.209
0.202
0.126
0.115
0.190
0.224
0.161
0.183
0.166
0.205
0.202
0.119
0.166
0.192
0.122
0.185
0.193
0.152
0.102
0.252
0.160
0.217
0.190
0.219
0.133
0.093
0.229
0.169
0.146
0.200
0.169
0.118
0.179
0.200
0.144
0.213
0.108
0.196
0.100
0.164
0.109
0.159
0.121
0.223
0.197
0.119
0.089
0.099
0.198
0.216
0.256
0.183
0.202
0.223
0.156
0.151
0.130
0.146
0.186
0.091
0.176
0.121
0.243
0.252
0.180
0.092
0.102
0.166
0.166
0.268
0.154
0.124
0.164
0.246
0.163
0.126
0.172
0.164
0.129
0.212
0.099
0.151
0.163
0.205
0.108
0.172
0.203
0.129
0.181
0.202
0.215
0.234
0.105
0.183
0.218
0.133
0.122
0.193
0.157
0.227
0.180
0.181
0.225
0.191
0.162
0.209
0.236
0.165
0.292
0.227
0.098
0.206
0.236
0.215
0.127
0.203
0.207
0.113
0.202
0.289
0.189
0.168
0.174
0.098
0.250
0.030
0.141
0.121
0.147
0.252
0.192
0.215
0.092
0.189
0.157
0.187
0.186
0.213
0.097
0.118
0.124
0.128
0.188
0.169
0.112
0.109
0.150
0.138
0.314
0.108
0.124
0.192
0.084
0.110
0.165
0.162
0.189
0.266
0.022
0.266
0.241
0.106
0.150
0.116
0.220
0.097
0.167
0.136
0.162
0.190
0.146
0.104
0.206
0.176
0.225
0.190
0.148
0.170
0.241
0.128
0.162
0.177
0.209
0.269
0.191
0.153
0.150
0.102
0.189
0.090
0.220
0.087
0.177
0.107
0.174
0.142
0.151
0.153
0.109
0.142
0.185
0.180
0.127
0.209
0.119
0.130
0.135
0.177
0.080
0.112
0.098
0.228
0.089
0.107
0.104
0.161
0.149
0.109
0.236
0.214
0.153
0.203
0.102
0.226
0.130
0.178
0.222
0.230
0.254
0.196
0.174
0.110
0.096
0.173
0.088
0.167
0.170
0.120
0.120
