0.128
0.128
0.174
0.164
0.180
0.181
0.178
0.194
0.081
0.111
0.254
0.079
0.262
0.142
0.106
0.112
0.176
0.121
0.135
0.151
0.122
0.146
0.253
0.171
0.028
0.188
0.130
0.224
0.180
0.169
0.178
0.171
0.109
0.117
0.159
0.158
0.024
0.175
0.242
0.099
0.246
0.125
0.133
0.124
0.155
0.109
0.149
0.201
0.190
0.097
0.151
0.201
0.206
0.193
0.226
0.136
0.131
0.110
0.154
0.091
0.140
0.226
0.190
0.133
0.167
0.173
0.091
0.236
0.104
0.113
0.149
0.233
0.247
0.254
0.117
0.212
0.104
0.109
0.196
0.188
0.247
0.166
0.213
0.227
0.134
0.108
0.281
0.162
0.166
0.236
0.215
0.110
0.198
0.127
0.175
0.191
0.029
0.235
0.119
0.211
0.120
0.158
0.203
0.154
0.117
0.210
0.121
0.201
0.221
0.131
0.122
0.091
0.245
0.129
0.099
0.099
0.175
0.203
0.148
0.210
0.101
0.192
0.118
0.212
0.263
0.122
0.169
0.097
0.197
0.178
0.079
0.242
0.156
0.136
0.148
0.243
0.265
0.224
0.205
0.150
0.196
0.217
0.182
0.113
0.164
0.232
0.136
0.247
0.231
0.156
0.199
0.202
0.142
0.258
0.153
0.228
0.160
0.163
0.233
0.221
0.082
0.198
0.176
0.142
0.158
0.219
0.271
0.260
0.114
0.162
0.115
0.119
0.179
0.235
0.226
0.192
0.151
0.161
0.095
0.249
0.181
0.151
0.187
0.132
0.153
0.159
0.126
0.157
0.260
0.256
0.099
0.181
0.084
0.171
0.126
0.141
0.143
0.252
0.240
0.125
0.196
0.142
0.119
0.092
0.152
0.125
0.110
0.134
0.178
0.199
0.149
0.224
0.191
0.215
0.238
0.205
0.259
0.139
0.156
0.137
0.121
0.114
0.132
0.115
0.196
0.097
0.132
0.122
0.099
0.115
0.135
0.125
0.224
0.083
0.111
0.261
0.200
0.238
0.148
0.203
0.111
0.105
0.179
0.218
0.138
0.204
0.144
0.158
0.125
0.201
0.163
0.104
0.111
0.166
0.228
0.162
0.264
0.140
0.238
0.230
0.150
0.134
0.179
0.264
0.258
0.099
0.072
0.228
0.116
0.196
0.268
0.195
0.214
0.123
0.247
0.179
0.148
0.215
0.181
0.131
0.192
0.208
0.177
0.147
0.026
0.117
0.130
0.110
0.148
0.159
0.226
0.124
0.195
0.064
0.101
0.177
0.164
0.188
0.216
0.188
0.261
0.198
0.141
0.235
0.209
0.144
0.143
0.149
0.209
0.221
0.170
0.158
0.138
0.194
0.205
0.090
0.211
0.190
0.153
0.109
0.201
0.116
0.169
0.237
0.162
0.193
0.214
0.229
0.117
0.096
0.202
0.170
0.210
0.108
0.207
0.229
0.189
0.214
0.130
0.234
0.133
0.131
0.196
0.142
0.212
0.152
0.146
0.088
0.291
0.041
0.022
0.231
0.192
0.116
0.111
0.118
0.123
0.170
0.214
0.231
0.113
0.254
0.208
0.162
0.124
0.218
0.187
0.125
0.309
0.162
0.214
0.156
0.130
0.274
0.251
0.230
0.212
0.211
0.153
0.259
0.106
0.205
0.100
0.283
0.159
0.161
0.183
0.243
0.091
0.220
0.163
0.162
0.186
0.163
0.201
0.127
0.188
0.207
0.099
0.190
0.213
0.080
0.144
0.080
0.203
0.274
0.157
0.108
0.110
0.110
0.130
0.249
0.136
0.247
0.232
0.229
0.188
0.183
0.257
0.141
0.137
0.207
0.237
0.114
0.178
0.129
0.191
0.158
0.093
0.106
0.116
0.095
0.177
0.150
0.250
0.132
0.207
0.114
0.149
0.127
0.098
0.132
0.225
0.174
0.080
0.177
0.241
0.207
0.146
0.028
0.217
0.083
0.259
0.130
0.160
0.134
0.129
0.229
0.150
0.201
0.101
0.139
0.192
0.178
0.209
0.201
0.141
0.195
0.111
0.127
0.202
0.198
0.241
0.178
0.121
0.205
0.281
0.156
0.232
0.183
0.105
0.261
0.205
0.185
0.145
0.091
0.166
0.231
0.152
0.205
0.114
0.203
0.113
0.095
0.121
0.233
0.101
0.277
0.225
0.152
0.172
0.160
0.191
0.153
0.132
0.209
0.231
0.124
0.180
0.190
0.092
0.166
0.111
0.108
0.144
0.128
0.204
0.118
0.280
0.238
0.250
0.253
0.125
0.114
0.215
0.251
0.122
0.184
0.090
0.185
0.200
0.122
0.129
0.212
0.234
0.107
0.246
0.144
0.223
0.153
0.018
0.152
0.206
0.202
0.088
0.161
0.208
0.225
0.204
0.135
0.121
0.222
0.185
0.123
0.163
0.115
0.102
0.124
0.112
0.117
0.187
0.172
0.160
0.180
0.106
0.151
0.104
0.109
0.188
0.196
0.195
0.212
0.227
0.145
0.247
0.232
0.117
0.243
0.167
0.183
0.164
0.120
0.166
0.196
0.120
0.083
0.229
0.151
0.130
0.183
0.169
0.162
0.188
0.195
0.169
0.133
0.147
0.179
0.226
0.031
0.256
0.147
0.184
0.110
0.093
0.214
0.259
0.258
0.175
0.153
0.217
0.224
0.192
0.115
0.234
0.099
0.180
0.148
0.216
0.157
0.201
0.140
0.101
0.253
0.156
0.177
0.201
0.128
0.098
0.259
0.210
0.181
0.267
0.252
0.238
0.189
0.127
0.121
0.172
0.186
0.159
0.201
0.117
0.102
0.185
0.202
0.221
0.118
0.230
0.209
0.124
0.247
0.174
0.122
0.202
0.165
0.133
0.095
0.180
0.118
0.105
0.141
0.211
0.132
0.181
0.228
0.153
0.115
0.235
0.203
0.192
0.130
0.219
0.161
0.162
0.191
0.108
0.180
0.112
0.250
0.151
0.247
0.096
0.193
0.114
0.171
0.232
0.093
0.239
0.142
0.134
0.205
0.166
0.119
0.099
0.293
0.127
0.152
0.115
0.258
0.099
0.230
0.097
0.225
0.110
0.163
0.182
0.126
0.144
0.248
0.135
0.148
0.133
0.111
0.143
0.096
0.136
0.104
0.184
0.204
0.077
0.160
0.208
0.234
0.183
0.129
0.239
0.089
0.142
0.193
0.181
0.207
0.092
0.195
0.136
0.122
0.175
0.206
0.136
0.179
0.204
0.262
0.124
0.183
0.208
0.174
0.209
0.183
0.153
0.220
0.149
0.104
0.190
0.197
0.107
0.125
0.135
0.166
0.123
0.096
0.118
0.170
0.197
0.183
0.188
0.189
0.206
0.157
0.184
0.184
0.123
0.248
0.108
0.089
0.133
0.193
0.189
0.175
0.249
0.083
0.212
0.181
0.179
0.191
0.198
0.206
0.137
0.173
0.146
0.218
0.167
0.165
0.105
0.216
0.171
0.148
0.163
0.182
0.196
0.157
0.140
0.112
0.207
0.080
0.094
0.119
0.138
0.105
0.180
0.176
0.025
0.086
0.208
0.189
0.171
0.291
0.112
0.224
0.092
0.142
0.213
0.157
0.126
0.172
0.132
0.100
0.169
0.198
0.214
0.190
0.226
0.107
0.098
0.161
0.176
0.089
0.187
0.248
0.183
0.183
0.245
0.101
0.115
0.165
0.168
0.209
0.219
0.134
0.138
0.166
0.248
0.183
0.187
0.190
0.157
0.159
0.192
0.226
0.186
0.213
0.129
0.183
0.179
0.120
0.141
0.269
0.162
0.219
0.129
0.126
0.081
0.097
0.104
0.251
0.267
0.118
0.098
0.087
0.198
0.119
0.245
0.185
0.140
0.227
0.163
0.172
0.191
0.119
0.211
0.198
0.173
0.258
0.157
0.175
0.161
0.291
0.103
0.152
0.133
0.126
0.128
0.193
0.181
0.217
0.136
0.123
0.177
0.192
0.213
0.174
0.174
0.132
0.217
0.161
0.095
0.162
0.207
0.154
0.252
0.146
0.199
0.214
0.187
0.100
0.153
0.193
0.125
0.112
0.119
0.110
0.192
0.156
0.221
0.164
0.120
0.124
0.176
0.270
0.224
0.215
0.182
0.117
0.227
0.086
0.249
0.097
0.172
0.207
0.108
0.177
0.213
0.223
0.211
0.199
0.120
0.114
0.284
0.107
0.187
0.105
0.113
0.155
0.169
0.191
0.111
0.113
0.192
0.156
0.178
0.190
0.153
0.111
0.120
0.092
0.247
0.216
0.222
0.107
0.259
0.247
0.217
0.196
0.172
0.176
0.103
0.189
0.117
0.234
0.101
0.161
0.152
0.080
0.209
0.149
0.207
0.117
0.236
0.211
0.186
0.136
0.170
0.135
0.148
0.092
0.128
0.192
0.164
0.238
0.123
0.222
0.203
0.100
0.122
0.184
0.177
0.178
0.154
0.115
0.136
0.147
0.172
0.185
0.109
0.127
0.119
0.111
0.114
0.207
0.192
0.159
0.164
0.215
0.096
0.107
0.205
0.204
0.184
0.086
0.214
0.180
0.124
0.251
0.194
0.118
0.194
0.225
0.124
0.212
0.120
0.161
0.238
0.211
0.082
0.186
0.152
0.157
0.183
0.217
0.107
0.123
0.224
0.110
0.127
0.179
0.233
0.238
0.156
0.076
0.111
0.227
0.108
0.296
0.257
0.173
0.170
0.193
0.112
0.123
0.144
0.129
0.144
0.201
0.209
0.107
0.150
0.190
0.218
0.232
0.202
0.163
0.151
0.214
0.110
0.179
0.141
0.173
0.197
0.228
0.111
0.208
0.144
0.164
0.126
0.234
0.183
0.250
0.189
0.133
0.225
0.237
0.196
0.209
0.198
0.228
0.120
0.100
0.110
0.223
0.075
0.242
0.143
0.247
0.128
0.115
0.193
0.301
0.164
0.112
0.101
0.270
0.214
0.247
0.115
0.161
0.143
0.104
0.142
0.165
0.210
0.188
0.113
0.110
0.210
0.103
0.216
0.147
0.108
0.176
0.200
0.120
0.258
0.103
0.239
0.171
0.185
0.166
0.160
0.244
0.156
0.161
0.132
0.121
0.165
0.245
0.161
0.143
0.180
0.101
0.197
0.079
0.209
0.125
0.150
0.102
0.098
0.213
0.193
0.088
0.114
0.257
0.133
0.132
0.185
0.168
0.157
0.178
0.181
0.291
0.188
0.157
0.144
0.118
0.278
0.099
0.142
0.144
0.212
0.194
0.143
0.269
0.105
0.099
0.150
0.218
0.149
0.213
0.208
0.112
0.220
0.117
0.154
0.252
0.176
0.217
0.078
0.192
0.095
0.146
0.184
0.120
0.169
0.190
0.151
0.110
0.141
0.085
0.168
0.143
0.225
0.105
0.158
0.121
0.127
0.165
0.186
0.110
0.228
0.196
0.132
0.139
0.149
0.194
0.211
0.201
0.170
0.119
0.187
0.223
0.170
0.087
0.175
0.200
0.181
0.110
0.156
0.177
0.205
0.182
0.222
0.112
0.100
0.263
0.162
0.127
0.129
0.226
0.157
0.201
0.145
0.144
0.180
0.141
0.211
0.220
0.152
0.123
0.176
0.100
0.148
0.110
0.195
0.169
0.126
0.111
0.197
0.139
0.143
0.108
0.080
0.187
0.245
0.167
0.217
0.134
0.030
0.182
0.137
0.246
0.206
0.153
0.081
0.115
0.100
0.121
0.095
0.103
0.018
0.225
0.210
0.116
0.153
0.179
0.249
0.169
0.118
0.170
0.123
0.176
0.124
0.178
0.233
0.172
0.206
0.192
0.188
0.198
0.092
0.075
0.115
0.082
0.196
0.157
0.187
0.179
0.124
0.280
0.205
0.173
0.132
0.172
0.279
0.191
0.167
0.274
0.165
0.283
0.157
0.183
0.180
0.157
0.159
0.104
0.221
0.161
0.149
0.180
0.128
0.103
0.213
0.267
0.238
0.165
0.327
0.139
0.218
0.226
0.125
0.143
0.111
0.181
0.119
0.179
0.087
0.225
0.210
0.246
0.099
0.258
0.164
0.182
0.175
0.172
0.133
0.252
0.151
0.110
0.130
0.181
0.215
0.221
0.222
0.100
0.251
0.158
0.112
0.211
0.178
0.143
0.173
0.202
0.236
0.139
0.163
0.127
0.131
0.225
0.251
0.191
0.302
0.119
0.260
0.119
0.206
0.114
0.173
0.121
0.194
0.176
0.240
0.186
0.113
0.133
0.213
0.205
0.254
0.099
0.200
0.142
0.186
0.123
0.149
0.100
0.170
0.232
0.186
0.179
0.160
0.099
0.144
0.166
0.182
0.092
0.110
0.223
0.200
0.255
0.245
0.246
0.180
0.221
0.113
0.282
0.106
0.121
0.233
0.074
0.202
0.190
0.088
0.110
0.243
0.226
0.200
0.222
0.205
0.159
0.111
0.276
0.180
0.211
0.099
0.263
0.200
0.136
0.110
0.271
0.119
0.226
0.120
0.220
0.262
0.183
0.235
0.124
0.205
0.100
0.282
0.205
0.100
0.166
0.267
0.208
0.238
0.202
0.185
0.130
0.126
0.209
0.187
0.232
0.112
0.144
0.250
0.113
0.278
0.178
0.179
0.166
0.213
0.089
0.191
0.186
0.158
0.080
0.184
0.117
0.176
0.143
0.161
0.171
0.130
0.212
0.181
0.182
0.221
0.155
0.192
0.118
0.212
0.092
0.115
0.116
0.104
0.102
0.093
0.205
0.205
0.121
0.129
0.236
0.120
0.089
0.290
0.147
0.273
0.235
0.111
0.190
0.108
0.166
0.178
0.184
0.183
0.173
0.169
0.198
0.121
0.168
0.135
0.197
0.135
0.230
0.189
0.221
0.084
0.197
0.140
0.174
0.175
0.303
0.100
0.168
0.203
0.199
0.153
0.130
0.210
0.216
0.172
0.161
0.206
0.299
0.119
0.134
0.254
0.194
0.175
0.235
0.174
0.151
0.165
0.223
0.165
0.195
0.164
0.240
0.095
0.097
0.219
0.227
0.195
0.169
0.244
0.159
0.242
0.142
0.102
0.102
0.225
0.113
0.106
0.163
0.241
0.167
0.137
0.176
0.123
0.094
0.132
0.144
0.149
0.221
0.200
0.133
0.191
0.192
0.132
0.193
0.198
0.119
0.190
0.176
0.194
0.204
0.075
0.087
0.110
0.114
0.167
0.106
0.158
0.201
0.251
0.105
0.136
0.249
0.197
0.196
0.176
0.160
0.193
0.091
0.204
0.254
0.205
0.240
0.187
0.179
0.189
0.188
0.206
0.171
0.114
0.293
0.241
0.187
0.210
0.101
0.157
0.107
0.178
0.116
0.229
0.092
0.136
0.165
0.160
0.181
0.196
0.116
0.199
0.224
0.188
0.166
0.222
0.233
0.225
0.285
0.246
0.140
0.138
0.250
0.232
0.122
0.232
0.171
0.164
0.125
0.099
0.248
0.156
0.114
0.222
0.132
0.163
0.201
0.263
0.201
0.155
0.223
0.175
0.178
0.201
0.211
0.202
0.232
0.182
0.120
0.147
0.143
0.150
0.204
0.099
0.179
0.243
0.171
0.189
0.212
0.210
0.135
0.201
0.161
0.207
0.220
0.203
0.209
0.244
0.107
0.161
0.115
0.213
0.118
0.176
0.165
0.113
0.173
0.173
0.146
0.121
0.233
0.169
0.299
0.116
0.182
0.275
0.190
0.091
0.166
0.183
0.241
0.137
0.130
0.237
0.099
0.180
0.162
0.116
0.221
0.168
0.107
0.147
0.106
0.146
0.177
0.068
0.176
0.098
0.213
0.192
0.171
0.168
0.209
0.103
0.246
0.126
0.162
0.209
0.205
0.176
0.224
0.221
0.186
0.201
0.220
0.083
0.175
0.208
0.129
0.118
0.154
0.134
0.192
0.100
0.121
0.120
0.091
0.089
0.097
0.131
0.150
0.205
0.162
0.127
0.217
0.126
0.234
0.078
0.109
0.200
0.120
0.112
0.124
0.201
0.133
0.222
0.147
0.109
0.268
0.113
0.218
0.240
0.102
0.103
0.179
0.154
0.103
0.189
0.166
0.185
0.103
0.204
0.096
0.105
0.106
0.182
0.207
0.181
0.217
0.259
0.094
0.125
0.190
0.148
0.184
0.079
0.217
0.218
0.122
0.203
0.193
0.087
0.145
0.169
0.100
0.131
0.146
0.141
0.263
0.210
0.067
0.168
0.103
0.128
0.222
0.169
0.177
0.146
0.207
0.159
0.212
0.262
0.200
0.109
0.171
0.145
0.228
0.155
0.147
0.118
0.147
0.234
0.175
0.209
0.130
0.132
0.226
0.202
0.268
0.246
0.102
0.119
0.192
0.112
0.150
0.186
0.164
0.027
0.148
0.099
0.106
0.097
0.109
0.163
0.098
0.154
0.223
0.128
0.229
0.104
0.105
0.109
0.107
0.135
0.204
0.237
0.225
0.176
0.141
0.132
0.114
0.224
0.193
0.157
0.147
0.148
0.297
0.166
0.106
0.171
0.221
0.147
0.302
0.247
0.098
0.194
0.123
0.114
0.245
0.218
0.171
0.121
0.204
0.163
0.127
0.166
0.208
0.100
0.132
0.197
0.157
0.175
0.115
0.231
0.098
0.116
0.128
0.153
0.171
0.236
0.185
0.169
0.113
0.178
0.139
0.299
0.097
0.174
0.168
0.156
0.128
0.185
0.242
0.235
0.127
0.136
0.094
0.104
0.264
0.236
0.107
0.173
0.168
0.113
0.188
0.190
0.198
0.167
0.109
0.086
0.168
0.127
0.118
0.100
0.224
0.097
0.116
0.203
0.122
0.100
0.099
0.176
0.117
0.263
0.273
0.104
0.164
0.107
0.103
0.177
0.130
0.126
0.125
0.182
0.206
0.130
0.151
0.128
0.218
0.229
0.024
0.152
0.107
0.194
0.261
0.096
0.255
0.200
0.259
0.250
0.226
0.104
0.095
0.155
0.103
0.176
0.222
0.136
0.156
0.166
0.218
0.217
0.090
0.134
0.109
0.249
0.185
0.207
0.170
0.105
0.021
0.226
0.161
0.147
0.210
0.184
0.239
0.184
0.165
0.182
0.220
0.258
0.243
0.122
0.201
0.147
0.201
0.149
0.115
0.119
0.104
0.084
0.117
0.150
0.243
0.196
0.191
0.107
0.189
0.226
0.105
0.091
0.146
0.137
0.182
0.130
0.163
0.130
0.151
0.101
0.107
0.142
0.101
0.131
0.254
0.133
0.283
0.287
0.217
0.201
0.173
0.197
0.239
0.130
0.135
0.178
0.167
0.191
0.152
0.144
0.117
0.212
0.159
0.162
0.151
0.101
0.130
0.143
0.138
0.113
0.196
0.187
0.129
0.163
0.180
0.181
0.213
0.150
0.146
0.117
0.212
0.186
0.110
0.125
0.273
0.136
0.250
0.252
0.115
0.227
0.160
0.143
0.096
0.197
0.130
0.191
0.165
0.188
0.193
0.171
0.213
0.106
0.196
0.209
0.129
0.205
0.185
0.087
0.230
0.241
0.131
0.278
0.202
0.185
0.199
0.182
0.133
0.124
0.089
0.216
0.293
0.115
0.177
0.208
0.177
0.205
0.234
0.113
0.212
0.207
0.179
0.252
0.133
0.101
0.235
0.202
0.142
0.211
0.167
0.021
0.024
0.104
0.131
0.165
0.102
0.170
0.123
0.166
0.148
0.111
0.101
0.170
0.106
0.161
0.192
0.119
0.122
0.130
0.169
0.131
0.205
0.104
0.177
0.154
0.110
0.146
0.148
0.063
0.121
0.171
0.210
0.297
0.205
0.161
0.214
0.139
0.245
0.099
0.085
0.131
0.150
0.243
0.136
0.242
0.242
0.181
0.204
0.159
0.215
0.218
0.180
0.117
0.096
0.148
0.155
0.147
0.137
0.185
0.208
0.247
0.140
0.177
0.133
0.202
0.185
0.250
0.147
0.179
0.181
0.160
0.226
0.105
0.144
0.213
0.181
0.129
0.206
0.203
0.101
0.159
0.139
0.023
0.148
0.181
0.075
0.212
0.130
0.110
0.134
0.252
0.175
0.250
0.031
0.244
0.113
0.152
0.117
0.176
0.221
0.151
0.225
0.129
0.098
0.118
0.192
0.161
0.162
0.195
0.232
0.142
0.143
0.204
0.126
0.123
0.167
0.089
0.190
0.224
0.288
0.099
0.149
0.168
0.174
0.217
0.092
0.157
0.095
0.101
0.197
0.324
0.235
0.104
0.111
0.263
0.105
0.092
0.178
0.130
0.205
0.220
0.189
0.103
0.305
0.110
0.238
0.186
0.148
0.222
0.220
0.212
0.117
0.103
0.122
0.132
0.187
0.135
0.152
0.185
0.157
0.228
0.104
0.115
0.101
0.179
0.087
0.122
0.105
0.171
0.129
0.255
0.117
0.184
0.185
0.095
0.203
0.105
0.235
0.162
0.195
0.231
0.213
0.186
0.247
0.176
0.215
0.134
0.222
0.109
0.163
0.171
0.177
0.130
0.157
0.279
0.111
0.216
0.159
0.225
0.177
0.190
0.123
0.205
0.197
0.208
0.091
0.198
0.091
0.170
0.147
0.101
0.125
0.089
0.100
0.096
0.123
0.197
0.229
0.104
0.193
0.219
0.178
0.159
0.148
0.150
0.118
0.144
0.172
0.109
0.134
0.134
0.160
0.140
0.179
0.230
0.248
0.189
0.162
0.185
0.163
0.192
0.207
0.200
0.227
0.211
0.185
0.204
0.224
0.218
0.217
0.168
0.117
0.199
0.106
0.162
0.103
0.122
0.154
0.166
0.177
0.210
0.190
0.130
0.137
0.132
0.139
0.266
0.106
0.147
0.190
0.088
0.186
0.185
0.133
0.214
0.100
0.172
0.168
0.172
0.276
0.176
0.094
0.103
0.135
0.150
0.182
0.122
0.213
0.077
0.209
0.267
0.122
0.133
0.254
0.101
0.143
0.248
0.172
0.154
0.092
0.242
0.229
0.197
0.135
0.124
0.182
0.206
0.144
0.129
0.157
0.125
0.194
0.127
0.173
0.134
0.173
0.156
0.200
0.140
0.211
0.186
0.093
0.192
0.103
0.159
0.196
0.218
0.150
0.224
0.081
0.252
0.192
0.202
0.184
0.082
0.206
0.114
0.118
0.214
0.111
0.229
0.205
0.230
0.098
0.160
0.145
0.218
0.105
0.178
0.090
0.233
0.112
0.113
0.257
0.085
0.231
0.186
0.266
0.140
0.156
0.151
0.166
0.234
0.235
0.144
0.087
0.207
0.208
0.230
0.250
0.213
0.244
0.210
0.076
0.192
0.134
0.105
0.156
0.281
0.211
0.180
0.226
0.104
0.216
0.196
0.239
0.184
0.128
0.150
0.137
0.093
0.177
0.113
0.150
0.093
0.091
0.245
0.228
0.221
0.206
0.205
0.147
0.179
0.128
0.197
0.135
0.078
0.279
0.181
0.163
0.165
0.155
0.155
0.195
0.155
0.120
0.069
0.139
0.181
0.169
0.112
0.144
0.118
0.200
0.025
0.155
0.107
0.266
0.234
0.206
0.194
0.165
0.225
0.188
0.133
0.126
0.162
0.159
0.196
0.100
0.127
0.198
0.194
0.145
0.064
0.133
0.240
0.207
0.072
0.101
0.125
0.107
0.157
0.099
0.169
0.141
0.194
0.111
0.247
0.182
0.143
0.190
0.188
0.215
0.094
0.145
0.221
0.112
0.148
0.131
0.140
0.193
0.110
0.125
0.147
0.136
0.111
0.134
0.176
0.093
0.232
0.230
0.156
0.198
0.143
0.174
0.109
0.204
0.182
0.194
0.121
0.245
0.156
0.200
0.140
0.112
0.250
0.214
0.102
0.196
0.187
0.138
0.182
0.150
0.101
0.108
0.164
0.165
0.141
0.205
0.262
0.151
0.199
0.097
0.167
0.192
0.174
0.181
0.103
0.111
0.121
0.097
0.224
0.247
0.193
0.163
0.130
0.161
0.138
0.203
0.295
0.113
0.100
0.206
0.162
0.195
0.129
0.209
0.124
0.124
0.193
0.190
0.096
0.186
0.145
0.151
0.181
0.132
0.136
0.227
0.113
0.176
0.278
0.242
0.140
0.173
0.172
0.198
0.156
0.109
0.097
0.199
0.191
0.169
0.107
0.204
0.122
0.224
0.144
0.233
0.095
0.155
0.145
0.150
0.103
0.230
0.233
0.103
0.085
0.145
0.163
0.113
0.083
0.154
0.100
0.121
0.233
0.097
0.125
0.219
0.167
0.170
0.176
0.107
0.158
0.234
0.134
0.091
0.095
0.246
0.141
0.077
0.104
0.113
0.225
0.127
0.110
0.197
0.094
0.165
0.261
0.146
0.238
0.130
0.125
0.132
0.203
0.120
0.107
0.158
0.164
0.135
0.146
0.135
0.203
0.139
0.192
0.152
0.166
0.117
0.242
0.153
0.259
0.166
0.186
0.168
0.134
0.236
0.113
0.083
0.123
0.171
0.152
0.094
0.165
0.133
0.109
0.118
0.189
0.136
0.093
0.132
0.305
0.104
0.244
0.120
0.210
0.217
0.157
0.160
0.212
0.117
0.232
0.286
0.259
0.304
0.217
0.258
0.227
0.198
0.104
0.190
0.121
0.287
0.223
0.138
0.162
0.035
0.240
0.096
0.193
0.207
0.125
0.099
0.109
0.200
0.229
0.223
0.277
0.138
0.264
0.281
0.150
0.130
0.126
0.266
0.105
0.151
0.123
0.090
0.148
0.213
0.208
0.216
0.099
0.111
0.213
0.091
0.098
0.180
0.236
0.175
0.237
0.192
0.124
0.138
0.142
0.105
0.163
0.132
0.268
0.119
0.132
0.250
0.218
0.154
0.235
0.134
0.226
0.199
0.167
0.237
0.173
0.247
0.163
0.215
0.177
0.237
0.257
0.191
0.172
0.191
0.164
0.132
0.166
0.192
0.194
0.225
0.211
0.147
0.158
0.109
0.241
0.175
0.289
0.207
0.192
0.189
0.184
0.194
0.224
0.157
0.222
0.101
0.294
0.210
0.230
0.115
0.233
0.241
0.118
0.175
0.196
0.142
0.214
0.108
0.231
0.241
0.148
0.201
0.114
0.241
0.152
0.115
0.209
0.279
0.160
0.199
0.165
0.119
0.116
0.179
0.181
0.094
0.091
0.100
0.169
0.159
0.215
0.193
0.171
0.242
0.177
0.119
0.141
0.212
0.204
0.139
0.160
0.222
0.109
0.225
0.109
0.251
0.217
0.184
0.108
0.132
0.248
0.092
0.220
0.250
0.253
0.160
0.165
0.017
0.204
0.209
0.169
0.104
0.097
0.215
0.162
0.145
0.163
0.144
0.193
0.130
0.196
0.233
0.114
0.118
0.253
0.128
0.193
0.119
0.094
0.149
0.197
0.267
0.243
0.101
0.206
0.125
0.197
0.193
0.076
0.102
0.222
0.144
0.189
0.101
0.154
0.106
0.218
0.099
0.143
0.187
0.153
0.245
0.170
0.222
0.178
0.201
0.103
0.108
0.208
0.152
0.198
0.125
0.256
0.192
0.206
0.226
0.155
0.254
0.251
0.101
0.140
0.179
0.237
0.094
0.203
0.320
0.233
0.095
0.233
0.205
0.097
0.189
0.213
0.195
0.153
0.092
0.210
0.120
0.183
0.246
0.108
0.149
0.119
0.240
0.226
0.122
0.100
0.109
0.178
0.217
0.091
0.191
0.096
0.086
0.227
0.159
0.127
0.189
0.274
0.204
0.199
0.156
0.211
0.266
0.193
0.176
0.222
0.128
0.268
0.163
0.087
0.214
0.273
0.165
0.211
0.276
0.168
0.095
0.138
0.126
0.184
0.186
0.233
0.130
0.195
0.099
0.231
0.203
0.227
0.224
0.246
0.168
0.188
0.215
0.246
0.192
0.173
0.198
0.255
0.145
0.175
0.175
0.214
0.236
0.147
0.229
0.181
0.160
0.169
0.194
0.115
0.230
0.237
0.135
0.177
0.173
0.229
0.178
0.161
0.099
0.137
0.119
0.200
0.109
0.173
0.158
0.123
0.182
0.181
0.124
0.161
0.178
0.122
0.161
0.208
0.236
0.204
0.169
0.117
0.146
0.110
0.207
0.214
0.108
0.174
0.130
0.095
0.205
0.105
0.135
0.223
0.188
0.147
0.235
0.124
0.142
0.240
0.170
0.168
0.212
0.146
0.147
0.190
0.160
0.233
0.170
0.184
0.221
0.121
0.125
0.218
0.183
0.197
0.215
0.160
0.024
0.203
0.171
0.075
0.169
0.122
0.218
0.146
0.191
0.178
0.113
0.300
0.241
0.080
0.151
0.225
0.195
0.177
0.126
0.178
0.154
0.193
0.119
0.154
0.094
0.271
0.178
0.126
0.232
0.170
0.210
0.122
0.198
0.205
0.116
0.214
0.130
0.093
0.142
0.138
0.114
0.117
0.210
0.116
0.125
0.204
0.089
0.173
0.175
0.210
0.247
0.211
0.229
0.097
0.187
0.116
0.205
0.179
0.122
0.165
0.228
0.230
0.170
0.145
0.153
0.274
0.209
0.105
0.238
0.245
0.176
0.206
0.184
0.173
0.220
0.104
0.275
0.149
0.129
0.117
0.122
0.101
0.198
0.164
0.154
0.154
0.141
0.200
0.147
0.089
0.211
0.215
0.209
0.110
0.154
0.130
0.155
0.273
0.207
0.164
0.218
0.155
0.132
0.124
0.156
0.152
0.113
0.136
0.219
0.165
0.110
0.123
0.127
0.096
0.140
0.127
0.130
0.090
0.205
0.166
0.174
0.176
0.190
0.194
0.106
0.175
0.139
0.235
0.161
0.191
0.140
0.200
0.156
0.106
0.216
0.164
0.145
0.120
0.099
0.168
0.107
0.249
0.186
0.161
0.251
0.167
0.136
0.089
0.236
0.133
0.244
0.167
0.177
0.124
0.147
0.125
0.182
0.242
0.111
0.104
0.110
0.264
0.207
0.178
0.194
0.146
0.212
0.143
0.224
0.115
0.193
0.188
0.201
0.094
0.177
0.183
0.139
0.099
0.111
0.159
0.153
0.236
0.160
0.127
0.121
0.183
0.225
0.132
0.254
0.135
0.142
0.278
0.213
0.190
0.190
0.141
0.112
0.115
0.150
0.163
0.126
0.107
0.158
0.194
0.192
0.147
0.162
0.160
0.097
0.125
0.173
0.110
0.199
0.242
0.103
0.204
0.133
0.117
0.085
0.159
0.196
0.268
0.237
0.174
0.189
0.202
0.155
0.197
0.102
0.173
0.107
0.194
0.149
0.213
0.146
0.093
0.110
0.173
0.218
0.152
0.246
0.141
0.112
0.171
0.126
0.252
0.202
0.247
0.192
0.182
0.200
0.224
0.228
0.158
0.181
0.150
0.108
0.146
0.143
0.175
0.184
0.135
0.090
0.133
0.150
0.196
0.213
0.162
0.214
0.118
0.238
0.249
0.241
0.209
0.150
0.134
0.146
0.185
0.121
0.219
0.236
0.128
0.247
0.222
0.217
0.118
0.152
0.154
0.156
0.136
0.221
0.083
0.124
0.194
0.101
0.262
0.102
0.111
0.220
0.162
0.110
0.089
0.239
0.183
0.141
0.248
0.165
0.141
0.140
0.231
0.123
0.192
0.110
0.120
0.114
0.153
0.245
0.262
0.118
0.147
0.183
0.202
0.242
0.172
0.223
0.145
0.180
0.178
0.159
0.114
0.220
0.160
0.128
0.213
0.111
0.208
0.116
0.139
0.189
0.188
0.217
0.091
0.106
0.099
0.174
0.098
0.169
0.129
0.201
0.111
0.080
0.184
0.094
0.261
0.233
0.255
0.170
0.196
0.197
0.239
0.231
0.236
0.110
0.171
0.150
0.199
0.033
0.158
0.127
0.135
0.107
0.090
0.197
0.081
0.209
0.122
0.100
0.116
0.202
0.185
0.171
0.136
0.176
0.173
0.216
0.199
0.183
0.099
0.172
0.186
0.205
0.246
0.108
0.120
0.238
0.179
0.240
0.157
0.211
0.206
0.134
0.104
0.100
0.300
0.123
0.167
0.142
0.229
0.183
0.128
0.180
0.187
0.232
0.201
0.194
0.100
0.119
0.101
0.163
0.188
0.117
0.181
0.191
0.209
0.264
0.217
0.156
0.140
0.140
0.177
0.159
0.155
0.126
0.143
0.179
0.104
0.154
0.111
0.274
0.133
0.195
0.145
0.142
0.263
0.227
0.110
0.242
0.172
0.196
0.110
0.185
0.240
0.155
0.170
0.240
0.225
0.103
0.107
0.265
0.252
0.216
0.131
0.102
0.099
0.220
0.119
0.211
0.097
0.169
0.220
0.126
0.103
0.135
0.191
0.197
0.218
0.019
0.136
0.139
0.194
0.135
0.162
0.168
0.193
0.130
0.175
0.114
0.178
0.176
0.220
0.177
0.150
0.110
0.129
0.174
0.124
0.108
0.181
0.134
0.200
0.226
0.200
0.185
0.239
0.169
0.031
0.126
0.095
0.100
0.124
0.218
0.094
0.202
0.138
0.108
0.195
0.222
0.123
0.281
0.152
0.112
0.129
0.220
0.242
0.096
0.114
0.083
0.199
0.175
0.112
0.090
0.083
0.173
0.117
0.224
0.156
0.145
0.234
0.240
0.264
0.084
0.237
0.202
0.114
0.261
0.260
0.224
0.125
0.138
0.262
0.164
0.215
0.181
0.176
0.135
0.170
0.252
0.101
0.140
0.148
0.204
0.236
0.156
0.280
0.113
0.128
0.158
0.101
0.189
0.234
0.243
0.164
0.099
0.106
0.147
0.136
0.207
0.110
0.098
0.262
0.225
0.102
0.187
0.161
0.108
0.113
0.085
0.096
0.185
0.223
0.138
0.227
0.108
0.180
0.278
0.308
0.218
0.174
0.174
0.151
0.237
0.277
0.163
0.172
0.117
0.085
0.160
0.155
0.088
0.158
0.198
0.228
0.166
0.248
0.092
0.161
0.203
0.199
0.186
0.122
0.169
0.125
0.240
0.210
0.240
0.203
0.115
0.134
0.255
0.252
0.171
0.261
0.206
0.142
0.183
0.224
0.261
0.133
0.125
0.166
0.227
0.163
0.182
0.178
0.238
0.127
0.202
0.114
0.092
0.114
0.096
0.170
0.264
0.255
0.183
0.129
0.141
0.122
0.230
0.219
0.121
0.194
0.138
0.198
0.223
0.151
0.137
0.215
0.233
0.223
0.206
0.143
0.180
0.267
0.262
0.219
0.264
0.109
0.165
0.218
0.157
0.165
0.263
0.154
0.093
0.127
0.196
0.118
0.204
0.103
0.187
0.181
0.192
0.135
0.115
0.209
0.093
0.243
0.107
0.167
0.191
0.110
0.232
0.077
0.129
0.194
0.150
0.205
0.106
0.213
0.175
0.118
0.272
0.122
0.208
0.144
0.160
0.280
0.229
0.217
0.254
0.125
0.206
0.181
0.154
0.155
0.170
0.133
0.250
0.190
0.252
0.175
0.242
0.212
0.147
0.142
0.184
0.168
0.161
0.114
0.092
0.210
0.167
0.182
0.219
0.124
0.090
0.106
0.105
0.221
0.229
0.109
0.147
0.100
0.178
0.153
0.154
0.180
0.231
0.161
0.348
0.140
0.078
0.149
0.172
0.150
0.092
0.173
0.199
0.209
0.181
0.156
0.121
0.129
0.199
0.154
0.170
0.137
0.082
0.120
0.224
0.109
0.249
0.164
0.186
0.098
0.193
0.209
0.206
0.115
0.168
0.124
0.129
0.175
0.194
0.166
0.123
0.259
0.200
0.298
0.170
0.117
0.190
0.192
0.199
0.227
0.122
0.197
0.147
0.091
0.295
0.184
0.081
0.245
0.205
0.108
0.170
0.230
0.148
0.119
0.169
0.105
0.158
0.154
0.250
0.181
0.287
0.133
0.232
0.254
0.157
0.176
0.139
0.140
0.127
0.211
0.265
0.165
0.181
0.224
0.140
0.161
0.134
0.199
0.167
0.100
0.175
0.223
0.165
0.118
0.139
0.177
0.248
0.264
0.132
0.257
0.256
0.149
0.138
0.167
0.103
0.274
0.206
0.196
0.189
0.136
0.259
0.153
0.122
0.226
0.193
0.139
0.161
0.194
0.110
0.176
0.133
0.105
0.096
0.242
0.256
0.187
0.126
0.195
0.101
0.185
0.114
0.176
0.228
0.092
0.153
0.139
0.196
0.198
0.167
0.186
0.220
0.243
0.184
0.274
0.197
0.130
0.073
0.195
0.268
0.127
0.233
0.127
0.199
0.084
0.229
0.253
0.259
0.175
0.173
0.137
0.133
0.117
0.208
0.180
0.136
0.171
0.137
0.146
0.183
0.173
0.176
0.200
0.081
0.117
0.223
0.117
0.212
0.147
0.202
0.160
0.212
0.187
0.193
0.138
0.113
0.113
0.140
0.106
0.144
0.158
0.177
0.222
0.261
0.093
0.035
0.213
0.144
0.211
0.187
0.128
0.150
0.154
0.263
0.222
0.150
0.167
0.213
0.142
0.218
0.206
0.194
0.128
0.139
0.106
0.112
0.126
0.176
0.075
0.139
0.101
0.135
0.230
0.157
0.187
0.227
0.131
0.104
0.128
0.107
0.098
0.215
0.134
0.097
0.180
0.143
0.098
0.164
0.108
0.080
0.184
0.144
0.180
0.212
0.155
0.204
0.249
0.206
0.128
0.212
0.184
0.132
0.193
0.304
0.229
0.247
0.237
0.133
0.184
0.109
0.181
0.236
0.211
0.104
0.215
0.121
0.204
0.105
0.261
0.161
0.105
0.098
0.227
0.131
0.252
0.084
0.096
0.199
0.090
0.126
0.159
0.094
0.229
0.221
0.135
0.223
0.183
0.172
0.095
0.192
0.091
0.134
0.155
0.237
0.123
0.176
0.161
0.209
0.126
0.199
0.166
0.203
0.143
0.141
0.173
0.217
0.092
0.264
0.101
0.261
0.221
0.228
0.030
0.194
0.203
0.112
0.101
0.124
0.166
0.181
0.167
0.196
0.146
0.152
0.157
0.110
0.164
0.097
0.118
0.137
0.199
0.121
0.163
0.104
0.172
0.259
0.135
0.200
0.182
0.136
0.136
0.202
0.137
0.181
0.170
0.124
0.173
0.103
0.215
0.208
0.240
0.249
0.218
0.172
0.215
0.171
0.172
0.246
0.122
0.218
0.161
0.144
0.194
0.175
0.085
0.091
0.195
0.169
0.125
0.161
0.261
0.210
0.150
0.254
0.212
0.096
0.096
0.152
0.150
0.200
0.214
0.150
0.110
0.219
0.112
0.204
0.132
0.151
0.182
0.128
0.268
0.239
0.129
0.188
0.093
0.262
0.107
0.293
0.109
0.142
0.132
0.116
0.178
0.088
0.169
0.097
0.236
0.125
0.183
0.143
0.295
0.125
0.231
0.179
0.228
0.124
0.094
0.243
0.154
0.121
0.147
0.224
0.074
0.134
0.117
0.192
0.130
0.173
0.105
0.255
0.110
0.131
0.188
0.143
0.210
0.164
0.187
0.197
0.272
0.157
0.134
0.117
0.163
0.100
0.127
0.244
0.211
0.176
0.131
0.136
0.118
0.238
0.078
0.234
0.111
0.139
0.193
0.079
0.134
0.111
0.156
0.272
0.155
0.103
0.248
0.101
0.099
0.165
0.196
0.236
0.223
0.100
0.148
0.163
0.182
0.272
0.159
0.096
0.153
0.181
0.262
0.095
0.146
0.167
0.161
0.111
0.195
0.155
0.209
0.118
0.130
0.257
0.156
0.268
0.155
0.145
0.190
0.122
0.096
0.111
0.174
0.201
0.171
0.143
0.175
0.104
0.102
0.133
0.168
0.229
0.189
0.125
0.119
0.131
0.181
0.085
0.128
0.197
0.225
0.028
0.091
0.158
0.191
0.199
0.156
0.119
0.165
0.209
0.192
0.246
0.260
0.181
0.104
0.099
0.266
0.239
0.233
0.242
0.173
0.186
0.147
0.250
0.266
0.169
0.150
0.190
0.088
0.150
0.201
0.172
0.120
0.115
0.154
0.207
0.169
0.131
0.209
0.186
0.158
0.245
0.178
0.130
0.236
0.214
0.125
0.214
0.126
0.221
0.096
0.158
0.119
0.210
0.091
0.080
0.213
0.162
0.181
0.204
0.198
0.167
0.118
0.088
0.178
0.187
0.113
0.105
0.144
0.171
0.192
0.111
0.097
0.135
0.151
0.115
0.134
0.160
0.156
0.136
0.127
0.189
0.190
0.130
0.174
0.102
0.167
0.136
0.134
0.151
0.197
0.148
0.144
0.203
0.178
0.177
0.099
0.178
0.199
0.106
0.023
0.179
0.179
0.149
0.156
0.183
0.207
0.211
0.166
0.180
0.142
0.151
0.133
0.210
0.242
0.166
0.195
0.165
0.118
0.132
0.240
0.139
0.209
0.156
0.203
0.169
0.154
0.109
0.212
0.203
0.195
0.190
0.189
0.132
0.158
0.166
0.191
0.282
0.184
0.186
0.228
0.162
0.134
0.250
0.251
0.089
0.217
0.196
0.099
0.119
0.117
0.139
0.135
0.211
0.201
0.246
0.198
0.125
0.121
0.224
0.150
0.211
0.112
0.128
0.183
0.284
0.194
0.106
0.232
0.195
0.195
0.209
0.273
0.109
0.121
0.196
0.185
0.121
0.190
0.234
0.103
0.106
0.210
0.183
0.204
0.202
0.175
0.207
0.110
0.210
0.103
0.198
0.129
0.161
0.159
0.267
0.247
0.132
0.112
0.121
0.204
0.121
0.228
0.179
0.184
0.083
0.127
0.227
0.270
0.227
0.149
0.183
0.102
0.202
0.091
0.255
0.178
0.181
0.216
0.217
0.199
0.174
0.159
0.182
0.267
0.156
0.164
0.122
0.139
0.285
0.146
0.128
0.088
0.242
0.254
0.257
0.081
0.170
0.195
0.174
0.158
0.087
0.180
0.090
0.157
0.113
0.119
0.134
0.184
0.156
0.138
0.177
0.182
0.225
0.119
0.174
0.228
0.131
0.220
0.182
0.120
0.079
0.255
0.091
0.102
0.211
0.192
0.114
0.194
0.139
0.219
0.117
0.116
0.168
0.099
0.182
0.155
0.232
0.168
0.199
0.169
0.081
0.227
0.100
0.163
0.115
0.116
0.158
0.181
0.090
0.240
0.172
0.233
0.208
0.122
0.294
0.146
0.147
0.114
0.139
0.156
0.109
0.189
0.147
0.205
0.088
0.151
0.095
0.140
0.180
0.130
0.154
0.204
0.188
0.097
0.189
0.193
0.123
0.195
0.187
0.165
0.193
0.104
0.190
0.109
0.125
0.216
0.188
0.105
0.145
0.229
0.217
0.197
0.188
0.199
0.126
0.130
0.179
0.133
0.190
0.269
0.130
0.209
0.168
0.162
0.189
0.147
0.147
0.212
0.147
0.175
0.132
0.255
0.088
0.134
0.079
0.257
0.140
0.022
0.232
0.180
0.237
0.092
0.259
0.225
0.195
0.173
0.170
0.109
0.140
0.102
0.201
0.195
0.094
0.176
0.208
0.195
0.119
0.106
0.132
0.173
0.229
0.194
0.105
0.295
0.109
0.180
0.187
0.177
0.244
0.128
0.211
0.175
0.133
0.187
0.154
0.236
0.227
0.240
0.113
0.348
0.288
0.108
0.133
0.107
0.139
0.182
0.185
0.118
0.197
0.171
0.179
0.142
0.182
0.117
0.106
0.197
0.164
0.176
0.175
0.121
0.206
0.146
0.196
0.100
0.129
0.263
0.266
0.138
0.169
0.163
0.115
0.105
0.171
0.120
0.086
0.162
0.241
0.188
0.178
0.110
0.172
0.125
0.210
0.206
0.152
0.243
0.091
0.255
0.164
0.150
0.215
0.157
0.127
0.235
0.125
0.131
0.211
0.143
0.146
0.122
0.119
0.242
0.155
0.189
0.205
0.186
0.194
0.123
0.134
0.097
0.212
0.126
0.220
0.159
0.204
0.206
0.100
0.107
0.110
0.187
0.248
0.233
0.156
0.230
0.121
0.112
0.143
0.242
0.105
0.094
0.194
0.109
0.132
0.174
0.159
0.137
0.093
0.138
0.268
0.113
0.174
0.177
0.111
0.189
0.135
0.136
0.141
0.251
0.175
0.136
0.220
0.206
0.165
0.256
0.137
0.170
0.164
0.199
0.113
0.143
0.092
0.114
0.097
0.241
0.075
0.108
0.213
0.107
0.125
0.186
0.111
0.204
0.113
0.135
0.175
0.093
0.178
0.152
0.243
0.152
0.099
0.166
0.176
0.144
0.124
0.146
0.187
0.095
0.255
0.114
0.136
0.182
0.142
0.191
0.107
0.301
0.196
0.259
0.201
0.254
0.102
0.145
0.243
0.171
0.166
0.187
0.113
0.111
0.236
0.217
0.123
0.095
0.142
0.132
0.143
0.091
0.126
0.098
0.210
0.139
0.184
0.139
0.131
0.101
0.118
0.165
0.137
0.118
0.112
0.240
0.122
0.203
0.301
0.097
0.152
0.178
0.246
0.117
0.242
0.183
0.159
0.257
0.139
0.236
0.074
0.211
0.090
0.151
0.156
0.233
0.249
0.105
0.117
0.198
0.106
0.232
0.200
0.243
0.209
0.180
0.182
0.124
0.091
0.201
0.199
0.204
0.119
0.130
0.189
0.249
0.167
0.142
0.164
0.100
0.130
0.132
0.161
0.108
0.215
0.097
0.199
0.086
0.209
0.179
0.160
0.255
0.109
0.129
0.112
0.243
0.202
0.134
0.201
0.215
0.114
0.191
0.221
0.207
0.178
0.149
0.165
0.190
0.187
0.148
0.210
0.204
0.200
0.198
0.098
0.202
0.142
0.081
0.113
0.121
0.184
0.104
0.158
0.235
0.159
0.166
0.213
0.107
0.111
0.117
0.248
0.242
0.134
0.136
0.168
0.153
0.218
0.128
0.210
0.217
0.184
0.127
0.125
0.246
0.226
0.204
0.104
0.140
0.118
0.159
0.130
0.113
0.290
0.268
0.238
0.121
0.171
0.230
0.165
0.163
0.163
0.205
0.153
0.239
0.196
0.181
0.181
0.103
0.196
0.125
0.192
0.203
0.104
0.236
0.232
0.096
0.279
0.107
0.095
0.230
0.159
0.259
0.138
0.234
0.095
0.134
0.206
0.152
0.255
0.211
0.141
0.108
0.107
0.139
0.172
0.184
0.235
0.112
0.148
0.251
0.072
0.103
0.184
0.226
0.190
0.132
0.026
0.183
0.200
0.092
0.172
0.153
0.137
0.142
0.099
0.214
0.203
0.099
0.121
0.238
0.162
0.187
0.164
0.167
0.256
0.128
0.182
0.110
0.122
0.108
0.109
0.260
0.210
0.123
0.266
0.133
0.122
0.115
0.196
0.200
0.273
0.097
0.249
0.106
0.191
0.114
0.105
0.149
0.138
0.200
0.184
0.269
0.157
0.159
0.096
0.207
0.098
0.228
0.276
0.155
0.276
0.204
0.248
0.205
0.222
0.229
0.120
0.092
0.103
0.190
0.176
0.187
0.175
0.160
0.095
0.111
0.217
0.208
0.121
0.220
0.130
0.225
0.211
0.188
0.216
0.156
0.209
0.098
0.161
0.194
0.083
0.114
0.239
0.094
0.178
0.097
0.026
0.153
0.102
0.151
0.231
0.222
0.184
0.116
0.231
0.150
0.131
0.142
0.144
0.100
0.159
0.211
0.193
0.166
0.282
0.135
0.109
0.161
0.116
0.151
0.103
0.108
0.187
0.043
0.206
0.181
0.194
0.142
0.245
0.272
0.122
0.153
0.176
0.158
0.146
0.162
0.184
0.113
0.182
0.160
0.254
0.220
0.114
0.172
0.170
0.219
0.236
0.196
0.107
0.165
0.147
0.119
0.150
0.100
0.128
0.246
0.165
0.214
0.147
0.143
0.189
0.098
0.150
0.245
0.229
0.162
0.108
0.115
0.222
0.197
0.199
0.184
0.113
0.142
0.022
0.122
0.152
0.112
0.090
0.215
0.128
0.173
0.114
0.128
0.154
0.185
0.106
0.162
0.178
0.206
0.114
0.185
0.223
0.159
0.103
0.189
0.094
0.171
0.159
0.171
0.237
0.161
0.228
0.225
0.158
0.246
0.165
0.105
0.170
0.095
0.218
0.257
0.217
0.133
0.180
0.149
0.252
0.129
0.155
0.284
0.165
0.157
0.208
0.161
0.187
0.077
0.235
0.165
0.240
0.185
0.236
0.121
0.164
0.150
0.212
0.103
0.241
0.164
0.114
0.194
0.137
0.121
0.172
0.229
0.149
0.181
0.089
0.111
0.205
0.241
0.130
0.161
0.164
0.030
0.213
0.189
0.191
0.198
0.101
0.135
0.136
0.097
0.095
0.216
0.150
0.213
0.263
0.171
0.120
0.226
0.183
0.224
0.145
0.259
0.153
0.170
0.258
0.160
0.193
0.267
0.122
0.147
0.206
0.153
0.147
0.293
0.261
0.169
0.149
0.116
0.121
0.221
0.146
0.112
0.159
0.139
0.205
0.222
0.182
0.176
0.169
0.178
0.175
0.227
0.146
0.233
0.132
0.135
0.191
0.109
0.167
0.254
0.081
0.193
0.125
0.195
0.133
0.188
0.132
0.178
0.107
0.190
0.216
0.240
0.101
0.098
0.208
0.225
0.248
0.103
0.159
0.157
0.203
0.209
0.226
0.149
0.112
0.168
0.120
0.275
0.154
0.108
0.141
0.111
0.114
0.256
0.208
0.207
0.195
0.126
0.091
0.110
0.120
0.191
0.200
0.149
0.204
0.125
0.223
0.258
0.165
0.098
0.106
0.285
0.202
0.103
0.201
0.164
0.168
0.120
0.124
0.149
0.203
0.223
0.146
0.152
0.172
0.183
0.200
0.148
0.099
0.096
0.202
0.120
0.138
0.103
0.207
0.165
0.144
0.112
0.188
0.132
0.120
0.169
0.200
0.114
0.119
0.191
0.218
0.266
0.143
0.071
0.237
0.133
0.141
0.117
0.201
0.146
0.099
0.226
0.131
0.159
0.130
0.130
0.215
0.127
0.151
0.241
0.248
0.169
0.091
0.109
0.229
0.168
0.164
0.129
0.146
0.175
0.260
0.136
0.183
0.162
0.111
0.180
0.269
0.130
0.236
0.171
0.125
0.160
0.136
0.229
0.116
0.147
0.125
0.172
0.121
0.189
0.155
0.218
0.140
0.245
0.220
0.153
0.128
0.104
0.160
0.192
0.176
0.112
0.226
0.110
0.098
0.188
0.098
0.098
0.118
0.183
0.090
0.097
0.111
0.202
0.227
0.207
0.164
0.107
0.253
0.202
0.154
0.198
0.181
0.229
0.159
0.188
0.213
0.218
0.115
0.228
0.203
0.126
0.181
0.147
0.092
0.223
0.163
0.183
0.108
0.208
0.162
0.157
0.240
0.114
0.119
0.098
0.269
0.093
0.143
0.205
0.107
0.090
0.087
0.238
0.099
0.120
0.217
0.109
0.214
0.114
0.184
0.154
0.139
0.186
0.110
0.092
0.115
0.252
0.119
0.101
0.176
0.203
0.218
0.196
0.163
0.168
0.194
0.077
0.178
0.230
0.210
0.193
0.211
0.164
0.109
0.225
0.191
0.191
0.217
0.140
0.121
0.187
0.094
0.163
0.186
0.213
0.097
0.098
0.105
0.214
0.138
0.160
0.183
0.241
0.201
0.178
0.129
0.201
0.161
0.119
0.185
0.231
0.224
0.141
0.150
0.120
0.220
0.097
0.195
0.175
0.097
0.103
0.211
0.112
0.106
0.176
0.167
0.163
0.211
0.190
0.097
0.101
0.264
0.093
0.161
0.161
0.125
0.164
0.108
0.247
0.242
0.231
0.203
0.188
0.159
0.148
0.180
0.211
0.174
0.107
0.210
0.261
0.190
0.133
0.164
0.235
0.200
0.112
0.136
0.099
0.191
0.140
0.140
0.126
0.172
0.263
0.159
0.127
0.124
0.249
0.192
0.189
0.186
0.178
0.091
0.180
0.183
0.146
0.184
0.175
0.219
0.111
0.169
0.175
0.224
0.133
0.240
0.221
0.115
0.194
0.267
0.145
0.158
0.122
0.205
0.125
0.289
0.157
0.167
0.224
0.134
0.208
0.225
0.106
0.201
0.125
0.172
0.097
0.158
0.163
0.120
0.030
0.085
0.116
0.085
0.150
0.125
0.105
0.120
0.205
0.100
0.194
0.177
0.226
0.233
0.124
0.180
0.243
0.211
0.113
0.197
0.156
0.216
0.189
0.215
0.180
0.201
0.144
0.123
0.098
0.119
0.112
0.162
0.131
0.108
0.180
0.138
0.181
0.181
0.249
0.200
0.150
0.123
0.101
0.119
0.241
0.198
0.274
0.164
0.109
0.160
0.085
0.140
0.215
0.209
0.306
0.225
0.096
0.175
0.149
0.132
0.144
0.175
0.021
0.223
0.107
0.101
0.243
0.176
0.145
0.135
0.187
0.187
0.099
0.236
0.236
0.199
0.234
0.128
0.220
0.202
0.122
0.120
0.124
0.196
0.092
0.141
0.085
0.129
0.162
0.134
0.220
0.134
0.187
0.148
0.134
0.099
0.165
0.136
0.211
0.224
0.188
0.161
0.158
0.194
0.181
0.178
0.200
0.135
0.119
0.103
0.116
0.148
0.225
0.146
0.197
0.191
0.201
0.223
0.176
0.249
0.164
0.176
0.205
0.213
0.186
0.206
0.197
0.112
0.295
0.162
0.092
0.141
0.233
0.147
0.134
0.200
0.128
0.138
0.162
0.101
0.240
0.118
0.225
0.172
0.144
0.140
0.219
0.246
0.119
0.224
0.215
0.173
0.113
0.238
0.117
0.028
0.255
0.154
0.086
0.186
0.095
0.101
0.099
0.109
0.153
0.254
0.218
0.117
0.203
0.187
0.119
0.177
0.164
0.246
0.109
0.205
0.138
0.268
0.258
0.184
0.251
0.182
0.085
0.092
0.128
0.216
0.130
0.182
0.108
0.173
0.119
0.137
0.192
0.129
0.172
0.175
0.175
0.263
0.188
0.097
0.315
0.229
0.215
0.097
0.107
0.262
0.174
0.241
0.133
0.091
0.111
0.116
0.069
0.147
0.145
0.096
0.088
0.207
0.248
0.033
0.120
0.119
0.212
0.169
0.212
0.179
0.111
0.265
0.109
0.237
0.187
0.200
0.110
0.230
0.170
0.160
0.181
0.236
0.131
0.235
0.147
0.163
0.139
0.178
0.172
0.197
0.152
0.294
0.209
0.216
0.271
0.078
0.243
0.115
0.154
0.189
0.155
0.136
0.228
0.138
0.264
0.222
0.163
0.190
0.084
0.127
0.212
0.124
0.223
0.150
0.253
0.166
0.108
0.183
0.155
0.122
0.185
0.172
0.110
0.141
0.155
0.186
0.131
0.244
0.282
0.155
0.196
0.089
0.137
0.158
0.092
0.254
0.190
0.130
0.114
0.175
0.236
0.183
0.201
0.124
0.132
0.112
0.172
0.204
0.105
0.256
0.147
0.184
0.197
0.136
0.223
0.105
0.168
0.169
0.250
0.128
0.222
0.101
0.194
0.151
0.142
0.175
0.211
0.198
0.157
0.192
0.034
0.111
0.229
0.090
0.109
0.275
0.152
0.115
0.182
0.178
0.141
0.156
0.118
0.095
0.174
0.165
0.153
0.184
0.110
0.221
0.176
0.109
0.203
0.102
0.269
0.173
0.177
0.096
0.236
0.101
0.142
0.142
0.090
0.240
0.119
0.118
0.113
0.175
0.141
0.176
0.126
0.118
0.152
0.200
0.145
0.182
0.162
0.143
0.093
0.160
0.180
0.123
0.173
0.178
0.178
0.175
0.167
0.139
0.085
0.162
0.151
0.124
0.181
0.174
0.132
0.217
0.127
0.099
0.155
0.222
0.099
0.083
0.149
0.142
0.132
0.164
0.204
0.288
0.119
0.244
0.100
0.122
0.206
0.131
0.117
0.165
0.200
0.218
0.136
0.200
0.127
0.195
0.237
0.189
0.130
0.119
0.274
0.099
0.119
0.131
0.179
0.179
0.158
0.154
0.162
0.155
0.177
0.158
0.129
0.208
0.171
0.115
0.080
0.175
0.250
0.129
0.141
0.214
0.176
0.088
0.098
0.226
0.111
0.251
0.139
0.239
0.122
0.097
0.173
0.102
0.202
0.197
0.181
0.264
0.149
0.263
0.236
0.118
0.166
0.111
0.223
0.126
0.155
0.108
0.107
0.088
0.140
0.209
0.170
0.102
0.177
0.145
0.248
0.106
0.174
0.143
0.194
0.168
0.080
0.102
0.140
0.167
0.223
0.197
0.122
0.221
0.165
0.207
0.154
0.145
0.209
0.245
0.222
0.167
0.248
0.111
0.148
0.157
0.251
0.096
0.118
0.241
0.254
0.108
0.095
0.182
0.150
0.100
0.263
0.197
0.143
0.135
0.133
0.172
0.234
0.255
0.232
0.124
0.184
0.167
0.210
0.115
0.167
0.139
0.181
0.246
0.124
0.211
0.186
0.187
0.118
0.159
0.149
0.157
0.094
0.235
0.267
0.150
0.154
0.301
0.242
0.024
0.127
0.208
0.176
0.173
0.232
0.159
0.196
0.113
0.111
0.226
0.102
0.124
0.174
0.097
0.101
0.234
0.139
0.159
0.211
0.121
0.198
0.109
0.148
0.221
0.258
0.258
0.221
0.095
0.149
0.163
0.158
0.116
0.124
0.152
0.116
0.101
0.128
0.088
0.158
0.184
0.089
0.239
0.156
0.176
0.163
0.103
0.174
0.204
0.130
0.215
0.142
0.224
0.149
0.213
0.112
0.168
0.234
0.216
0.196
0.166
0.229
0.201
0.198
0.175
0.131
0.213
0.111
0.287
0.173
0.107
0.226
0.110
0.201
0.186
0.165
0.206
0.253
0.122
0.168
0.134
0.193
0.210
0.185
0.181
0.251
0.176
0.116
0.222
0.181
0.109
0.102
0.180
0.188
0.142
0.179
0.110
0.193
0.178
0.192
0.106
0.227
0.175
0.164
0.154
0.117
0.181
0.172
0.256
0.167
0.126
0.113
0.249
0.109
0.146
0.245
0.218
0.128
0.094
0.096
0.159
0.216
0.093
0.213
0.152
0.112
0.104
0.112
0.147
0.211
0.170
0.132
0.166
0.197
0.214
0.183
0.087
0.275
0.157
0.103
0.144
0.161
0.021
0.130
0.126
0.097
0.220
0.204
0.164
0.112
0.108
0.149
0.210
0.166
0.140
0.109
0.096
0.141
0.167
0.237
0.228
0.156
0.150
0.216
0.211
0.118
0.126
0.239
0.197
0.180
0.211
0.113
0.136
0.118
0.177
0.089
0.168
0.119
0.018
0.124
0.162
0.218
0.142
0.174
0.113
0.170
0.221
0.203
0.189
0.096
0.102
0.122
0.197
0.072
0.187
0.122
0.177
0.182
0.128
0.109
0.230
0.176
0.100
0.119
0.179
0.180
0.109
0.124
0.183
0.108
0.104
0.162
0.105
0.156
0.129
0.165
0.120
0.200
0.122
0.186
0.255
0.177
0.242
0.216
0.243
0.184
0.177
0.200
0.123
0.099
0.151
0.251
0.219
0.200
0.162
0.234
0.175
0.104
0.247
0.121
0.174
0.274
0.026
0.150
0.147
0.153
0.106
0.155
0.177
0.145
0.167
0.084
0.203
0.145
0.209
0.123
0.132
0.182
0.075
0.188
0.186
0.143
0.118
0.114
0.182
0.178
0.152
0.227
0.092
0.113
0.193
0.144
0.162
0.103
0.121
0.145
0.161
0.228
0.231
0.177
0.253
0.115
0.115
0.177
0.153
0.259
0.204
0.165
0.145
0.266
0.101
0.205
0.210
0.156
0.233
0.181
0.208
0.127
0.228
0.254
0.154
0.184
0.119
0.146
0.192
0.175
0.093
0.119
0.143
0.231
0.199
0.159
0.106
0.163
0.221
0.257
0.104
0.143
0.099
0.091
0.097
0.139
0.076
0.159
0.186
0.235
0.205
0.222
0.081
0.066
0.274
0.183
0.121
0.178
0.267
0.095
0.201
0.093
0.175
0.137
0.260
0.108
0.093
0.154
0.121
0.112
0.123
0.210
0.197
0.213
0.127
0.205
0.178
0.169
0.111
0.213
0.129
0.186
0.206
0.202
0.184
0.094
0.149
0.115
0.226
0.261
0.103
0.106
0.164
0.121
0.180
0.153
0.224
0.135
0.266
0.086
0.152
0.163
0.132
0.100
0.095
0.230
0.081
0.206
0.209
0.202
0.189
0.262
0.230
0.090
0.145
0.151
0.197
0.182
0.232
0.104
0.191
0.111
0.288
0.238
0.181
0.192
0.253
0.199
0.255
0.198
0.124
0.246
0.119
0.097
0.186
0.177
0.245
0.191
0.140
0.189
0.109
0.278
0.194
0.152
0.102
0.195
0.163
0.187
0.149
0.274
0.195
0.206
0.173
0.022
0.266
0.230
0.124
0.156
0.158
0.144
0.145
0.097
0.207
0.172
0.145
0.155
0.153
0.178
0.161
0.226
0.168
0.125
0.097
0.096
0.133
0.132
0.210
0.124
0.146
0.209
0.108
0.202
0.182
0.115
0.164
0.100
0.185
0.100
0.122
0.217
0.155
0.120
0.170
0.131
0.224
0.174
0.144
0.112
0.182
0.134
0.120
0.167
0.148
0.233
0.138
0.145
0.264
0.177
0.204
0.226
0.126
0.161
0.118
0.100
0.170
0.168
0.113
0.226
0.123
0.121
0.108
0.113
0.175
0.119
0.125
0.234
0.117
0.191
0.132
0.163
0.229
0.219
0.238
0.117
0.101
0.125
0.258
0.208
0.188
0.136
0.142
0.083
0.169
0.168
0.191
0.082
0.127
0.189
0.125
0.087
0.163
0.206
0.132
0.231
0.209
0.122
0.123
0.116
0.169
0.138
0.174
0.202
0.125
0.172
0.081
0.085
0.159
0.108
0.136
0.152
0.143
0.213
0.097
0.224
0.164
0.144
0.180
0.178
0.141
0.213
0.163
0.179
0.089
0.181
0.090
0.139
0.110
0.264
0.160
0.268
0.266
0.207
0.090
0.223
0.219
0.218
0.278
0.121
0.195
0.109
0.191
0.158
0.121
0.200
0.143
0.240
0.126
0.114
0.182
0.212
0.205
0.131
0.198
0.176
0.172
0.221
0.100
0.206
0.113
0.172
0.215
0.128
0.164
0.238
0.209
0.128
0.199
0.104
0.207
0.120
0.084
0.161
0.211
0.156
0.135
0.190
0.185
0.250
0.164
0.165
0.228
0.238
0.144
0.196
0.197
0.218
0.211
0.104
0.135
0.219
0.121
0.092
0.094
0.136
0.187
0.029
0.129
0.158
0.169
0.298
0.172
0.217
0.236
0.106
0.197
0.165
0.185
0.196
0.231
0.107
0.112
0.100
0.118
0.211
0.152
0.241
0.176
0.168
0.220
0.274
0.130
0.155
0.102
0.099
0.233
0.114
0.174
0.135
0.214
0.076
0.103
0.183
0.132
0.130
0.176
0.118
0.147
0.118
0.200
0.091
0.154
0.109
0.225
0.182
0.157
0.103
0.158
0.160
0.209
0.194
0.018
0.146
0.167
0.162
0.249
0.113
0.146
0.120
0.254
0.118
0.263
0.091
0.129
0.086
0.258
0.114
0.104
0.186
0.235
0.208
0.159
0.150
0.106
0.163
0.239
0.250
0.227
0.148
0.161
0.175
0.235
0.166
0.159
0.227
0.190
0.230
0.148
0.103
0.152
0.196
0.205
0.190
0.199
0.130
0.192
0.212
0.098
0.027
0.150
0.197
0.096
0.173
0.125
0.261
0.207
0.178
0.144
0.174
0.141
0.171
0.279
0.223
0.112
0.202
0.238
0.186
0.204
0.105
0.258
0.244
0.139
0.140
0.262
0.165
0.239
0.173
0.128
0.227
0.156
0.091
0.242
0.090
0.213
0.142
0.179
0.213
0.173
0.232
0.107
0.185
0.157
0.258
0.155
0.119
0.103
0.259
0.131
0.210
0.209
0.127
0.132
0.113
0.195
0.213
0.196
0.115
0.125
0.143
0.207
0.120
0.178
0.201
0.078
0.089
0.134
0.105
0.259
0.240
0.204
0.145
0.214
0.208
0.144
0.198
0.163
0.126
0.119
0.139
0.160
0.218
0.223
0.213
0.114
0.124
0.267
0.105
0.169
0.124
0.169
0.175
0.109
0.092
0.095
0.193
0.207
0.116
0.176
0.107
0.228
0.096
0.157
0.144
0.196
0.232
0.181
0.214
0.203
0.215
0.174
0.141
0.081
0.220
0.199
0.259
0.163
0.215
0.138
0.175
0.196
0.151
0.189
0.123
0.152
0.146
0.123
0.177
0.107
0.197
0.160
0.186
0.151
0.110
0.230
0.142
0.170
0.233
0.261
0.106
0.104
0.177
0.175
0.133
0.105
0.111
0.138
0.124
0.183
0.239
0.200
0.143
0.161
0.101
0.201
0.087
0.202
0.200
0.108
0.197
0.197
0.196
0.199
0.108
0.223
0.231
0.189
0.177
0.128
0.241
0.151
0.115
0.139
0.154
0.117
0.108
0.153
0.204
0.194
0.300
0.264
0.124
0.125
0.192
0.135
0.118
0.161
0.209
0.231
0.172
0.167
0.139
0.239
0.203
0.158
0.094
0.256
0.142
0.153
0.121
0.109
0.156
0.143
0.134
0.214
0.101
0.142
0.139
0.112
0.235
0.102
0.167
0.134
0.121
0.124
0.092
0.210
0.121
0.113
0.225
0.178
0.175
0.263
0.127
0.120
0.099
0.100
0.191
0.149
0.173
0.136
0.231
0.180
0.116
0.138
0.095
0.194
0.102
0.185
0.174
0.151
0.255
0.124
0.236
0.169
0.176
0.213
0.243
0.103
0.245
0.088
0.126
0.202
0.112
0.183
0.197
0.121
0.253
0.104
0.204
0.160
0.235
0.172
0.158
0.214
0.201
0.179
0.117
0.165
0.113
0.155
0.171
0.122
0.185
0.267
0.149
0.282
0.187
0.119
0.215
0.130
0.172
0.211
0.097
0.193
0.157
0.153
0.141
0.153
0.229
0.107
0.214
0.243
0.203
0.219
0.161
0.239
0.147
0.110
0.239
0.136
0.229
0.162
0.235
0.118
0.157
0.213
0.108
0.190
0.110
0.131
0.263
0.182
0.207
0.187
0.160
0.107
0.082
0.126
0.179
0.149
0.188
0.231
0.124
0.233
0.229
0.159
0.140
0.137
0.241
0.106
0.174
0.222
0.132
0.032
0.202
0.187
0.223
0.263
0.146
0.159
0.239
0.194
0.195
0.157
0.169
0.169
0.159
0.123
0.261
0.179
0.251
0.180
0.172
0.156
0.103
0.158
0.176
0.083
0.176
0.127
0.087
0.190
0.121
0.153
0.209
0.193
0.237
0.149
0.183
0.152
0.193
0.243
0.242
0.142
0.123
0.212
0.111
0.171
0.127
0.174
0.162
0.245
0.176
0.192
0.234
0.123
0.236
0.240
0.208
0.127
0.188
0.241
0.208
0.177
0.153
0.118
0.244
0.153
0.178
0.221
0.120
0.234
0.272
0.132
0.111
0.226
0.120
0.087
0.108
0.135
0.072
0.210
0.133
0.244
0.184
0.269
0.188
0.207
0.144
0.115
0.088
0.146
0.227
0.141
0.156
0.192
0.205
0.064
0.133
0.274
0.086
0.105
0.120
0.140
0.100
0.173
0.174
0.148
0.183
0.219
0.189
0.217
0.205
0.121
0.079
0.119
0.126
0.211
0.195
0.235
0.221
0.167
0.162
0.260
0.141
0.198
0.178
0.112
0.211
0.231
0.197
0.214
0.128
0.132
0.201
0.233
0.128
0.127
0.196
0.237
0.191
0.110
0.024
0.169
0.135
0.210
0.207
0.157
0.116
0.095
0.111
0.093
0.190
0.150
0.165
0.070
0.141
0.095
0.118
0.185
0.237
0.136
0.094
0.130
0.174
0.100
0.202
0.094
0.129
0.227
0.176
0.152
0.090
0.132
0.097
0.236
0.177
0.202
0.137
0.161
0.171
0.194
0.124
0.145
0.161
0.173
0.100
0.126
0.154
0.145
0.157
0.117
0.210
0.152
0.178
0.101
0.129
0.183
0.122
0.189
0.153
0.147
0.119
0.097
0.120
0.189
0.195
0.100
0.134
0.160
0.266
0.204
0.214
0.219
0.214
0.126
0.127
0.136
0.174
0.188
0.116
0.183
0.112
0.226
0.178
0.153
0.168
0.240
0.203
0.217
0.177
0.169
0.235
0.260
0.134
0.139
0.139
0.035
0.079
0.104
0.142
0.162
0.164
0.114
0.182
0.027
0.113
0.207
0.237
0.117
0.226
0.119
0.205
0.211
0.223
0.105
0.197
0.110
0.220
0.208
0.213
0.246
0.086
0.164
0.124
0.161
0.139
0.142
0.255
0.113
0.174
0.147
0.263
0.225
0.191
0.185
0.198
0.072
0.183
0.192
0.132
0.145
0.225
0.149
0.211
0.124
0.227
0.121
0.155
0.138
0.192
0.137
0.159
0.107
0.292
0.183
0.229
0.148
0.137
0.114
0.084
0.195
0.105
0.243
0.125
0.117
0.211
0.245
0.155
0.023
0.087
0.163
0.179
0.286
0.212
0.200
0.207
0.108
0.082
0.141
0.208
0.230
0.175
0.200
0.218
0.277
0.100
0.119
0.106
0.134
0.180
0.184
0.253
0.223
0.293
0.097
0.183
0.146
0.270
0.113
0.249
0.199
0.273
0.156
0.188
0.173
0.142
0.114
0.185
0.156
0.110
0.180
0.108
0.130
0.139
0.132
0.224
0.184
0.162
0.173
0.222
0.244
0.172
0.250
0.184
0.112
0.103
0.141
0.177
0.125
0.159
0.245
0.159
0.242
0.178
0.190
0.195
0.197
0.173
0.270
0.155
0.151
0.177
0.162
0.158
0.169
0.183
0.190
0.152
0.185
0.187
0.222
0.108
0.124
0.194
0.146
0.176
0.092
0.113
0.160
0.124
0.252
0.105
0.153
0.190
0.088
0.150
0.192
0.184
0.142
0.102
0.255
0.097
0.116
0.136
0.242
0.263
0.165
0.129
0.173
0.088
0.175
0.207
0.106
0.033
0.147
0.210
0.214
0.166
0.216
0.213
0.104
0.204
0.159
0.166
0.159
0.117
0.225
0.170
0.177
0.211
0.189
0.241
0.184
0.165
0.134
0.133
0.168
0.179
0.115
0.113
0.211
0.173
0.183
0.169
0.172
0.137
0.191
0.106
0.115
0.084
0.245
0.136
0.213
0.153
0.097
0.112
0.193
0.204
0.233
0.233
0.107
0.136
0.175
0.203
0.196
0.169
0.204
0.217
0.203
0.193
0.155
0.208
0.162
0.184
0.110
0.242
0.263
0.216
0.149
0.261
0.271
0.103
0.195
0.053
0.155
0.152
0.241
0.101
0.022
0.240
0.139
0.206
0.201
0.176
0.148
0.258
0.201
0.148
0.264
0.160
0.122
0.143
0.160
0.186
0.206
0.153
0.117
0.156
0.157
0.130
0.106
0.116
0.164
0.216
0.165
0.213
0.137
0.157
0.234
0.154
0.207
0.168
0.107
0.141
0.136
0.107
0.180
0.256
0.204
0.094
0.107
0.241
0.137
0.160
0.234
0.048
0.103
0.193
0.232
0.214
0.164
0.157
0.161
0.135
0.216
0.124
0.188
0.105
0.106
0.252
0.125
0.101
0.243
0.232
0.184
0.127
0.133
0.136
0.158
0.225
0.144
0.220
0.149
0.173
0.143
0.248
0.136
0.132
0.113
0.117
0.238
0.210
0.174
0.022
0.188
0.087
0.163
0.190
0.181
0.127
0.185
0.118
0.190
0.267
0.156
0.125
0.105
0.137
0.200
0.079
0.163
0.094
0.254
0.151
0.170
0.117
0.141
0.099
0.189
0.082
0.126
0.295
0.126
0.213
0.249
0.147
0.145
0.105
0.119
0.091
0.127
0.194
0.175
0.105
0.129
0.188
0.180
0.088
0.213
0.137
0.148
0.191
0.117
0.176
0.159
0.233
0.178
0.227
0.114
0.183
0.185
0.180
0.231
0.120
0.178
0.248
0.237
0.171
0.211
0.106
0.165
0.198
0.256
0.166
0.089
0.121
0.238
0.201
0.165
0.254
0.200
0.204
0.173
0.219
0.183
0.217
0.130
0.187
0.203
0.117
0.238
0.123
0.185
0.236
0.274
0.124
0.217
0.228
0.192
0.095
0.203
0.094
0.167
0.117
0.131
0.149
0.102
0.226
0.195
0.143
0.202
0.153
0.262
0.115
0.173
0.115
0.208
0.218
0.201
0.248
0.168
0.147
0.130
0.151
0.163
0.185
0.216
0.105
0.269
0.183
0.098
0.211
0.235
0.120
0.191
0.125
0.149
0.226
0.144
0.174
0.107
0.220
0.094
0.219
0.198
0.076
0.210
0.152
0.133
0.170
0.149
0.110
0.099
0.192
0.111
0.159
0.105
0.095
0.145
0.171
0.217
0.204
0.175
0.274
0.139
0.234
0.076
0.207
0.104
0.125
0.109
0.169
0.222
0.125
0.188
0.204
0.133
0.123
0.106
0.265
0.125
0.242
0.134
0.157
0.185
0.210
0.189
0.198
0.188
0.156
0.153
0.118
0.091
0.091
0.116
0.164
0.116
0.269
0.139
0.253
0.158
0.136
0.189
0.227
0.092
0.237
0.107
0.076
0.190
0.180
0.104
0.237
0.097
0.145
0.159
0.243
0.152
0.187
0.092
0.086
0.076
0.141
0.180
0.180
0.161
0.186
0.109
0.269
0.219
0.105
0.119
0.141
0.122
0.119
0.087
0.194
0.163
0.103
0.257
0.105
0.141
0.191
0.215
0.239
0.149
0.105
0.207
0.191
0.142
0.169
0.210
0.141
0.145
0.124
0.210
0.108
0.152
0.195
0.189
0.130
0.121
0.183
0.100
0.166
0.304
0.183
0.217
0.118
0.119
0.169
0.117
0.169
0.166
0.179
0.155
0.187
0.161
0.192
0.203
0.177
0.113
0.226
0.092
0.133
0.119
0.171
0.145
0.094
0.142
0.140
0.113
0.223
0.204
0.109
0.216
0.116
0.179
0.160
0.158
0.266
0.084
0.170
0.148
0.119
0.204
0.110
0.199
0.131
0.298
0.165
0.196
0.237
0.176
0.241
0.209
0.193
0.114
0.213
0.158
0.140
0.101
0.225
0.090
0.137
0.173
0.130
0.085
0.136
0.105
0.113
0.163
0.143
0.093
0.232
0.208
0.175
0.227
0.167
0.146
0.110
0.183
0.256
0.308
0.119
0.167
0.191
0.208
0.246
0.162
0.072
0.220
0.176
0.138
0.177
0.183
0.146
0.225
0.129
0.214
0.191
0.156
0.164
0.117
0.231
0.154
0.152
0.252
0.142
0.187
0.196
0.224
0.148
0.225
0.213
0.178
0.174
0.116
0.185
0.088
0.220
0.194
0.232
0.088
0.200
0.206
0.163
0.109
0.109
0.155
0.141
0.191
0.195
0.122
0.233
0.169
0.107
0.144
0.202
0.106
0.209
0.132
0.153
0.159
0.183
0.174
0.187
0.155
0.093
0.283
0.227
0.106
0.131
0.093
0.177
0.230
0.221
0.283
0.268
0.296
0.171
0.188
0.184
0.196
0.102
0.235
0.174
0.190
0.149
0.102
0.133
0.216
0.143
0.363
0.190
0.240
0.225
0.264
0.188
0.160
0.177
0.134
0.113
0.202
0.182
0.160
0.162
0.149
0.241
0.158
0.137
0.117
0.276
0.178
0.115
0.094
0.216
0.183
0.128
0.208
0.162
0.111
0.143
0.161
0.258
0.116
0.275
1.077
0.124
0.077
0.087
0.167
0.115
0.117
0.094
0.208
0.152
0.096
0.121
0.158
0.132
0.146
0.212
0.168
0.139
0.027
0.152
0.114
0.111
0.268
0.185
0.162
0.192
0.100
0.145
0.214
0.213
0.024
0.099
0.203
0.204
0.228
0.156
0.182
0.120
0.117
0.222
0.130
0.216
0.129
0.148
0.096
0.184
0.114
0.106
0.087
0.250
0.185
0.212
0.123
0.231
0.031
0.128
0.204
0.214
0.229
0.236
0.132
0.104
0.127
0.224
0.114
0.168
0.259
0.099
0.105
0.134
0.135
0.099
0.026
0.103
0.146
0.170
0.129
0.157
0.133
0.093
0.168
0.238
0.175
0.025
0.152
0.165
0.175
0.176
0.088
0.120
0.203
0.092
0.131
0.142
0.167
0.178
0.142
0.164
0.229
0.156
0.163
0.105
0.148
0.159
0.115
0.128
0.184
0.121
0.085
0.261
0.188
0.207
0.159
0.174
0.131
0.129
0.164
0.142
0.181
0.206
0.144
0.232
0.263
0.181
0.181
0.197
0.104
0.202
0.224
0.232
0.121
0.198
0.188
0.197
0.121
0.119
0.176
0.100
0.134
0.264
0.222
0.147
0.221
0.118
0.216
0.210
0.079
0.186
0.107
0.220
0.159
0.161
0.156
0.146
0.280
0.151
0.099
0.127
0.205
0.104
0.193
0.257
0.196
0.102
0.167
0.206
0.163
0.177
0.196
0.138
0.181
0.224
0.189
0.124
0.129
0.104
0.224
0.129
0.266
0.104
0.112
0.207
0.218
0.210
0.102
0.095
0.187
0.090
0.239
0.087
0.096
0.172
0.224
0.161
0.141
0.173
0.123
0.180
0.169
0.228
0.227
0.183
0.136
0.203
0.118
0.121
0.139
0.131
0.123
0.241
0.185
0.177
0.142
0.139
0.095
0.186
0.191
0.116
0.236
0.093
0.186
0.245
0.095
0.238
0.098
0.093
0.110
0.239
0.171
0.152
0.156
0.185
0.205
0.133
0.169
0.157
0.175
0.255
0.197
0.170
0.148
0.190
0.242
0.115
0.204
0.187
0.107
0.102
0.103
0.242
0.119
0.101
0.161
0.111
0.171
0.201
0.210
0.123
0.187
0.120
0.106
0.201
0.157
0.138
0.143
0.158
0.114
0.263
0.121
0.119
0.130
0.185
0.159
0.195
0.124
0.123
0.232
0.204
0.141
0.226
0.170
0.201
0.086
0.176
0.200
0.195
0.223
0.225
0.024
0.252
0.235
0.191
0.135
0.188
0.267
0.130
0.159
0.230
0.282
0.163
0.087
1.280
0.105
0.187
0.204
0.145
0.189
0.158
0.223
0.136
0.120
0.107
0.180
0.208
0.131
0.174
0.248
0.096
0.129
0.073
0.277
0.104
0.163
0.122
0.116
0.263
0.191
0.240
0.098
0.179
0.115
0.193
0.255
0.239
0.155
0.196
0.131
0.176
0.205
0.171
0.240
0.219
0.083
0.131
0.244
0.205
0.211
0.186
0.184
0.213
0.092
0.235
0.222
0.172
0.203
0.097
0.159
0.126
0.107
0.137
0.127
0.124
0.199
0.218
0.154
0.150
0.137
0.077
0.152
0.231
0.108
0.117
0.167
0.220
0.112
0.223
0.171
0.151
0.135
0.166
0.178
0.238
0.173
0.111
0.240
0.268
0.185
0.192
0.132
0.219
0.169
0.208
0.128
0.161
0.221
0.151
0.161
0.130
0.186
0.152
0.162
0.124
0.234
0.189
0.105
0.155
0.225
0.246
0.103
0.155
0.186
0.112
0.156
0.176
0.088
0.214
0.186
0.142
0.225
0.109
0.021
0.165
0.132
0.168
0.174
0.028
0.217
0.090
0.132
0.300
0.143
0.131
0.204
0.213
0.176
0.140
0.120
0.107
0.096
0.215
0.099
0.163
0.211
0.179
0.247
0.159
0.230
0.146
0.162
0.226
0.146
0.230
0.238
0.170
0.086
0.173
0.271
0.158
0.206
0.157
0.126
0.195
0.108
0.248
0.138
0.139
0.107
0.227
0.266
0.233
0.122
0.164
0.160
0.169
0.161
0.201
0.165
0.167
0.209
0.115
0.209
0.218
0.130
0.217
0.137
0.195
0.117
0.139
0.250
0.211
0.228
0.187
0.129
0.246
0.241
0.180
0.256
0.196
0.105
0.100
0.216
0.104
0.166
0.193
0.207
0.193
0.169
0.138
0.198
0.112
0.193
0.198
0.182
0.266
0.185
0.140
0.208
0.107
0.167
0.235
0.123
0.114
0.206
0.125
0.260
0.178
0.155
0.165
0.227
0.119
0.165
0.159
0.211
0.180
0.109
0.105
0.150
0.256
0.161
0.088
0.216
0.191
0.210
0.175
0.264
0.082
0.151
0.231
0.116
0.195
0.205
0.232
0.146
0.102
0.189
0.172
0.196
0.152
0.187
0.213
0.189
0.165
0.257
0.129
0.147
0.232
0.213
0.175
0.120
0.143
0.233
0.119
0.150
0.135
0.108
0.187
0.266
0.244
0.102
0.107
0.238
0.229
0.165
0.144
0.115
0.183
0.090
0.137
0.304
0.181
0.152
0.107
0.069
0.221
0.153
0.160
0.187
0.205
0.199
0.191
0.139
0.210
0.100
0.130
0.187
0.078
0.096
0.213
0.232
0.114
0.186
0.148
0.131
0.089
0.183
0.153
0.155
0.205
0.284
0.114
0.159
0.153
0.152
0.209
0.179
0.139
0.213
0.029
0.091
0.182
0.246
0.191
0.186
0.229
0.199
0.099
0.224
0.182
0.244
0.194
0.127
0.190
0.172
0.193
0.212
0.165
0.097
0.139
0.076
0.207
0.152
0.232
0.174
0.117
0.282
0.112
0.184
0.163
0.189
0.186
0.143
0.109
0.193
0.210
0.198
0.214
0.167
0.218
0.240
0.178
0.182
0.177
0.203
0.186
0.194
0.152
0.093
0.207
0.099
0.188
0.195
0.107
0.223
0.096
0.247
0.148
0.204
0.110
0.191
0.202
0.142
0.152
0.026
0.142
0.108
0.244
0.262
0.208
0.162
0.257
0.107
0.126
0.218
0.085
0.249
0.176
0.146
0.207
0.161
0.109
0.138
0.158
0.264
0.161
0.133
0.156
0.209
0.141
0.244
0.138
0.157
0.193
0.291
0.244
0.151
0.192
0.213
0.106
0.230
0.136
0.188
0.272
0.212
0.091
0.103
0.174
0.139
0.113
0.229
0.184
0.179
0.148
0.124
0.182
0.081
0.176
0.236
0.116
0.158
0.171
0.115
0.172
0.114
0.262
0.122
0.152
0.159
0.206
0.191
0.218
0.025
0.081
0.105
0.120
0.213
0.205
0.189
0.179
0.186
0.197
0.192
0.098
0.163
0.246
0.137
0.085
0.097
0.254
0.166
0.146
0.221
0.172
0.263
0.202
0.191
0.100
0.128
0.197
0.167
0.158
0.177
0.227
0.156
0.101
0.104
0.210
0.179
0.026
0.098
0.101
0.181
0.203
0.207
0.189
0.202
0.202
0.257
0.088
0.212
0.101
0.265
0.256
0.123
0.159
0.200
0.189
0.184
0.098
0.214
0.221
0.106
0.151
0.174
0.240
0.163
0.236
0.301
0.181
0.234
0.111
0.217
0.130
0.209
0.156
0.133
0.131
0.202
0.091
0.163
0.168
0.132
0.186
0.273
0.096
0.140
0.212
0.178
0.107
0.124
0.188
0.147
0.206
0.179
0.220
0.184
0.217
0.129
0.123
0.138
0.187
0.190
0.209
0.165
0.132
0.191
0.144
0.258
0.092
0.117
0.091
0.255
0.143
0.117
0.225
0.222
0.163
0.116
0.175
0.026
0.115
0.168
0.195
0.076
0.102
0.089
0.132
0.117
0.202
0.177
0.182
0.187
0.117
0.201
0.203
0.186
0.169
0.200
0.175
0.194
0.165
0.159
0.157
0.250
0.182
0.158
0.181
0.116
0.226
0.209
0.176
0.158
0.082
0.260
0.170
0.119
0.264
0.086
0.151
0.201
0.140
0.242
0.234
0.101
0.135
0.180
0.151
0.168
0.194
0.097
0.141
0.154
0.219
0.103
0.259
0.148
0.118
0.119
0.175
0.155
0.197
0.224
0.171
0.174
0.144
0.138
0.131
0.121
0.212
0.208
0.203
0.242
0.190
0.208
0.100
0.179
0.175
0.132
0.125
0.209
0.142
0.201
0.167
0.187
0.098
0.160
0.241
0.159
0.120
0.186
0.180
0.146
0.203
0.253
0.180
0.195
0.151
0.234
0.110
0.130
0.263
0.195
0.150
0.156
0.187
0.178
0.175
0.156
0.169
0.130
0.120
0.152
0.179
0.205
0.216
0.216
0.224
0.192
0.224
0.165
0.107
0.195
0.181
0.131
0.152
0.100
0.207
0.240
0.174
0.110
0.238
0.151
0.137
0.132
0.117
0.160
0.277
0.160
0.191
0.157
0.215
0.242
0.165
0.122
0.170
0.240
0.106
0.216
0.132
0.150
0.188
0.130
0.194
0.161
0.214
0.125
0.172
0.021
0.109
0.234
0.243
0.164
0.208
0.210
0.196
0.165
0.193
0.129
0.191
0.224
0.211
0.120
0.092
0.027
0.166
0.108
0.279
0.122
0.130
0.200
0.096
0.201
0.194
0.173
0.097
0.097
0.182
0.148
0.202
0.236
0.182
0.185
0.100
0.109
0.187
0.147
0.167
0.146
0.273
0.082
0.125
0.257
0.227
0.206
0.165
0.192
0.222
0.148
0.133
0.098
0.582
0.102
0.148
0.106
0.177
0.169
0.111
0.107
0.089
0.096
0.187
0.244
0.135
0.158
0.245
0.092
0.185
0.182
0.196
0.094
0.153
0.203
0.163
0.235
0.241
0.150
0.185
0.167
0.104
0.193
0.187
0.148
0.266
0.190
0.230
0.129
0.240
0.155
0.229
0.208
0.201
0.113
0.259
0.152
0.116
0.103
0.109
0.168
0.245
0.243
0.258
0.084
0.114
0.160
0.131
0.215
0.146
0.189
0.100
0.202
0.161
0.179
0.184
0.155
0.234
0.096
0.117
0.132
0.088
0.205
0.210
0.162
0.091
0.172
0.167
0.100
0.174
0.088
0.225
0.179
0.145
0.186
0.109
0.090
0.112
0.245
0.127
0.171
0.176
0.119
0.147
0.120
0.229
0.217
0.133
0.091
0.153
0.120
0.190
0.122
0.199
0.224
0.181
0.225
0.125
0.192
0.171
0.216
0.222
0.136
0.169
0.122
0.031
0.128
0.195
0.176
0.176
0.158
0.110
0.090
0.125
0.186
0.143
0.197
0.156
0.166
0.209
0.113
0.163
0.121
0.185
0.089
0.179
0.123
0.205
0.228
0.217
0.238
0.085
0.193
0.117
0.199
0.200
0.120
0.100
0.115
0.202
0.167
0.108
0.117
0.213
0.213
0.220
0.143
0.185
0.208
0.242
0.096
0.175
0.200
0.140
0.186
0.095
0.136
0.146
0.232
0.174
0.116
0.103
0.126
0.110
0.133
0.096
0.185
0.120
0.127
0.224
0.179
0.202
0.164
0.164
0.140
0.099
0.158
0.128
0.120
0.155
0.163
0.188
0.247
0.238
0.167
0.191
0.194
0.208
0.156
0.108
0.086
0.084
0.101
0.221
0.144
0.147
0.095
0.182
0.100
0.172
0.181
0.117
0.205
0.178
0.130
0.137
0.169
0.219
0.234
0.121
0.128
0.111
0.113
0.187
0.155
0.023
0.099
0.104
0.090
0.136
0.272
0.177
0.125
0.111
0.144
0.225
0.204
0.175
0.096
0.136
0.129
0.184
0.225
0.137
0.109
0.171
0.092
0.185
0.196
0.209
0.122
0.103
0.196
0.077
0.091
0.170
0.150
0.166
0.164
0.195
0.099
0.192
0.080
0.144
0.190
0.105
0.204
0.207
0.191
0.122
0.176
0.202
0.221
0.144
0.141
0.280
0.161
0.143
0.107
0.122
0.118
0.166
0.108
0.178
0.100
0.245
0.156
0.146
0.192
0.185
0.179
0.167
0.223
0.246
0.129
0.109
0.278
0.132
0.127
0.196
0.191
0.188
0.125
0.178
0.176
0.131
0.154
0.267
0.170
0.205
0.224
0.125
0.181
0.134
0.213
0.203
0.192
0.089
0.112
0.201
0.242
0.149
0.127
0.276
0.194
0.128
0.126
0.254
0.215
0.226
0.103
0.100
0.252
0.232
0.137
0.140
0.168
0.167
0.223
0.122
0.160
0.181
0.227
0.216
0.125
0.093
0.167
0.145
0.120
0.163
0.192
0.148
0.251
0.272
0.179
0.168
0.209
0.123
0.163
0.153
0.168
0.165
0.203
0.136
0.208
0.217
0.153
0.089
0.146
0.178
0.166
0.157
0.194
0.140
0.225
0.208
0.250
0.141
0.197
0.120
0.227
0.152
0.282
0.123
0.119
0.218
0.156
0.140
0.211
0.185
0.132
0.110
0.260
0.126
0.097
0.201
0.217
0.138
0.137
0.174
0.253
0.187
0.168
0.125
0.169
0.296
0.197
0.154
0.111
0.132
0.106
0.284
0.143
0.200
0.101
0.105
0.130
0.213
0.190
0.226
0.130
0.209
0.153
0.181
0.165
0.219
0.158
0.308
0.248
0.164
0.172
0.134
0.226
0.172
0.259
0.115
0.130
0.119
0.156
0.156
0.133
0.233
0.112
0.235
0.159
0.109
0.197
0.139
0.148
0.145
0.200
0.224
0.262
0.143
0.155
0.113
0.073
0.164
0.158
0.156
0.136
0.103
0.114
0.136
0.185
0.114
0.178
0.145
0.208
0.169
0.170
0.132
0.105
0.160
0.215
0.104
0.206
0.141
0.117
0.255
0.228
0.106
0.234
0.152
0.113
0.184
0.198
0.155
0.115
0.224
0.225
0.178
0.137
0.094
0.188
0.137
0.163
0.129
0.238
0.131
0.236
0.218
0.130
0.161
0.167
0.175
0.123
0.150
0.131
0.249
0.121
0.194
0.150
0.281
0.116
0.277
0.176
0.134
0.154
0.205
0.282
0.180
0.106
0.116
0.098
0.287
0.249
0.135
0.179
0.257
0.249
0.255
0.183
0.121
0.195
0.187
0.119
0.170
0.132
0.129
0.230
0.166
0.093
0.120
0.117
0.214
0.183
0.194
0.195
0.135
0.209
0.243
0.173
0.173
0.211
0.212
0.119
