1.130
1.166
1.162
1.163
1.185
1.184
1.218
1.255
1.246
1.226
1.229
1.250
1.261
1.262
1.263
1.376
1.098
1.209
1.260
1.166
1.176
1.150
1.165
1.291
1.264
1.259
1.246
1.226
1.205
1.280
1.224
1.314
1.117
1.109
1.059
1.280
1.134
1.130
1.162
1.260
1.210
1.178
1.240
1.141
1.333
1.260
1.204
1.349
1.154
1.182
1.153
1.177
1.270
1.140
1.294
1.167
1.204
1.348
1.284
1.234
1.199
1.309
1.285
1.346
1.122
1.156
1.246
1.313
1.227
1.112
1.375
1.219
1.144
1.212
1.332
1.141
1.239
1.294
1.300
1.233
1.129
1.315
1.153
1.213
1.230
1.183
1.211
1.314
1.183
1.182
1.254
1.303
1.285
1.269
1.443
1.316
1.132
1.257
1.296
1.257
1.241
1.195
1.203
1.257
1.234
1.249
1.332
1.332
1.183
1.238
1.298
1.265
1.203
1.123
1.222
1.267
1.163
1.293
1.183
1.216
1.245
1.208
1.290
1.188
1.192
1.315
1.276
1.396
1.121
1.129
1.289
1.383
1.149
1.219
1.120
1.311
1.135
1.245
1.369
1.293
1.281
1.182
1.295
1.303
1.172
1.127
1.174
1.311
1.198
1.237
1.130
1.479
1.214
1.385
1.292
1.134
1.479
1.325
1.343
1.253
1.169
1.176
1.144
1.183
1.318
1.215
1.335
1.265
1.338
1.159
1.255
1.190
1.223
1.350
1.290
1.233
1.089
1.213
1.186
1.134
1.069
1.298
1.288
1.233
1.194
1.177
1.266
1.279
1.312
1.325
1.136
1.305
1.117
1.109
1.155
1.314
1.163
1.131
1.244
1.141
1.245
1.248
1.244
1.306
1.298
1.238
1.157
1.427
1.192
1.201
1.210
1.251
1.294
1.263
1.251
1.283
1.299
1.126
1.239
1.303
1.236
1.300
1.294
1.173
1.173
1.215
1.198
1.191
1.337
1.206
1.240
1.308
1.231
1.224
1.358
1.285
1.132
1.182
1.213
1.228
1.244
1.133
1.189
1.254
1.107
1.431
1.384
1.227
1.250
1.178
1.271
1.106
1.187
1.411
1.290
1.242
1.232
1.126
1.275
1.263
1.195
1.211
1.252
1.278
1.345
1.166
1.232
1.277
1.219
1.308
1.290
1.257
1.170
1.155
1.233
1.386
1.395
1.243
1.173
1.210
1.271
1.166
1.270
1.218
1.141
1.286
1.207
1.172
1.316
1.200
1.338
1.223
1.232
1.232
1.215
1.288
1.241
1.234
1.160
1.305
1.301
1.298
1.193
1.308
1.186
1.351
1.246
1.159
1.234
1.352
1.244
1.284
1.244
1.220
1.304
1.183
1.202
1.173
1.261
1.217
1.144
1.309
1.153
1.242
1.325
1.278
1.111
1.295
1.196
1.236
1.264
1.209
1.274
1.183
1.200
1.187
1.230
1.183
1.294
1.250
1.320
1.134
1.130
1.256
1.375
1.076
1.223
1.261
1.171
1.207
1.228
1.246
1.262
1.361
1.306
1.262
1.236
1.264
1.210
1.273
1.307
1.246
1.216
1.223
1.276
1.245
1.253
1.108
1.149
1.272
1.367
1.302
1.156
1.266
1.257
1.253
1.263
1.246
1.306
1.231
1.170
1.249
1.381
1.204
1.083
1.243
1.187
1.114
1.135
1.284
1.306
1.303
1.273
1.244
1.293
1.150
1.100
1.188
1.323
1.250
1.235
1.236
1.225
1.274
1.326
1.111
1.263
1.195
1.180
1.321
1.367
1.268
1.343
1.236
1.165
1.394
1.287
1.216
1.341
1.203
1.305
1.379
1.281
1.302
1.337
1.203
1.271
1.252
1.200
1.373
1.280
1.156
1.152
1.220
1.261
1.160
1.193
1.130
1.301
1.275
1.170
1.171
1.318
1.197
1.228
1.291
1.291
1.366
1.230
1.267
1.156
1.177
1.195
1.209
1.190
1.229
1.282
1.374
1.179
1.064
1.256
1.393
1.257
1.263
1.233
1.165
1.232
1.245
1.270
1.212
1.190
1.239
1.106
1.172
1.202
1.218
1.218
1.285
1.258
1.277
1.288
1.203
1.286
1.133
1.266
1.102
1.284
1.131
1.279
1.137
1.269
1.376
1.283
1.268
1.357
1.298
1.308
1.201
1.108
1.195
1.182
1.113
1.317
1.309
1.280
1.266
1.247
1.312
1.189
1.310
1.238
1.370
1.250
1.229
1.174
1.183
1.271
1.248
1.244
1.218
1.256
1.217
1.134
1.212
1.167
1.202
1.143
1.194
1.228
1.207
1.329
1.138
1.213
1.155
1.197
1.357
1.244
1.337
1.234
1.174
1.212
1.342
1.279
1.353
1.180
1.310
1.287
1.123
1.174
1.272
1.210
1.209
1.207
1.202
1.211
1.233
1.530
1.294
1.294
1.224
1.288
1.205
1.382
1.235
1.304
1.147
1.282
1.293
1.308
1.283
1.274
1.211
1.190
1.111
1.223
1.141
1.305
1.367
1.121
1.244
1.300
1.155
1.243
1.258
1.250
1.145
1.220
1.245
1.323
1.254
1.250
1.361
1.375
1.337
1.220
1.381
1.200
1.206
1.189
1.221
1.198
1.194
1.180
1.328
1.195
1.201
1.157
1.305
1.194
1.322
1.283
1.199
1.152
1.214
1.279
1.216
1.216
1.254
1.319
1.160
1.258
1.137
1.105
1.146
1.175
1.186
1.304
1.246
1.275
1.242
1.360
1.225
1.109
1.122
1.127
1.391
1.336
1.201
1.233
1.227
1.234
1.183
1.254
1.160
1.179
1.269
1.146
1.291
1.209
1.278
1.331
1.285
1.216
1.428
1.154
1.262
1.086
1.226
1.208
1.112
1.279
1.290
1.225
1.277
1.272
1.372
1.265
1.287
1.385
1.224
1.255
1.237
1.305
1.174
1.303
1.208
1.407
1.194
1.128
1.253
1.240
1.238
1.241
1.141
1.202
1.234
1.243
1.267
1.243
1.186
1.227
1.147
1.242
1.132
1.224
1.335
1.132
1.246
1.347
1.118
1.258
1.163
1.079
1.409
1.260
1.335
1.357
1.198
1.209
1.305
1.293
1.088
1.328
1.258
1.123
1.206
1.153
1.289
1.113
1.339
1.191
1.071
1.243
1.180
1.115
1.254
1.319
1.218
1.177
1.114
1.207
1.245
1.199
1.196
1.296
1.201
1.182
1.221
1.335
1.234
1.291
1.202
1.198
1.280
1.284
1.353
1.166
1.416
1.318
1.174
1.348
1.240
1.169
1.314
1.222
1.367
1.234
1.199
1.367
1.204
1.307
1.196
1.210
1.234
1.316
1.271
1.189
1.283
1.373
1.300
1.289
1.140
1.313
1.222
1.228
1.269
1.287
1.316
1.125
1.316
1.269
1.221
1.193
1.302
1.068
1.226
1.192
1.279
1.179
1.214
1.180
1.251
1.171
1.331
1.171
1.249
1.191
1.283
1.275
1.253
1.233
1.113
1.268
1.341
1.244
1.374
1.270
1.265
1.248
1.156
1.174
1.264
1.097
1.207
1.304
1.265
1.220
1.310
1.228
1.208
1.276
1.335
1.233
1.211
1.319
1.245
1.164
1.305
1.276
1.218
1.188
1.267
1.229
1.400
1.278
1.356
1.197
1.207
1.184
1.114
1.297
1.258
1.368
1.213
1.279
1.286
1.381
1.078
1.230
1.185
1.324
1.319
1.248
1.272
1.265
1.193
1.249
1.159
1.199
1.279
1.216
1.170
1.341
1.255
1.198
1.214
1.234
1.265
1.169
1.138
1.376
1.279
1.219
1.142
1.487
1.223
1.244
1.267
1.251
1.182
1.140
1.253
1.207
1.230
1.234
1.264
1.261
1.273
1.158
1.153
1.242
1.312
1.143
1.195
1.194
1.240
1.316
1.094
1.274
1.119
1.304
1.224
1.255
1.147
1.280
1.277
1.274
1.174
1.418
1.251
1.176
1.397
1.157
1.227
1.295
1.284
1.226
1.227
1.385
1.185
1.366
1.146
1.312
1.304
1.105
1.351
1.177
1.088
1.183
1.187
1.212
1.285
1.213
1.188
1.334
1.333
1.112
1.246
1.387
1.205
1.227
1.299
1.216
1.210
1.275
1.165
1.236
1.122
1.241
1.224
1.199
1.344
1.253
1.229
1.227
1.216
1.141
1.181
1.172
1.216
1.311
1.254
1.170
1.252
1.367
1.299
1.172
1.275
1.145
1.460
1.241
1.204
1.254
1.164
1.343
1.306
1.316
1.402
1.169
1.323
1.142
1.262
1.142
1.243
1.211
1.163
1.321
1.214
1.186
1.284
1.205
1.218
1.205
1.240
1.165
1.203
1.247
1.326
1.329
1.154
1.151
1.163
1.259
1.299
1.210
1.203
1.529
1.250
1.302
1.256
1.143
1.159
1.207
1.159
1.372
1.222
1.295
1.329
1.312
1.268
1.308
1.178
1.175
1.253
1.356
1.194
1.170
1.253
1.276
1.225
1.374
1.237
1.298
1.439
1.299
1.194
1.045
1.209
1.165
1.302
1.161
1.257
1.167
1.382
1.247
1.279
1.165
1.254
1.256
1.313
1.274
1.256
1.235
1.252
1.074
1.269
1.298
1.274
1.206
1.255
1.236
1.207
1.266
1.272
1.234
1.295
1.237
1.180
1.283
1.326
1.383
1.139
1.202
1.311
1.210
1.282
1.218
1.192
1.189
1.217
1.268
1.202
1.194
1.191
1.224
1.159
1.087
1.229
1.143
1.170
1.324
1.166
1.293
1.241
1.191
1.155
1.171
1.242
1.225
1.281
1.356
1.109
1.150
1.353
1.322
1.184
1.320
1.246
1.215
1.207
1.381
1.298
1.314
1.235
1.287
1.187
1.379
1.189
1.211
1.203
1.172
1.183
1.179
1.255
1.240
1.357
1.141
1.159
1.298
1.359
1.189
1.288
1.217
1.353
1.237
1.319
1.173
1.269
1.163
1.235
1.290
1.420
1.220
1.291
1.237
1.272
1.306
1.217
1.205
1.311
1.225
1.225
1.321
1.215
1.201
1.185
1.200
1.191
1.222
1.166
1.216
1.334
1.145
1.175
1.189
1.198
1.276
1.112
1.437
1.258
1.252
1.231
1.306
1.273
1.309
1.235
1.160
1.129
1.229
1.232
1.227
1.297
1.241
1.231
1.222
1.252
1.157
1.378
1.257
1.263
1.268
1.272
1.142
1.217
1.122
1.220
1.184
1.267
1.407
1.129
1.216
1.153
1.162
1.235
1.286
1.207
1.178
1.165
1.162
1.380
1.265
1.270
1.214
1.125
1.212
1.310
1.244
1.155
1.188
1.156
1.309
1.319
1.146
1.287
1.227
1.259
1.186
1.179
1.175
1.201
1.256
1.240
1.166
1.175
1.321
1.247
1.059
1.209
1.254
1.262
1.267
1.217
1.265
1.263
1.100
1.310
1.196
1.262
1.116
1.265
1.239
1.209
1.266
1.271
1.258
1.222
1.156
1.146
1.224
1.289
1.352
1.263
1.267
1.177
1.311
1.193
1.175
1.261
1.245
1.276
1.322
1.182
1.283
1.164
1.172
1.248
1.206
1.432
1.189
1.220
1.163
1.231
1.283
1.223
1.155
1.135
1.282
1.252
1.233
1.214
1.269
1.149
1.239
1.188
1.211
1.156
1.227
1.281
1.464
1.243
1.274
1.356
1.183
1.217
1.244
1.272
1.319
1.211
1.261
1.269
1.078
1.350
1.289
1.267
1.188
1.437
1.241
1.272
1.257
1.291
1.241
1.420
1.250
1.321
1.369
1.311
1.311
1.241
1.275
1.262
1.167
1.378
1.426
1.463
1.246
1.320
1.202
1.094
1.156
1.261
1.417
1.257
1.124
1.231
1.252
1.269
1.175
1.236
1.269
1.204
1.298
1.142
1.286
1.329
1.329
1.319
1.261
1.183
1.216
1.179
1.365
1.302
1.211
1.217
1.173
1.284
1.243
1.535
1.141
1.232
1.293
1.274
1.275
1.220
1.210
1.176
1.230
1.301
1.274
1.167
1.159
1.214
1.222
1.223
1.221
1.287
1.255
1.262
1.210
1.345
1.220
1.259
1.278
1.111
1.260
1.169
1.186
1.199
1.365
1.357
1.103
1.228
1.355
1.233
1.254
1.171
1.236
1.155
1.342
1.272
1.306
1.196
1.245
1.090
1.243
1.163
1.202
1.290
1.314
1.258
1.261
1.201
1.244
1.281
1.251
1.210
1.301
1.184
1.183
1.147
1.274
1.210
1.155
1.234
1.353
1.174
1.320
1.257
1.221
1.211
1.227
1.221
1.253
1.197
1.304
1.329
1.283
1.168
1.272
1.116
1.244
1.215
1.245
1.315
1.244
1.299
1.187
1.206
1.190
1.208
1.150
1.334
1.301
1.177
1.092
1.127
1.245
1.208
1.244
1.255
1.153
1.254
1.188
1.305
1.306
1.257
1.266
1.073
1.221
1.141
1.279
1.205
1.210
1.250
1.183
1.287
1.213
1.301
1.209
1.230
1.198
1.208
1.209
1.281
1.269
1.313
1.339
1.236
1.178
1.240
1.268
1.302
1.266
1.317
1.140
1.204
1.203
1.185
1.269
1.264
1.254
1.215
1.338
1.192
1.198
1.218
1.359
1.289
1.115
1.212
1.167
1.309
1.200
1.354
1.188
1.127
1.115
1.230
1.203
1.186
1.277
1.167
1.185
1.236
1.316
1.132
1.059
1.172
1.123
1.137
1.100
1.204
1.287
1.233
1.305
1.324
1.216
1.257
1.322
1.100
1.253
1.274
1.296
1.205
1.277
1.234
1.185
1.285
1.224
1.166
1.214
1.392
1.126
1.270
1.253
1.172
1.159
1.178
1.247
1.343
1.267
1.229
1.295
1.221
1.160
1.151
1.264
1.417
1.415
1.279
1.245
1.269
1.196
1.226
1.288
1.223
1.227
1.106
1.194
1.081
1.260
1.307
1.272
1.246
1.332
1.159
1.318
1.273
1.272
1.177
1.345
1.169
1.272
1.187
1.058
1.403
1.220
1.278
1.405
1.314
1.323
1.296
1.260
1.167
1.187
1.131
1.278
1.160
1.183
1.181
1.208
1.275
1.116
1.194
1.307
1.252
1.113
1.110
1.089
1.153
1.229
1.280
1.243
1.143
1.287
1.333
1.313
1.164
1.236
1.195
1.429
1.108
1.201
1.195
1.262
1.204
1.210
1.308
1.210
1.320
1.233
1.167
1.328
1.239
1.282
1.269
1.238
1.185
1.221
1.139
1.282
1.294
1.149
1.309
1.249
1.365
1.303
1.294
1.208
1.206
1.394
1.259
1.335
1.242
1.244
1.288
1.403
1.318
1.247
1.245
1.248
1.269
1.192
1.230
1.246
1.369
1.105
1.255
1.177
1.209
1.285
1.298
1.314
1.295
1.255
1.287
1.192
1.343
1.167
1.233
1.296
1.312
1.280
1.160
1.249
1.161
1.375
1.276
1.239
1.152
1.175
1.245
1.199
1.266
1.173
1.210
1.190
1.235
1.255
1.254
1.121
1.176
1.279
1.295
1.205
1.347
1.178
1.197
1.118
1.205
1.162
1.275
1.118
1.308
1.348
1.212
1.253
1.332
1.227
1.283
1.194
1.186
1.268
1.246
1.228
1.163
1.273
1.270
1.406
1.322
1.223
1.180
1.212
1.304
1.206
1.213
1.194
1.269
1.225
1.307
1.227
1.221
1.472
1.206
1.182
1.178
1.249
1.212
1.174
1.258
1.162
1.205
1.271
1.311
1.201
1.287
1.305
1.287
1.278
1.271
1.232
1.308
1.200
1.245
1.292
1.305
1.239
1.209
1.373
1.378
1.229
1.156
1.169
1.282
1.273
1.208
1.293
1.164
1.367
1.097
1.168
1.194
1.214
1.190
1.108
1.255
1.314
1.293
1.151
1.222
1.221
1.293
1.244
1.248
1.192
1.238
1.268
1.300
1.241
1.226
1.165
1.319
1.193
1.189
1.315
1.304
1.290
1.243
1.171
1.258
1.143
1.344
1.220
1.221
1.271
1.187
1.219
1.325
1.128
1.245
1.274
1.392
1.147
1.335
1.208
1.211
1.326
1.245
1.212
1.402
1.317
1.414
1.201
1.205
1.203
1.213
1.244
1.165
1.215
1.133
1.320
1.282
1.214
1.254
1.163
1.287
1.341
1.240
1.181
1.246
1.241
1.195
1.191
1.160
1.232
1.221
1.206
1.166
1.379
1.159
1.213
1.327
1.323
1.171
1.094
1.165
1.233
1.270
1.123
1.230
1.270
1.360
1.201
1.221
1.233
1.158
1.298
1.168
1.217
1.126
1.259
1.211
1.267
1.269
1.255
1.246
1.224
1.280
1.194
1.173
1.192
1.312
1.346
1.231
1.239
1.152
1.341
1.129
1.532
1.382
1.304
1.146
1.362
1.219
1.203
1.182
1.270
1.253
1.236
1.261
1.236
1.242
1.244
1.202
1.278
1.214
1.238
1.188
1.136
1.198
1.286
1.299
1.196
1.222
1.078
1.176
1.224
1.142
1.257
1.283
1.203
1.186
1.179
1.343
1.148
1.196
1.236
1.109
1.138
1.249
1.135
1.215
1.124
1.345
1.148
1.423
1.257
1.349
1.284
1.122
1.247
1.268
1.200
1.106
1.309
1.284
1.253
1.339
1.201
1.265
1.129
1.397
1.214
1.089
1.169
1.228
1.163
1.044
1.201
1.135
1.182
1.194
1.283
1.192
1.331
1.292
1.091
1.235
1.270
1.249
1.219
1.191
1.224
1.178
1.429
1.258
1.199
1.304
1.275
1.271
1.174
1.190
1.257
1.234
1.393
1.288
1.222
1.159
1.207
1.347
1.350
1.210
1.192
1.291
1.186
1.279
1.198
1.279
1.140
1.227
1.242
1.342
1.340
1.354
1.216
1.214
1.152
1.218
1.236
1.212
1.219
1.174
1.209
1.262
1.144
1.201
1.249
1.210
1.234
1.272
1.404
1.338
1.163
1.243
1.154
1.245
1.148
1.272
1.170
1.102
1.300
1.200
1.365
1.156
1.201
1.220
1.284
1.490
1.280
1.162
1.151
1.268
1.308
1.202
1.269
1.218
1.224
1.172
1.305
1.190
1.178
1.285
1.240
1.232
1.195
1.196
1.259
1.213
1.277
1.237
1.202
1.310
1.096
1.181
1.349
1.327
1.264
1.416
1.260
1.359
1.157
1.257
1.342
1.153
1.292
1.292
1.166
1.198
1.222
1.199
1.252
1.362
1.189
1.263
1.320
1.189
1.303
1.150
1.103
1.392
1.092
1.171
1.330
1.197
1.312
1.256
1.239
1.377
1.275
1.310
1.267
1.321
1.204
1.220
1.182
1.133
1.253
1.232
1.424
1.116
1.274
1.195
1.309
1.245
1.249
1.234
1.167
1.197
1.186
1.106
1.152
1.259
1.211
1.249
1.269
1.192
1.171
1.220
1.322
1.168
1.299
1.372
1.265
1.180
1.432
1.371
1.338
1.160
1.326
1.188
1.161
1.239
1.374
1.213
1.265
1.269
1.257
1.170
1.276
1.138
1.314
1.263
1.286
1.217
1.225
1.259
1.152
1.330
1.174
1.225
1.193
1.138
1.398
1.176
1.114
1.183
1.291
1.381
1.202
1.202
1.361
1.260
1.179
1.221
1.259
1.298
1.249
1.176
1.188
1.430
1.186
1.220
1.268
1.237
1.255
1.147
1.455
1.189
1.215
1.207
1.332
1.239
1.262
1.242
1.042
1.169
1.279
1.275
1.219
1.289
1.236
1.290
1.152
1.288
1.215
1.250
1.160
1.300
1.207
1.253
1.123
1.196
1.226
1.236
1.169
1.255
1.252
1.276
1.227
1.168
1.369
1.231
1.267
1.120
1.286
1.256
1.242
1.281
1.137
1.152
1.202
1.455
1.254
1.112
1.229
1.248
1.214
1.297
1.097
1.242
1.266
1.253
1.313
1.199
1.199
1.261
1.286
1.266
1.344
1.224
1.300
1.245
1.129
1.171
1.249
1.312
1.180
1.263
1.181
1.260
1.179
1.112
1.228
1.387
1.214
1.243
1.142
1.133
1.341
1.182
1.209
1.314
1.245
1.184
1.168
1.262
1.195
1.217
1.150
1.129
1.376
1.196
1.291
1.230
1.221
1.297
1.221
1.226
1.313
1.250
1.262
1.295
1.223
1.260
1.181
1.243
1.205
1.341
1.313
1.344
1.241
1.342
1.245
1.391
1.259
1.221
1.223
1.384
1.208
1.276
1.353
1.210
1.191
1.388
1.160
1.156
1.321
1.317
1.223
1.266
1.173
1.576
1.298
1.219
1.416
1.190
1.241
1.311
1.175
1.145
1.271
1.178
1.180
1.259
1.285
1.308
1.243
1.190
1.287
1.193
1.267
1.131
1.182
1.220
1.192
1.294
1.195
1.358
1.315
1.277
1.169
1.183
1.271
1.300
1.235
1.419
1.236
1.310
1.325
1.368
1.258
1.212
1.180
1.419
1.333
1.213
1.280
1.354
1.159
1.343
1.333
1.146
1.230
1.203
1.168
1.221
1.199
1.222
1.336
1.362
1.172
1.128
1.055
1.251
1.262
1.200
1.162
1.207
1.392
1.203
1.241
1.280
1.213
1.245
1.244
1.258
1.113
1.269
1.081
1.128
1.139
1.131
1.228
1.221
1.425
1.247
1.123
1.266
1.178
1.243
1.269
1.173
1.156
1.184
1.329
1.303
1.180
1.164
1.254
1.153
1.305
1.487
1.126
1.173
1.155
1.234
1.258
1.217
1.057
1.214
1.337
1.185
1.209
1.203
1.219
1.248
1.278
1.129
1.175
1.287
1.256
1.144
1.300
1.181
1.320
1.162
1.379
1.120
1.189
1.075
1.138
1.303
1.383
1.212
1.183
1.262
1.376
1.231
1.081
1.305
1.175
1.253
1.145
1.164
1.171
1.310
1.266
1.217
1.140
1.272
1.231
1.268
1.176
1.133
1.257
1.237
1.312
1.301
1.275
1.205
1.202
1.263
1.076
1.250
1.293
1.217
1.151
1.157
1.170
1.208
1.212
1.285
1.115
1.347
1.145
1.251
1.292
1.268
1.187
1.274
1.217
1.250
1.253
1.259
1.422
1.183
1.165
1.092
1.100
1.286
1.077
1.193
1.170
1.181
1.208
1.238
1.146
1.216
1.137
1.282
1.171
1.178
1.224
1.193
1.165
1.226
1.228
1.224
1.219
1.301
1.364
1.174
1.249
1.244
1.227
1.220
1.181
1.194
1.220
1.223
1.139
1.251
1.197
1.183
1.191
1.296
1.138
1.286
1.190
1.247
1.217
1.290
1.245
1.271
1.334
1.161
1.290
1.166
1.166
1.226
1.155
1.178
1.197
1.134
1.320
1.330
1.261
1.342
1.084
1.158
1.223
1.234
1.247
1.108
1.158
1.159
1.276
1.229
1.225
1.192
1.380
1.157
1.138
1.369
1.399
1.215
1.213
1.148
1.238
1.277
1.185
1.171
1.163
1.228
1.312
1.159
1.205
1.256
1.223
1.302
1.322
1.258
1.254
1.343
1.276
1.165
1.256
1.228
1.208
1.119
1.254
1.128
1.240
1.201
1.315
1.198
1.187
1.142
1.335
1.161
1.137
1.285
1.405
1.236
1.210
1.136
1.197
1.214
1.151
1.249
1.215
1.323
1.222
1.249
1.180
1.277
1.155
1.242
1.052
1.287
1.190
1.218
1.286
1.170
1.161
1.129
1.086
1.126
1.080
1.269
1.195
1.264
1.264
1.332
1.183
1.146
1.163
1.211
1.215
1.193
1.286
1.181
1.268
1.143
1.162
1.226
1.146
1.295
1.211
1.122
1.369
1.339
1.200
1.181
1.166
1.266
1.264
1.163
1.184
1.143
1.213
1.318
1.270
1.206
1.281
1.161
1.332
1.267
1.165
1.118
1.215
1.240
1.265
1.172
1.163
1.099
1.152
1.161
1.269
1.259
1.236
1.551
1.192
1.365
1.265
1.191
1.151
1.261
1.238
1.112
1.237
1.188
1.304
1.284
1.203
1.223
1.197
1.233
1.242
1.073
1.109
1.111
1.238
1.152
1.252
1.265
1.114
1.200
1.206
1.211
1.315
1.265
1.230
1.227
1.135
1.312
1.307
1.180
1.205
1.255
1.139
1.145
1.196
1.310
1.154
1.304
1.333
1.225
1.201
1.305
1.249
1.123
1.236
1.266
1.368
1.329
1.122
1.307
1.188
1.356
1.158
1.200
1.328
1.172
1.202
1.231
1.100
1.209
1.370
1.131
1.224
1.282
1.102
1.163
1.297
1.145
1.226
1.090
1.178
1.183
1.248
1.184
1.363
1.130
1.295
1.268
1.236
1.226
1.140
1.209
1.161
1.169
1.202
1.230
1.268
1.292
1.133
1.266
1.300
1.246
1.128
1.242
1.307
1.235
1.274
1.183
1.222
1.250
1.238
1.189
1.212
1.255
1.118
1.186
1.168
1.221
1.386
1.245
1.159
1.267
1.205
1.266
1.245
1.116
1.250
1.174
1.224
1.177
1.132
1.173
1.089
1.192
1.161
1.187
1.327
1.276
1.256
1.162
1.164
1.265
1.099
1.252
1.125
1.284
1.188
1.184
1.358
1.400
1.142
1.224
1.186
1.307
1.374
1.156
1.267
1.160
1.178
1.141
1.286
1.258
1.258
1.277
1.221
1.134
1.222
1.178
1.274
1.202
1.224
1.119
1.305
1.202
1.089
1.406
1.129
1.266
1.213
1.154
1.131
1.231
1.298
1.082
1.153
1.219
1.206
1.224
1.120
1.179
1.261
1.118
1.190
1.244
1.169
1.270
1.239
1.266
1.184
1.180
1.218
1.222
1.223
1.280
1.202
1.217
1.256
1.171
1.275
1.188
1.263
1.269
1.132
1.175
1.287
1.283
1.183
1.125
1.277
1.247
1.227
1.153
1.159
1.203
1.203
1.135
1.217
1.150
1.230
1.178
1.123
1.200
1.170
1.214
1.187
1.243
1.254
1.068
1.337
1.155
1.255
1.334
1.202
1.216
1.193
1.295
1.346
1.241
1.219
1.217
1.186
1.073
1.210
1.148
1.143
1.316
1.162
1.173
1.243
1.240
1.246
1.269
1.114
1.135
1.268
1.245
1.087
1.282
1.271
1.221
1.194
1.235
1.095
1.159
1.114
1.185
1.224
1.188
1.320
1.414
1.226
1.157
1.180
1.235
1.135
1.228
1.227
1.229
1.187
1.192
1.229
1.227
1.185
1.168
1.196
1.155
1.231
1.193
1.167
1.217
1.326
1.387
1.180
1.189
1.149
1.101
1.173
1.183
1.188
1.240
1.269
1.162
1.059
1.186
1.390
1.226
1.109
1.070
1.287
1.252
1.208
1.261
1.219
1.204
1.142
1.216
1.299
1.184
1.195
1.242
1.275
1.185
1.287
1.227
1.258
1.146
1.160
1.236
1.302
1.167
1.155
1.266
1.070
1.139
1.182
1.178
1.286
1.231
1.202
1.146
1.185
1.204
1.273
1.256
1.197
1.291
1.193
1.240
1.232
1.217
1.352
1.210
1.304
1.342
1.229
1.237
1.247
1.201
1.206
1.221
1.171
1.356
1.328
1.214
1.184
1.177
1.123
1.213
1.303
1.262
1.219
1.249
1.246
1.359
1.207
1.151
1.129
1.237
1.190
1.174
1.301
1.250
1.176
1.350
1.104
1.159
1.258
1.277
1.287
1.196
1.164
1.213
1.287
1.299
1.129
1.122
1.180
1.253
1.255
1.190
1.046
1.241
1.152
1.304
1.234
1.208
1.218
1.126
1.365
1.175
1.234
1.116
1.252
1.161
1.153
1.184
1.249
1.213
1.285
1.216
1.241
1.235
1.198
1.189
1.182
1.058
1.241
1.162
1.255
1.255
1.237
1.194
1.122
1.187
1.160
1.061
1.067
1.207
1.230
1.183
1.125
1.214
1.262
1.280
1.260
1.183
1.302
1.094
1.214
1.155
1.203
1.366
1.237
1.123
1.358
1.263
1.247
1.150
1.114
1.249
1.223
1.192
1.133
1.150
1.106
1.314
1.125
1.204
1.263
1.257
1.181
1.161
1.408
1.359
1.208
1.211
1.094
1.110
1.168
1.278
1.236
1.329
1.189
1.098
1.232
1.290
1.128
1.174
1.277
1.230
1.122
1.229
1.260
1.347
1.348
1.159
1.217
1.225
1.186
1.167
1.287
1.185
1.223
1.259
1.215
1.265
1.309
1.185
1.229
1.251
1.190
1.188
1.147
1.215
1.304
1.215
1.196
1.175
1.297
1.207
1.234
1.101
1.086
1.097
1.183
1.328
1.199
1.297
1.311
1.255
1.166
1.171
1.357
1.312
1.209
1.225
1.315
1.116
1.107
1.309
1.293
1.184
1.344
1.168
1.210
1.115
1.218
1.276
1.281
1.160
1.149
1.269
1.235
1.254
1.174
1.368
1.296
1.367
1.338
1.215
1.157
1.104
1.312
1.143
1.239
1.267
1.127
1.178
1.114
1.341
1.209
1.294
1.287
1.195
1.310
1.220
1.209
1.247
1.215
1.344
1.109
1.125
1.299
1.153
1.153
1.224
1.200
1.269
1.236
1.233
1.117
1.167
1.245
1.239
1.130
1.267
1.204
1.176
1.057
1.117
1.202
1.317
1.358
1.227
1.163
1.113
1.310
1.328
1.225
1.192
1.300
1.177
1.207
1.184
1.226
1.190
1.289
1.228
1.356
1.440
1.137
1.123
1.286
1.394
1.186
1.272
1.277
1.473
1.297
1.208
1.252
1.384
1.161
1.353
1.228
1.260
1.227
1.246
1.148
1.219
1.284
1.320
1.170
1.241
1.198
1.356
1.063
1.165
1.202
1.133
1.204
1.179
1.189
1.201
1.312
1.244
1.406
1.230
1.241
1.205
1.217
1.338
1.282
1.181
1.233
1.292
1.235
1.253
1.284
1.226
1.332
1.225
1.286
1.182
1.342
1.311
1.273
1.197
1.399
1.269
1.242
1.307
1.274
1.169
1.193
1.176
1.271
1.336
1.220
1.323
1.297
1.189
1.237
1.273
1.153
1.251
1.313
1.306
1.184
1.087
1.305
1.194
1.190
1.216
1.147
1.291
1.287
1.259
1.148
1.177
1.224
1.185
1.217
1.231
1.135
1.283
1.164
1.296
1.272
1.164
1.233
1.240
1.217
1.332
1.310
1.218
1.146
1.304
1.291
1.187
1.220
1.190
1.271
1.298
1.147
1.237
1.233
1.296
1.077
1.219
1.245
1.164
1.141
1.113
1.204
1.284
1.172
1.142
1.151
1.172
1.252
1.102
1.248
1.350
1.040
1.151
1.126
1.267
1.213
1.229
1.132
1.221
1.118
1.142
1.294
1.228
1.116
1.289
1.197
1.189
1.342
1.207
1.108
1.273
1.229
1.118
1.084
1.257
1.201
1.310
1.081
1.252
1.204
1.263
1.188
1.201
1.138
1.241
1.259
1.261
1.289
1.187
1.174
1.202
1.263
1.105
1.209
1.270
1.287
1.093
1.224
1.167
1.194
1.316
1.108
1.235
1.171
1.226
1.107
1.197
1.206
1.234
1.148
1.397
1.110
1.155
1.340
1.227
1.128
1.038
1.171
1.131
1.244
1.176
1.246
1.211
1.092
1.112
1.192
1.202
1.214
1.223
1.123
1.296
1.212
1.185
1.171
1.297
1.171
1.195
1.126
1.238
1.292
1.291
1.356
1.164
1.179
1.312
1.353
1.199
1.199
1.290
1.227
1.141
1.142
1.154
1.107
1.094
1.331
1.088
1.093
1.186
1.280
1.198
1.150
1.150
1.092
1.140
1.169
1.188
1.196
1.229
1.197
1.154
1.132
1.250
1.206
1.251
1.207
1.173
1.103
1.237
1.287
1.120
1.266
1.178
1.231
1.183
1.183
1.150
1.302
1.202
1.125
1.122
1.159
1.231
1.119
1.301
1.232
1.197
1.285
1.159
1.167
1.040
1.167
1.173
1.173
1.141
1.199
1.164
1.303
1.227
1.116
1.131
1.233
1.293
1.257
1.205
1.150
1.157
1.177
1.196
1.119
1.235
1.210
1.241
1.127
1.227
1.268
1.153
1.164
1.250
1.230
1.235
1.225
1.258
1.312
1.141
1.195
1.302
1.306
1.203
1.329
1.174
1.325
1.119
1.205
1.142
1.196
1.248
1.108
1.191
1.252
1.147
1.257
1.264
1.248
1.206
1.177
1.089
1.250
1.264
1.129
1.147
1.184
1.247
1.159
1.212
1.173
1.244
1.317
1.094
1.208
1.272
1.204
1.148
1.287
1.219
1.174
1.258
1.274
1.096
1.274
1.154
1.229
1.156
1.266
1.276
1.133
1.165
1.168
1.163
1.182
1.260
1.157
1.163
1.208
1.249
1.161
1.146
1.239
1.256
1.230
1.294
1.247
1.271
1.233
1.208
1.195
1.282
1.117
1.249
1.165
1.219
1.316
1.231
1.181
1.244
1.225
1.302
1.184
1.357
1.187
1.221
1.169
1.200
1.261
1.302
1.252
1.104
1.285
1.314
1.209
1.206
1.204
1.313
1.185
1.232
1.145
1.130
1.156
1.284
1.176
1.201
1.270
1.074
1.169
1.107
1.291
1.185
1.249
1.195
1.177
1.288
1.229
1.258
1.198
1.243
1.162
1.248
1.170
1.253
1.261
1.261
1.288
1.214
1.182
1.313
1.296
1.276
1.251
1.282
1.136
1.136
1.131
1.101
1.120
1.268
1.299
1.200
1.365
1.293
1.253
1.344
1.180
1.225
1.338
1.072
1.179
1.260
1.202
1.145
1.190
1.217
1.174
1.259
1.172
1.195
1.201
1.238
1.112
1.197
1.180
1.193
1.288
1.123
1.283
1.157
1.172
1.159
1.221
1.320
1.163
1.261
1.194
1.323
1.155
1.153
1.167
1.113
1.176
1.098
1.224
1.184
1.137
1.112
1.255
1.050
1.188
1.181
1.224
1.158
1.320
1.215
1.224
1.093
1.249
1.297
1.279
1.253
1.251
1.156
1.187
1.173
1.175
1.303
1.285
1.219
1.197
1.155
1.111
1.165
1.252
1.187
1.394
1.306
1.358
1.198
1.195
1.208
1.237
1.152
1.277
1.262
1.125
1.154
1.290
1.136
1.086
1.149
1.239
1.175
1.252
1.184
1.234
1.199
1.297
1.206
1.166
1.193
1.140
1.196
1.278
1.235
1.427
1.187
1.159
1.150
1.183
1.270
1.158
1.203
1.350
1.166
1.126
1.281
1.294
1.187
1.114
1.146
1.255
1.239
1.203
1.179
1.198
1.179
1.181
1.236
1.179
1.129
1.167
1.233
1.148
1.228
1.261
1.116
1.169
1.167
1.336
1.164
1.321
1.234
1.172
1.191
1.205
1.302
1.166
1.375
1.170
1.232
1.189
1.252
1.187
1.245
1.157
1.274
1.178
1.250
1.165
1.243
1.076
1.295
1.131
1.191
1.114
1.227
1.224
1.371
1.105
1.120
1.266
1.265
1.170
1.208
1.213
1.148
1.228
1.155
1.133
1.239
1.180
1.217
1.197
1.201
1.206
1.188
1.222
1.283
1.136
1.270
1.130
1.175
1.400
1.114
1.230
1.245
1.296
1.222
1.287
1.175
1.332
1.126
1.206
1.248
1.153
1.402
1.185
1.114
1.108
1.204
1.121
1.106
1.204
1.314
1.126
1.251
1.233
1.241
1.244
1.178
1.201
1.302
1.374
1.209
1.279
1.170
1.161
1.089
1.160
1.191
1.215
1.316
1.262
1.131
1.368
1.271
1.256
1.203
1.257
1.111
1.099
1.216
1.157
1.174
1.070
1.247
1.274
1.195
1.255
1.234
1.089
1.260
1.166
1.167
1.150
1.194
1.186
1.163
1.304
1.195
1.329
1.123
1.199
1.159
1.385
1.377
1.223
1.194
1.217
1.335
1.134
1.161
1.248
1.281
1.236
1.253
1.297
1.155
1.207
1.214
1.341
1.190
1.291
1.168
1.250
1.432
1.210
1.351
1.147
1.214
1.344
1.199
1.020
1.147
1.099
1.161
1.174
1.243
1.192
1.245
1.106
1.191
1.151
1.096
1.195
1.205
1.123
1.198
1.234
1.190
1.098
1.273
1.173
1.378
1.146
1.215
1.167
1.137
1.112
1.196
1.272
1.342
1.122
1.149
1.246
1.288
1.273
1.236
1.102
1.262
1.349
1.236
1.319
1.257
1.394
1.183
1.197
1.382
1.163
1.226
1.341
1.149
1.198
1.239
1.243
1.267
1.221
1.223
1.050
1.152
1.157
1.207
1.219
1.211
1.162
1.177
1.235
1.356
1.269
1.072
1.357
1.212
1.279
1.221
1.153
1.152
1.124
1.215
1.226
1.184
1.159
1.246
1.131
1.156
1.410
1.221
1.213
1.173
1.114
1.210
1.207
1.291
1.227
1.267
1.466
1.182
1.216
1.189
1.231
1.237
1.325
1.167
1.230
1.161
1.272
1.183
1.265
1.237
1.315
1.212
1.154
1.130
1.197
1.155
1.146
1.289
1.272
1.208
1.213
1.160
1.285
1.170
1.328
1.134
1.194
1.251
1.310
1.189
1.166
1.230
1.317
1.247
1.299
1.328
1.213
1.100
1.217
1.189
1.228
1.223
1.265
1.259
1.196
1.135
1.170
1.269
1.212
1.182
1.265
1.184
1.158
1.209
1.323
1.181
1.215
1.127
1.250
1.145
1.179
1.277
1.176
1.243
1.333
1.164
1.114
1.246
1.151
1.201
1.306
1.143
1.222
1.200
1.091
1.161
1.170
1.360
1.134
1.235
1.159
1.215
1.234
1.228
1.121
1.310
1.201
1.097
1.237
1.247
1.302
1.221
1.184
1.320
1.345
1.235
1.190
1.242
1.219
1.265
1.226
1.181
1.137
1.239
1.253
1.317
1.138
1.256
1.234
1.340
1.175
1.160
1.343
1.119
1.147
1.143
1.273
1.213
1.230
1.157
1.032
1.250
1.140
1.180
1.256
1.195
1.232
1.197
1.268
1.143
1.231
1.196
1.085
1.323
1.139
1.207
1.105
1.283
1.236
1.295
1.168
1.184
1.157
1.340
1.228
1.191
1.138
1.242
1.341
1.352
1.329
1.190
1.242
1.278
1.221
1.198
1.139
1.356
1.295
1.317
1.113
1.163
1.147
1.139
1.284
1.290
1.250
1.195
1.272
1.190
1.179
1.166
1.279
1.183
1.370
1.351
1.247
1.258
1.265
1.282
1.146
1.186
1.291
1.207
1.347
1.263
1.173
1.109
1.218
1.269
1.182
1.198
1.232
1.229
1.246
1.220
1.148
1.187
1.220
1.162
1.022
1.185
1.170
1.146
1.241
1.405
1.176
1.175
1.193
1.182
1.198
1.291
1.195
1.173
1.129
1.234
1.225
1.187
1.265
1.190
1.182
1.164
1.313
1.257
1.130
1.341
1.224
1.235
1.203
1.173
1.219
1.177
1.211
1.269
1.154
1.225
1.226
1.113
1.257
1.273
1.148
1.187
1.108
1.230
1.164
1.175
1.422
1.240
1.134
1.173
1.148
1.233
1.129
1.131
1.183
1.201
1.157
1.144
1.230
1.208
1.083
1.224
1.307
1.158
1.231
1.154
1.213
1.217
1.182
1.164
1.160
1.288
1.280
1.127
1.163
1.229
1.281
1.114
1.310
1.117
1.357
1.251
1.184
1.198
1.128
1.300
1.156
1.302
1.130
1.172
1.347
1.248
1.094
1.171
1.259
1.211
1.107
1.345
1.148
1.209
1.273
1.148
1.216
1.197
1.195
1.187
1.162
1.199
1.281
1.160
1.322
1.154
1.272
1.194
1.104
1.296
1.159
1.250
1.230
1.249
1.130
1.228
1.152
1.256
1.194
1.138
1.241
1.333
1.219
1.114
1.266
1.203
1.163
1.185
1.323
1.193
1.248
1.298
1.175
1.205
1.176
1.215
1.179
1.168
1.278
1.200
1.172
1.306
1.232
1.242
1.213
1.181
0.986
1.167
1.132
1.118
1.195
1.241
1.062
1.225
1.182
1.074
1.227
1.188
1.096
1.287
1.370
1.238
1.233
1.090
1.159
1.184
1.253
1.146
1.237
1.239
1.305
1.197
1.255
1.143
1.314
1.132
1.265
1.197
1.127
1.100
1.101
1.162
1.182
1.133
1.272
1.061
1.123
1.330
1.237
1.110
1.078
1.098
1.352
1.172
1.174
1.302
1.265
1.105
1.297
1.314
1.237
1.267
1.245
1.144
1.320
1.256
1.236
1.122
1.299
1.045
1.160
1.153
1.247
1.267
1.187
1.173
1.344
1.211
1.171
1.194
1.256
1.203
1.211
1.192
1.211
1.195
1.193
1.137
1.145
1.227
1.080
1.235
1.203
1.351
1.397
1.175
1.077
1.131
1.179
1.314
1.196
1.332
1.043
1.252
1.199
1.180
1.299
1.235
1.220
1.174
1.176
1.288
1.073
1.286
1.438
1.268
1.136
1.190
1.226
1.355
1.340
1.197
1.098
1.190
1.197
1.144
1.253
1.231
1.246
1.163
1.174
1.300
1.260
1.271
1.281
1.098
1.213
1.145
1.287
1.145
1.276
1.198
1.221
1.292
1.153
1.229
1.184
1.346
1.132
1.122
1.135
1.202
1.188
1.098
1.311
1.176
1.164
1.265
1.277
1.105
1.201
1.281
1.222
1.184
1.364
1.207
1.206
1.150
1.273
1.287
1.154
1.211
1.195
1.201
1.292
1.023
1.190
1.293
1.351
1.117
1.287
1.256
1.175
1.209
1.246
1.358
1.309
1.138
1.152
1.222
1.158
1.228
1.138
1.209
1.206
1.181
1.166
1.096
1.233
1.109
1.207
1.279
1.278
1.229
1.182
1.183
1.325
1.126
1.200
1.150
1.205
1.141
1.283
1.233
1.094
1.258
1.211
1.187
1.244
1.165
1.126
1.222
1.140
1.222
1.229
1.253
1.085
1.115
1.268
1.372
1.252
1.176
1.239
1.182
1.168
1.155
1.145
1.289
1.140
1.149
1.317
1.263
1.096
1.205
1.221
1.263
1.365
1.173
1.310
1.239
1.288
1.238
1.019
1.256
1.406
1.181
1.242
1.240
1.180
1.322
1.122
1.274
1.273
1.238
1.150
1.115
1.181
1.135
1.335
1.165
1.186
1.329
1.152
1.192
1.248
1.304
1.180
1.188
1.304
1.212
1.222
1.248
1.125
1.158
1.041
1.272
1.210
1.230
1.200
1.204
1.244
1.281
1.192
1.163
1.148
1.328
1.173
1.220
1.268
1.186
1.133
1.135
1.241
1.238
1.141
1.318
1.214
1.158
1.201
1.314
1.235
1.281
1.432
1.084
1.224
1.221
1.335
1.215
1.173
1.176
1.069
1.177
1.214
1.284
1.356
1.250
1.079
1.149
1.157
1.309
1.310
1.183
1.369
1.173
1.143
1.036
1.236
1.164
1.204
1.144
1.169
1.288
1.233
1.344
1.278
1.181
1.206
1.116
1.168
1.242
1.231
1.211
1.094
1.322
1.125
1.189
1.183
1.168
1.181
1.217
1.060
1.275
1.167
1.266
1.305
1.300
1.219
1.256
1.191
1.270
1.089
1.322
1.134
1.186
1.184
1.139
1.285
1.180
1.207
1.227
1.114
1.181
1.276
1.235
1.319
1.341
1.194
1.110
1.207
1.199
1.199
1.237
1.192
1.173
1.246
1.332
1.234
1.361
1.291
1.340
1.238
1.199
1.291
1.218
1.218
1.205
1.087
1.193
1.185
1.176
1.159
1.245
1.115
1.236
1.310
1.154
1.130
1.118
1.085
1.446
1.212
1.227
1.265
1.190
1.218
1.237
1.213
1.231
1.186
1.176
1.268
1.226
1.191
1.261
1.305
1.149
1.161
1.169
1.180
1.113
1.282
1.343
1.127
1.275
1.345
1.269
1.206
1.381
1.085
1.281
1.269
1.170
1.157
1.106
1.182
1.201
1.137
1.217
1.226
1.195
1.226
1.211
1.265
1.227
1.244
1.274
1.137
1.151
1.255
1.197
1.183
1.176
1.140
1.231
1.147
1.227
1.237
1.194
1.286
1.192
1.097
1.180
1.292
1.160
1.123
1.198
1.112
1.234
1.222
1.262
1.243
1.158
1.185
1.243
1.150
1.146
1.242
1.238
1.159
1.203
1.149
1.266
1.197
1.214
1.148
1.368
1.223
1.150
1.183
1.190
1.267
1.215
1.147
1.181
1.027
1.220
1.250
1.131
1.233
1.326
1.127
1.264
1.194
1.212
1.266
1.259
1.326
1.174
1.202
1.240
1.189
1.109
1.273
1.360
1.252
1.129
1.209
1.217
1.178
1.178
1.217
1.241
1.168
1.133
1.073
1.359
1.144
1.209
1.213
1.208
1.339
1.274
1.197
1.234
1.200
1.232
1.087
1.283
1.287
1.324
1.177
1.316
1.262
1.168
1.225
1.207
1.179
1.183
1.068
1.213
1.233
1.238
1.116
1.206
1.236
1.251
1.281
1.187
1.226
1.256
1.229
1.186
1.367
1.236
1.208
1.292
1.280
1.271
1.216
1.336
1.193
1.208
1.388
1.234
1.283
1.253
1.219
1.267
1.286
1.107
1.199
1.141
1.204
1.191
1.164
1.210
1.093
1.245
1.200
1.256
1.103
1.140
1.294
1.209
1.201
1.209
1.137
1.229
1.249
1.226
1.264
1.165
1.274
1.260
1.380
1.185
1.196
1.229
1.182
1.200
1.299
1.181
1.082
1.171
1.170
1.130
1.124
1.224
1.268
1.329
1.274
1.251
1.220
1.253
1.303
1.202
1.246
1.239
1.234
1.228
1.186
1.335
1.235
1.122
1.195
1.277
1.218
1.184
1.226
1.198
1.263
1.282
1.215
1.203
1.208
1.259
1.324
1.254
1.118
1.202
1.220
1.278
1.177
1.138
1.244
1.262
1.204
1.193
1.242
1.155
1.252
1.291
1.165
1.250
1.211
1.357
1.090
1.259
1.128
1.122
1.249
1.311
1.209
1.224
1.288
1.273
1.262
1.167
1.079
1.226
1.174
1.175
1.251
1.224
1.215
1.198
1.204
1.132
1.156
1.167
1.127
1.261
1.161
1.222
1.205
1.362
1.268
1.323
1.154
1.333
1.186
1.128
1.208
1.187
1.123
1.196
1.197
1.195
1.225
1.228
1.265
1.243
1.178
1.255
1.250
1.178
1.043
1.317
1.218
1.244
1.135
1.313
1.098
1.186
1.234
1.174
1.189
1.280
1.188
1.117
1.185
1.221
1.263
1.105
1.076
1.228
1.202
1.298
1.220
1.310
1.216
1.184
1.156
1.241
1.210
1.097
1.189
1.213
1.331
1.144
1.221
1.227
1.173
1.370
1.186
1.183
1.155
1.188
1.167
1.147
1.121
1.156
1.226
1.159
1.246
1.117
1.273
1.160
1.128
1.267
1.251
1.278
1.193
1.084
1.228
1.141
1.241
1.188
1.160
1.197
1.037
1.315
1.266
1.185
1.146
1.175
1.224
1.191
1.155
1.244
1.260
1.274
1.221
1.214
1.157
1.131
1.169
1.164
1.130
1.247
1.142
1.228
1.332
1.323
1.202
1.379
1.143
1.155
1.215
1.230
1.212
1.288
1.195
1.192
1.080
1.167
1.240
1.163
1.354
1.180
1.235
1.216
1.081
1.175
1.057
1.291
1.135
1.171
1.293
1.218
1.206
1.201
1.254
1.311
1.138
1.177
1.214
1.237
1.242
1.076
1.238
1.173
1.206
1.143
1.402
1.212
1.095
1.044
1.230
1.191
1.130
1.202
1.240
1.155
1.253
1.282
1.123
1.083
1.069
1.105
1.155
1.213
1.088
1.288
1.160
1.117
1.277
1.270
1.200
1.313
1.341
1.284
1.212
1.169
1.177
1.210
1.218
1.226
1.383
1.258
1.184
1.181
1.175
1.183
1.273
1.100
1.183
1.284
1.120
1.342
1.106
1.119
1.159
1.205
1.135
1.173
1.137
1.297
1.216
1.165
1.104
1.241
1.288
1.212
1.152
1.266
1.188
1.147
1.204
1.151
1.228
1.311
1.159
1.271
1.097
1.167
1.123
1.215
1.206
1.269
1.199
1.184
1.204
1.010
1.239
1.152
1.170
1.237
1.073
1.209
1.339
1.383
1.364
1.109
1.044
1.195
1.211
1.209
1.104
1.143
1.220
1.210
1.157
1.213
1.305
1.149
1.222
1.338
1.101
1.258
1.316
1.269
1.181
1.376
1.167
1.287
1.228
1.055
1.197
1.190
1.413
1.162
1.166
1.174
1.126
1.183
1.113
1.150
1.161
1.169
1.207
1.131
1.113
1.219
1.308
1.121
1.072
1.182
1.191
1.239
1.198
1.168
1.188
1.200
1.247
1.209
1.183
1.239
1.373
1.238
1.239
1.144
1.132
1.308
1.090
1.188
1.128
1.223
1.211
1.174
1.141
1.165
1.292
1.176
1.198
1.253
1.263
1.133
1.126
1.211
1.206
1.203
1.220
1.350
1.229
1.340
1.235
1.319
1.226
1.332
1.174
1.269
1.286
1.224
1.176
1.281
1.272
1.191
1.174
1.176
1.280
1.177
1.272
1.220
1.141
1.316
1.208
1.335
1.266
1.243
1.170
1.286
1.245
1.240
1.172
1.190
1.152
1.143
1.110
1.119
1.227
1.192
1.187
1.203
1.242
1.145
1.205
1.211
1.134
1.204
1.174
1.182
1.198
1.161
1.103
1.246
1.208
1.334
1.167
1.199
1.250
1.252
1.138
1.174
1.271
1.184
1.217
1.259
1.268
1.174
1.232
1.353
1.233
1.370
1.243
1.143
1.251
1.374
1.188
1.175
1.187
1.236
1.271
1.087
1.260
1.243
1.314
1.197
1.261
1.210
1.147
1.248
1.114
1.267
1.264
1.228
1.234
1.181
1.214
1.154
1.178
1.146
1.127
1.187
1.170
1.161
1.190
1.191
1.137
1.120
1.193
1.221
1.269
1.293
1.296
1.240
1.192
1.289
1.134
1.160
1.236
1.218
1.244
1.219
1.144
1.132
1.181
1.211
1.344
1.202
1.163
1.170
1.087
1.176
1.224
1.250
1.257
1.151
1.116
1.215
1.088
1.141
1.156
1.210
1.131
1.166
1.228
1.298
1.244
1.225
1.145
1.289
1.219
1.206
1.319
1.457
1.098
1.193
1.226
1.346
1.187
1.323
1.300
1.207
1.386
1.254
1.183
1.226
1.165
1.183
1.231
1.214
1.110
1.251
1.294
1.122
1.118
1.488
1.087
1.072
1.242
1.257
1.090
1.168
1.337
1.184
1.246
1.161
1.197
1.197
1.226
1.110
1.249
1.114
1.261
1.100
1.167
1.261
1.166
1.114
1.149
1.187
1.207
1.123
1.340
1.220
1.148
1.218
1.113
1.226
1.219
1.262
1.102
1.190
1.321
1.176
1.205
1.218
1.191
1.322
1.146
1.072
1.242
1.211
1.152
1.116
1.168
1.244
1.139
1.282
1.185
1.277
1.134
1.217
1.232
1.289
1.117
1.370
1.127
1.199
1.233
1.240
1.215
1.246
1.226
1.090
1.226
1.172
1.179
1.206
1.254
1.154
1.224
1.276
1.261
1.342
1.161
1.127
1.137
1.260
1.139
1.178
1.385
1.286
1.159
1.150
1.261
1.243
1.249
1.207
1.411
1.127
1.334
1.204
1.240
1.290
1.118
1.107
1.066
1.307
1.267
1.231
1.253
1.188
1.318
1.271
1.149
1.290
1.219
1.154
1.286
1.111
1.232
1.172
1.137
1.178
1.251
1.197
1.301
1.239
1.085
1.258
1.010
1.176
1.040
1.203
1.158
1.141
1.177
1.254
1.173
1.169
1.150
1.120
1.333
1.332
1.254
1.278
1.259
1.186
1.143
1.264
1.267
1.280
1.145
1.309
1.166
1.183
1.297
1.378
1.127
1.165
1.175
1.287
1.112
1.215
1.104
1.221
1.102
1.179
1.089
1.165
1.243
1.406
1.185
1.141
1.146
1.221
1.082
1.063
1.129
1.217
1.198
1.194
1.133
1.218
1.116
1.085
1.266
1.285
1.195
1.228
1.076
1.234
1.272
1.321
1.123
1.163
1.178
1.101
1.260
1.202
1.170
1.191
1.211
1.175
1.390
1.184
1.312
1.245
1.200
1.269
1.191
1.181
1.326
1.204
1.302
1.259
1.135
1.280
1.356
1.332
1.329
1.078
1.164
1.143
1.261
1.236
1.353
1.184
1.218
1.201
1.155
1.238
1.260
1.381
1.403
1.061
1.203
1.208
1.152
1.289
1.249
1.253
1.031
1.124
1.158
1.237
1.203
1.148
1.174
1.147
1.048
1.324
1.188
1.173
1.269
1.213
1.165
1.283
1.133
1.084
1.332
1.350
1.178
1.298
1.188
1.372
1.237
1.271
1.165
1.327
1.404
1.288
1.199
1.171
1.146
1.217
1.267
1.233
1.159
1.212
1.307
1.144
1.206
1.158
1.295
1.186
1.280
1.175
1.199
1.203
1.209
1.252
1.185
1.195
1.306
1.203
1.298
1.221
1.179
1.160
1.138
1.292
1.136
1.122
1.211
1.152
1.107
1.182
1.182
1.314
1.268
1.148
1.211
1.220
1.278
1.166
1.197
1.230
1.172
1.298
1.130
1.193
1.097
1.282
1.225
1.182
1.162
1.099
1.240
1.200
1.270
1.277
1.211
1.242
1.200
1.117
1.196
1.131
1.180
1.204
1.261
1.244
1.223
1.180
1.317
1.199
1.055
1.195
1.181
1.100
1.259
1.184
1.214
1.382
1.279
1.185
1.284
1.197
1.304
1.321
1.179
1.217
1.224
1.297
1.288
1.147
1.286
1.283
1.252
1.260
1.289
1.197
1.123
1.291
1.016
1.230
1.169
1.174
1.217
1.205
1.252
1.158
1.211
1.083
1.135
1.166
1.159
1.316
1.246
1.235
1.225
1.219
1.319
1.169
1.125
1.352
1.188
1.330
1.344
1.196
1.243
1.172
1.326
1.208
1.237
1.243
1.295
1.086
1.234
1.273
1.244
1.211
1.092
1.039
1.204
1.234
1.175
1.125
1.174
1.118
1.306
1.167
1.158
1.331
1.231
1.151
1.156
1.202
1.275
1.349
1.171
1.258
1.139
1.221
1.319
1.221
1.230
1.158
1.234
1.198
1.129
1.225
1.263
1.224
1.216
1.122
1.121
1.247
1.173
1.252
1.430
1.195
1.156
1.218
1.207
1.233
1.263
1.221
1.298
1.218
1.180
1.154
1.255
1.202
1.170
1.223
1.228
1.312
1.279
1.261
1.177
1.241
1.125
1.141
1.022
1.234
1.203
1.297
1.194
1.233
1.283
1.248
1.145
1.235
1.188
1.213
1.164
1.241
1.242
1.275
1.297
1.386
1.092
1.109
1.093
1.100
1.177
1.164
1.312
1.166
1.177
1.247
1.168
1.258
1.303
1.248
1.156
1.261
1.087
1.090
1.327
1.214
1.221
1.219
1.164
1.154
1.236
1.279
1.097
1.207
1.260
1.109
1.120
1.277
1.154
1.241
1.209
1.192
1.319
1.080
1.247
1.148
1.275
1.125
1.235
1.238
1.258
1.196
1.330
1.344
1.122
1.336
1.233
1.199
1.277
1.205
1.478
1.217
1.090
1.268
1.403
1.293
1.090
1.287
1.238
1.430
1.225
1.154
1.203
1.258
1.267
1.260
1.192
1.169
1.192
1.188
1.146
1.105
1.277
1.263
1.222
1.102
1.171
1.139
1.298
1.244
1.211
1.069
1.304
1.130
1.351
1.200
1.252
1.155
1.081
1.221
1.166
1.201
1.213
1.283
1.224
1.290
1.273
1.228
1.247
1.285
1.299
1.131
1.122
1.182
1.197
1.278
1.166
1.294
1.209
1.215
1.193
1.186
1.298
1.393
1.161
1.190
1.011
1.153
1.118
1.227
1.253
1.163
1.231
1.312
1.210
1.189
1.320
1.158
1.200
1.323
1.203
1.153
1.236
1.106
1.222
1.221
1.183
1.127
1.172
1.195
1.363
1.161
1.227
1.308
1.262
1.108
1.242
1.275
1.197
1.292
1.184
1.507
1.279
1.232
1.293
1.053
1.209
1.317
1.223
1.200
1.238
1.251
1.137
1.235
1.184
1.161
1.276
1.176
1.238
1.295
1.200
1.131
1.136
1.176
1.191
1.183
1.188
1.282
1.199
1.234
1.260
1.271
1.342
1.127
1.198
1.161
1.163
1.241
1.291
1.246
1.218
1.235
1.195
1.289
1.157
1.108
1.105
1.257
1.235
1.231
1.289
1.246
1.251
1.174
1.094
1.222
1.224
1.177
1.283
1.177
1.273
1.244
1.255
1.242
1.241
1.157
1.189
1.097
1.062
1.209
1.151
1.075
1.160
1.195
1.284
1.124
1.219
1.122
1.163
1.178
1.134
1.250
1.133
1.159
1.144
1.134
1.208
1.071
1.214
1.201
1.141
1.106
1.256
1.180
1.270
1.235
1.163
1.211
1.131
1.119
1.099
1.215
1.155
1.238
1.163
1.269
1.144
1.152
1.214
1.216
1.185
1.220
1.354
1.250
1.247
1.189
1.152
1.188
1.208
1.201
1.318
1.177
1.313
1.187
1.242
1.267
1.163
1.432
1.344
1.102
1.279
1.120
1.230
1.055
1.214
1.251
1.360
1.312
1.199
1.148
1.322
1.194
1.305
1.213
1.101
1.306
1.272
1.104
1.242
1.228
1.171
1.238
1.164
1.281
1.268
1.219
1.221
1.163
1.146
1.204
1.145
1.162
1.206
1.143
1.252
1.244
1.338
1.239
1.172
1.172
1.173
1.083
1.351
1.238
1.234
1.188
1.281
1.255
1.245
1.245
1.296
1.257
1.102
1.194
1.259
1.280
1.256
1.295
1.232
1.159
1.269
1.271
1.274
1.216
1.138
1.097
1.192
1.327
1.148
1.291
1.131
1.240
1.209
1.207
1.220
1.191
1.208
1.449
1.036
1.229
1.353
1.041
1.200
1.053
1.168
1.218
1.218
1.129
1.231
1.227
1.178
1.302
1.177
1.111
1.108
1.188
1.208
1.198
1.340
1.222
1.223
1.172
1.211
1.210
1.223
1.247
1.264
1.185
1.184
1.160
1.154
1.120
1.194
1.261
1.260
1.268
1.343
1.231
1.127
1.269
1.107
1.233
1.250
1.121
1.123
1.096
1.176
1.231
1.244
1.170
1.238
1.226
1.145
1.136
1.165
1.241
1.174
1.245
1.164
1.211
1.167
1.246
1.187
1.212
1.292
1.268
1.181
1.251
1.249
1.125
1.113
1.148
1.251
1.198
1.171
1.114
1.314
1.132
1.241
1.148
1.302
1.283
1.274
1.122
1.234
1.257
1.287
1.172
1.142
1.232
1.261
1.170
1.140
1.305
1.215
1.177
1.134
1.281
1.144
1.387
1.270
1.114
1.296
1.195
1.298
1.193
1.319
1.226
1.090
1.272
1.133
1.099
1.118
1.297
1.293
1.195
1.286
1.277
1.162
1.250
1.215
1.199
1.318
1.274
1.273
1.330
1.106
1.219
1.297
1.218
1.234
1.069
1.276
1.229
1.120
1.395
1.270
1.162
1.228
1.310
1.200
1.289
1.196
1.210
1.317
1.199
1.195
1.198
1.201
1.241
1.287
1.307
1.052
1.018
1.123
1.237
1.253
1.191
1.225
1.166
1.197
1.321
1.156
1.233
1.253
1.196
1.147
1.027
1.215
1.251
1.320
1.255
1.231
1.205
1.278
1.222
1.116
1.138
1.244
1.190
1.099
1.212
1.127
1.151
1.199
1.302
1.173
1.151
1.099
1.311
1.298
1.180
1.112
1.161
1.141
1.292
1.135
1.172
1.178
1.153
1.183
1.171
1.229
1.136
1.222
1.222
1.197
1.276
1.271
1.250
1.129
1.178
1.176
1.148
1.325
1.230
1.174
1.264
1.264
1.110
1.221
1.124
1.279
1.273
1.133
1.347
1.186
1.157
1.285
1.299
1.190
1.138
1.127
1.220
1.229
1.335
1.118
1.232
1.189
1.133
1.234
1.124
1.137
1.151
1.131
1.140
1.243
1.191
1.155
1.264
1.164
1.291
1.223
1.039
1.237
1.342
1.152
1.016
1.240
1.179
1.320
1.077
1.288
1.203
1.226
1.273
1.220
1.207
1.228
1.257
1.192
1.301
1.163
1.251
1.138
1.163
1.198
1.140
1.072
1.287
1.196
1.353
1.339
1.154
1.190
1.252
1.285
1.237
1.187
1.102
1.261
1.086
1.144
1.117
1.340
1.144
1.288
1.145
1.124
1.211
1.219
1.154
1.230
1.212
1.224
1.253
1.107
1.162
1.158
1.243
1.139
1.191
1.231
1.144
1.143
1.122
1.023
1.176
1.180
1.336
1.077
1.298
1.270
1.136
1.165
1.294
1.176
1.232
1.261
1.114
1.139
1.206
1.181
1.223
1.204
1.209
1.318
1.251
1.200
1.353
1.128
1.380
1.168
1.176
1.311
1.230
1.146
1.252
1.266
1.145
1.259
1.368
1.269
1.311
1.205
1.130
1.279
1.130
1.197
1.189
1.167
1.308
1.154
1.303
1.242
1.318
1.142
1.129
1.239
1.165
1.301
1.254
1.203
1.225
1.197
1.293
1.233
1.277
1.214
1.165
1.163
1.124
1.152
1.145
1.234
1.200
1.367
1.219
1.165
1.214
1.217
1.240
1.155
1.256
1.218
1.313
1.189
1.242
1.288
1.228
1.170
1.196
1.226
1.243
1.254
1.367
1.158
1.232
1.159
1.136
1.179
1.204
1.253
1.162
1.158
1.295
1.175
1.289
1.168
1.188
1.099
1.151
1.204
1.260
1.148
1.095
1.243
1.176
1.120
1.135
1.239
1.222
1.261
1.076
1.120
1.154
1.464
1.250
1.177
1.218
1.219
1.268
1.284
1.154
1.230
1.183
1.218
1.240
1.412
1.314
1.145
1.216
1.205
1.165
1.185
1.299
1.099
1.152
1.132
1.257
1.211
1.096
1.343
1.119
1.165
1.234
1.156
1.238
1.115
1.182
1.209
1.146
1.223
1.120
1.139
1.385
1.095
1.195
1.225
1.171
1.171
1.112
1.082
1.278
1.113
1.183
1.126
1.137
1.235
1.337
1.324
1.179
1.189
1.335
1.208
1.254
1.060
1.137
1.313
1.216
1.169
1.271
1.090
1.238
1.305
1.136
1.218
1.283
1.136
1.247
1.176
1.284
1.201
1.310
1.417
1.166
1.230
1.277
1.166
1.197
1.169
1.233
1.330
1.258
1.179
1.285
1.238
1.105
1.298
1.156
1.250
1.173
1.120
1.252
1.165
1.094
1.278
1.225
1.190
1.263
1.187
1.149
1.221
1.188
1.207
1.159
1.227
1.304
1.288
1.379
1.266
1.202
1.135
1.260
1.218
1.138
1.111
1.251
1.256
1.232
1.196
1.207
1.237
1.146
1.141
1.154
1.227
1.183
1.260
1.198
1.172
1.129
1.213
1.133
1.220
1.302
1.127
1.370
1.298
1.295
1.311
1.184
1.090
1.264
1.158
1.118
1.092
1.154
1.239
1.085
1.158
1.263
1.234
1.197
1.092
1.259
1.078
1.156
1.081
1.192
1.141
1.197
1.197
1.148
1.245
1.222
1.172
1.237
1.224
1.134
1.368
1.123
1.224
1.043
1.240
1.200
1.287
1.177
1.164
1.241
1.222
1.084
1.135
1.196
1.167
1.160
1.259
1.176
1.333
1.327
1.186
1.153
1.300
1.340
1.220
1.192
1.097
1.155
1.219
1.209
1.261
1.329
1.216
1.253
1.184
1.256
1.184
1.274
1.174
1.114
1.239
1.162
1.092
1.202
1.217
1.338
1.260
1.129
1.230
1.269
1.278
1.239
1.137
1.179
1.161
1.110
1.233
1.151
1.086
1.195
1.247
1.157
1.272
1.205
1.227
1.300
1.222
1.134
1.271
1.232
1.118
1.108
1.141
1.056
1.181
1.153
1.180
1.149
1.297
1.225
1.317
1.153
1.177
1.175
1.214
1.113
1.204
1.207
1.398
1.238
1.347
1.310
1.085
1.179
1.138
1.320
1.219
1.282
1.243
1.293
1.170
1.464
1.223
1.133
1.326
1.335
1.263
1.096
1.148
1.195
1.246
1.317
1.273
1.078
1.304
1.233
1.182
1.138
1.188
1.343
1.103
1.288
1.280
1.273
1.209
1.230
1.206
1.133
1.144
1.140
1.254
1.094
1.092
1.189
1.152
1.171
1.208
1.214
1.277
1.314
1.179
1.308
1.162
1.139
1.306
1.195
1.299
1.232
1.127
1.148
1.214
1.257
1.152
1.297
1.432
1.199
1.220
1.239
1.295
1.184
1.161
1.174
1.217
1.194
1.192
1.193
1.191
1.293
1.246
1.408
1.276
1.217
1.270
1.128
1.162
1.162
1.226
1.253
1.256
1.229
1.217
1.181
1.157
1.281
1.231
1.165
1.133
1.167
1.152
1.171
1.144
1.282
1.323
1.198
1.132
1.168
1.159
1.215
1.327
1.219
1.381
1.269
1.371
1.265
1.204
1.265
1.291
1.198
1.070
1.343
1.235
1.193
1.101
1.115
1.166
1.314
1.252
1.118
1.197
1.160
1.292
1.263
1.140
1.146
1.227
1.080
1.111
1.183
1.247
1.208
1.127
1.227
1.115
1.207
1.181
1.317
1.157
1.216
1.155
1.212
1.253
1.175
1.209
1.235
1.321
1.170
1.227
1.216
1.209
1.110
1.244
1.139
1.110
1.227
1.275
1.280
1.226
1.137
1.135
1.153
1.121
1.236
1.089
1.220
1.120
1.192
1.224
1.116
1.187
1.154
1.111
1.118
1.235
1.221
1.088
1.160
1.381
1.264
1.045
1.182
1.298
1.129
1.222
1.066
1.268
1.214
1.238
1.193
1.097
1.276
1.202
1.110
1.169
1.230
1.222
1.148
1.247
1.272
1.294
1.156
1.142
1.240
1.201
1.231
1.211
1.188
1.100
1.176
1.215
1.219
1.116
1.191
1.160
1.211
1.187
1.149
1.086
1.120
1.225
1.102
1.295
1.075
1.204
1.174
1.213
1.188
1.267
1.136
1.284
1.082
1.374
1.051
1.275
1.198
1.219
1.156
1.086
1.195
1.223
1.125
1.211
1.196
1.166
1.200
1.200
1.225
1.085
1.224
1.199
1.076
1.217
1.162
1.179
1.236
1.227
1.166
1.158
1.273
1.268
1.174
1.138
1.139
1.196
1.247
1.102
1.200
1.159
1.119
1.197
1.207
1.280
1.168
1.134
1.080
1.335
1.186
1.171
1.147
1.235
1.142
1.161
1.191
1.119
1.194
1.186
1.234
1.276
1.276
1.163
1.250
1.390
1.198
1.385
1.208
1.239
1.206
1.306
1.229
1.113
1.115
1.299
1.148
1.233
1.418
1.186
1.244
1.250
1.268
1.121
1.246
1.192
1.075
1.297
1.225
1.158
1.159
1.252
1.141
1.242
1.148
1.240
1.196
1.235
1.201
1.134
1.293
1.222
1.188
1.366
1.199
1.099
1.198
1.092
1.325
1.195
1.090
1.083
1.129
1.137
1.226
1.132
1.145
1.130
1.259
1.180
1.179
1.199
1.166
1.248
1.297
1.140
1.243
1.218
1.147
1.209
1.325
1.265
1.286
1.206
1.144
1.234
1.240
1.178
1.177
1.226
1.194
1.185
1.239
1.093
1.144
1.167
1.213
1.104
1.164
1.294
1.155
1.287
1.187
1.227
1.165
1.227
1.281
1.165
1.220
1.194
1.204
1.300
1.118
1.220
1.303
1.162
1.232
1.263
1.284
1.190
1.283
1.094
1.271
1.289
1.263
1.276
1.222
1.281
1.125
1.274
1.293
1.200
1.277
1.233
1.131
1.190
1.311
1.214
1.203
1.357
1.095
1.127
1.147
1.296
1.172
1.176
1.367
1.311
1.117
1.212
1.206
1.189
1.195
1.254
1.359
1.305
1.124
1.226
1.268
1.140
1.181
1.182
1.313
1.134
1.212
1.240
1.173
1.366
1.116
1.179
1.300
1.209
1.267
1.325
1.200
1.169
1.280
1.216
1.211
1.279
1.166
1.210
1.265
1.408
1.283
1.150
1.195
1.236
1.208
1.108
1.186
1.208
1.149
1.120
1.187
1.213
1.120
1.377
1.265
1.121
1.247
1.109
1.263
1.117
1.177
1.309
1.387
1.325
1.181
1.174
1.154
1.284
1.132
1.169
1.287
1.214
1.157
1.210
1.221
1.201
1.159
1.217
1.264
1.127
1.277
1.199
1.359
1.103
1.063
1.272
1.131
1.195
1.210
1.124
1.263
1.309
1.214
1.165
1.166
1.205
1.191
1.145
1.192
1.188
1.210
1.233
1.313
1.307
1.263
1.246
1.055
1.149
1.224
1.169
1.253
1.107
1.160
1.199
1.195
1.098
1.116
1.141
1.247
1.102
1.169
1.231
1.270
1.264
1.163
1.134
1.233
1.140
1.174
1.282
1.134
1.336
1.179
1.279
1.183
1.183
1.227
1.271
1.188
1.132
1.261
1.176
1.142
1.195
1.323
1.173
1.134
1.168
1.246
1.142
1.183
1.321
1.254
1.260
1.247
1.250
1.170
1.309
1.272
1.248
1.098
1.186
1.159
1.328
1.233
1.239
1.239
1.256
1.231
1.290
1.280
1.159
1.046
1.245
1.332
1.203
1.200
1.031
1.123
1.422
1.173
1.099
1.215
1.186
1.254
1.178
1.135
1.200
1.229
1.206
1.204
1.298
1.292
1.138
1.123
1.385
1.218
1.253
1.172
1.218
1.241
1.280
1.199
1.107
1.106
1.184
1.095
1.172
1.276
1.185
1.173
1.120
1.223
1.162
1.289
1.191
1.172
1.226
1.116
1.253
1.205
1.311
1.266
1.413
1.033
1.138
1.211
1.167
1.210
1.204
1.218
1.244
1.223
1.156
1.316
1.185
1.139
1.069
1.215
1.270
1.354
1.203
1.170
1.223
1.187
1.151
1.165
1.156
1.250
1.267
1.177
1.258
1.223
1.197
1.188
1.177
1.065
1.353
1.144
1.170
1.314
1.262
1.220
1.250
1.309
1.171
1.209
1.167
1.422
1.156
1.246
1.250
1.118
1.174
1.255
1.193
1.250
1.408
1.034
1.201
1.216
1.302
1.302
1.195
1.247
1.208
1.253
1.221
1.229
1.237
1.141
1.177
1.254
1.142
1.268
1.169
1.218
1.162
1.266
1.164
1.129
1.364
1.124
1.197
1.299
1.147
1.294
1.325
1.212
1.111
1.255
1.163
1.155
1.136
1.365
1.094
1.185
1.273
1.133
1.130
1.196
1.184
1.167
1.197
1.173
1.129
1.314
1.131
1.142
1.129
1.143
1.320
1.244
1.155
1.247
1.280
1.209
1.243
1.281
1.192
1.273
1.151
1.167
1.292
1.223
1.227
1.166
1.154
1.328
1.336
1.146
1.125
1.177
1.244
1.216
1.218
1.190
1.268
1.183
1.260
1.296
1.288
1.326
1.237
1.217
1.246
1.180
1.191
1.298
1.225
1.087
1.334
1.125
1.172
1.234
1.188
1.224
1.319
1.299
1.247
1.182
1.327
1.243
1.087
1.195
1.231
1.194
1.351
1.159
1.249
1.309
1.286
1.384
1.271
1.238
1.140
1.214
1.172
1.166
1.249
1.201
1.223
1.356
1.163
1.211
1.219
1.278
1.394
1.172
1.216
1.317
1.220
1.187
1.198
1.249
1.201
1.056
1.219
1.146
1.236
1.189
1.141
1.235
1.123
1.162
1.157
1.160
1.366
1.226
1.256
1.167
1.157
1.079
1.242
1.167
1.130
1.147
1.217
1.137
1.279
1.139
1.488
1.214
1.262
1.289
1.083
1.124
1.190
1.135
1.214
1.152
1.246
1.239
1.184
1.324
1.225
1.230
1.264
1.281
1.119
1.227
1.135
1.133
1.216
1.138
1.175
1.238
1.246
1.206
1.198
1.274
1.315
1.301
1.144
1.217
1.149
1.178
1.165
1.304
1.076
1.322
1.236
1.190
1.229
1.356
1.162
1.254
1.194
1.209
1.189
1.107
1.186
1.338
1.276
1.172
1.321
1.281
1.192
1.277
1.148
1.176
1.058
1.210
1.273
1.305
1.159
1.125
1.231
1.280
1.337
1.248
1.222
1.252
1.136
1.083
1.148
1.159
1.228
1.078
1.137
1.212
1.232
1.254
1.227
1.183
1.193
1.207
1.091
1.197
1.213
1.320
1.228
1.226
1.121
1.214
1.293
1.172
1.238
1.125
1.204
1.237
1.218
1.164
1.196
1.233
1.174
1.198
1.137
1.297
1.275
1.145
1.101
1.210
1.205
1.191
1.352
1.179
1.176
1.216
1.176
1.150
1.160
1.137
1.128
1.149
1.300
1.196
1.256
1.158
1.294
1.253
1.149
1.166
1.348
1.282
1.301
1.252
1.190
1.171
1.224
1.209
1.280
1.220
1.223
1.060
1.165
1.187
1.122
1.155
1.235
1.127
1.208
1.168
1.296
1.148
1.140
1.336
1.300
1.265
1.169
1.208
1.184
1.169
1.152
1.168
1.199
1.103
1.260
1.159
1.316
1.216
1.340
1.280
1.162
1.185
1.160
1.158
1.177
1.138
1.202
1.093
1.175
1.244
1.229
1.213
1.465
1.181
1.194
1.262
1.054
1.156
1.124
1.329
1.255
1.108
1.153
1.219
1.104
1.200
1.177
1.101
1.250
1.176
1.157
1.377
1.190
1.227
1.266
1.188
1.257
1.301
1.113
1.085
1.190
1.199
1.200
1.244
1.327
1.161
1.219
1.172
1.029
1.306
1.173
1.194
1.253
1.180
1.166
1.107
1.046
1.255
1.247
1.154
1.156
1.228
1.340
1.206
1.207
1.249
1.368
1.173
1.300
1.226
1.225
1.226
1.192
1.168
1.143
1.371
1.198
1.110
1.194
1.185
1.116
1.281
1.143
1.227
1.259
1.383
1.105
1.199
1.202
1.255
1.112
1.163
1.140
1.176
1.219
1.252
1.129
1.262
1.205
1.098
1.206
1.230
1.266
1.294
1.258
1.243
1.280
1.217
1.220
1.160
1.147
1.197
1.301
1.184
1.359
1.178
1.148
1.128
1.264
1.218
1.229
1.170
1.116
1.117
1.123
1.217
1.170
1.271
1.252
1.263
1.240
1.087
1.252
1.122
1.179
1.186
1.322
1.177
1.201
1.175
1.177
1.215
1.089
1.159
1.214
1.212
1.207
1.172
1.233
1.254
1.199
1.244
1.152
1.319
1.073
1.294
1.215
1.256
1.162
1.301
1.158
1.168
1.145
1.175
1.175
1.193
1.232
1.413
1.185
1.206
1.251
1.162
1.134
1.146
1.260
1.156
1.202
1.218
1.146
1.203
1.283
1.227
1.125
1.310
1.226
1.205
1.263
1.264
1.118
1.141
1.211
1.110
1.156
1.130
1.191
1.350
1.144
1.181
1.148
1.288
1.290
1.318
1.142
1.060
1.189
1.119
1.179
1.127
1.147
1.118
1.325
1.129
1.267
1.237
1.252
1.285
1.160
1.250
1.170
1.336
1.143
1.169
1.086
1.335
1.238
1.141
1.145
1.286
1.149
1.195
1.233
1.398
1.135
1.193
1.154
1.241
1.196
1.144
1.124
1.178
1.158
1.119
1.254
1.303
1.158
1.354
1.184
1.077
1.214
1.298
1.101
1.213
1.170
1.190
1.192
1.222
1.292
1.167
1.234
1.182
1.223
1.113
1.148
1.194
1.123
1.152
1.178
1.256
1.183
1.341
1.199
1.296
1.264
1.299
1.172
1.271
1.240
1.086
1.248
1.304
1.326
1.146
1.277
1.234
1.123
1.176
1.165
1.223
1.121
1.288
1.132
1.331
1.473
1.140
1.181
1.278
1.200
1.397
1.123
1.221
1.132
1.236
1.226
1.337
1.149
1.223
1.168
1.172
1.281
1.185
1.257
1.180
1.250
1.274
1.180
1.262
1.156
1.118
1.314
1.220
1.226
1.216
1.246
1.379
1.131
1.259
1.123
1.248
1.312
1.334
1.232
1.167
1.224
1.236
1.175
1.194
1.150
1.205
1.191
1.207
1.284
1.180
1.176
1.163
1.277
1.129
1.212
1.474
1.090
1.367
1.189
1.394
1.097
1.207
1.160
1.353
1.181
1.148
1.160
1.173
1.156
1.168
1.161
1.151
1.244
1.324
1.355
1.213
1.157
1.344
1.178
1.104
1.187
1.239
1.185
1.195
1.242
1.154
1.087
1.157
1.146
1.130
1.156
1.189
1.080
1.316
1.098
1.091
1.186
1.284
1.113
1.263
1.215
1.187
1.258
1.223
1.159
1.281
1.173
1.146
1.237
1.187
1.227
1.165
1.186
1.219
1.150
1.064
1.127
1.256
1.240
1.256
1.165
1.168
1.102
1.181
1.194
1.178
1.183
1.136
1.268
1.330
1.218
1.108
1.227
1.205
1.135
1.191
1.236
1.176
1.344
1.221
1.231
1.193
1.164
1.269
1.340
1.185
1.162
1.159
1.315
1.136
1.258
1.204
1.143
1.174
1.216
1.174
1.175
1.206
1.303
1.280
1.236
1.192
1.274
1.332
1.163
1.251
1.253
1.234
1.234
1.128
1.188
1.203
1.217
1.191
1.319
1.127
1.279
1.208
1.214
1.144
1.183
1.231
1.188
1.282
1.278
1.170
1.103
1.196
1.190
1.095
1.090
1.093
1.256
1.274
1.143
1.360
1.173
1.264
1.087
1.132
1.183
1.139
1.150
1.247
1.200
1.183
1.151
1.125
1.095
1.226
1.143
1.161
1.166
1.143
1.157
1.149
1.197
1.323
1.197
1.126
1.226
1.327
1.248
1.175
1.151
1.294
1.124
1.183
1.192
1.184
1.103
1.203
1.152
1.151
1.204
1.199
1.217
1.124
1.278
1.133
1.130
1.233
1.133
1.254
1.142
1.137
1.214
1.222
1.120
1.196
1.230
1.172
1.098
1.038
1.263
1.164
1.273
1.153
1.198
1.121
1.272
1.265
1.165
1.165
1.154
1.216
1.254
1.126
1.400
1.200
1.197
1.196
1.159
1.207
1.145
1.226
1.278
1.264
1.109
1.090
1.170
1.173
1.250
1.242
1.237
1.128
1.168
1.189
1.195
1.264
1.276
1.186
1.080
1.328
1.258
1.271
1.043
1.146
1.281
1.126
1.282
1.152
1.108
1.076
1.233
1.236
1.212
1.298
1.119
1.213
1.196
1.192
1.140
1.163
1.203
1.189
1.174
1.134
1.064
1.200
1.263
1.229
1.256
1.168
1.105
1.044
1.149
1.286
1.298
1.191
1.241
1.321
1.123
1.298
1.149
1.049
1.280
1.287
1.246
1.313
1.106
1.356
1.130
1.256
1.200
1.131
1.278
1.313
1.268
1.129
1.106
1.171
1.199
1.336
1.092
1.269
1.105
1.267
1.363
1.202
1.222
1.240
1.113
1.210
1.223
1.212
1.124
1.278
1.160
1.150
1.183
1.221
1.281
1.254
1.176
1.232
1.222
1.100
1.234
1.176
1.227
1.097
1.210
1.137
1.139
1.149
1.208
1.223
1.261
1.215
1.191
1.171
1.211
1.212
1.117
1.298
1.263
1.276
1.094
1.158
1.198
1.117
1.392
1.213
1.151
1.152
1.239
1.194
1.263
1.170
1.259
1.218
1.244
1.223
1.168
1.268
1.050
1.149
1.254
1.197
1.190
1.177
1.221
1.264
1.194
1.233
1.241
1.225
1.185
1.132
1.202
1.203
1.167
1.206
1.284
1.163
1.355
1.261
1.300
1.147
1.083
1.300
1.205
1.159
1.094
1.292
1.178
1.167
1.189
1.224
1.320
1.283
1.240
1.149
1.147
1.208
1.191
1.139
1.165
1.362
1.175
1.113
1.215
1.131
1.329
1.111
1.200
1.086
1.230
1.124
1.254
1.244
1.112
1.171
1.186
1.196
1.161
1.205
1.160
1.161
1.105
1.256
1.300
1.265
1.149
1.282
1.207
1.157
1.149
1.171
1.183
1.166
1.270
1.215
1.156
1.287
1.124
1.184
1.138
1.117
1.075
1.294
1.201
1.241
1.187
1.264
1.182
1.255
1.245
1.191
1.187
1.145
1.257
1.198
1.150
1.176
1.256
1.181
1.243
1.181
1.165
1.227
1.129
1.030
1.203
1.160
1.141
1.216
1.249
1.124
1.215
1.198
1.155
1.276
1.133
1.248
1.345
1.193
1.183
1.103
1.202
1.233
1.166
1.134
1.205
1.263
1.246
1.198
1.113
1.198
1.121
1.284
1.080
1.217
1.292
1.250
1.102
1.170
1.237
1.133
1.127
1.281
1.111
1.213
1.238
1.195
1.086
1.184
1.220
1.205
1.212
1.238
1.153
1.266
1.136
1.361
1.190
1.230
1.112
1.241
1.147
1.179
1.288
1.174
1.184
1.232
1.096
1.298
1.092
1.109
1.091
1.171
1.192
1.211
1.011
1.144
1.319
1.235
1.196
1.199
1.249
1.297
1.269
1.098
1.145
1.107
1.132
1.112
1.199
1.270
1.173
1.140
1.211
1.147
1.103
1.194
1.224
1.247
1.286
1.208
1.211
1.187
1.199
1.145
1.189
1.208
1.169
1.078
1.150
1.248
1.179
1.159
1.162
1.129
1.287
1.334
1.143
1.189
1.158
1.194
1.202
1.141
1.120
1.279
1.111
1.144
1.201
1.248
1.197
1.233
1.137
1.178
1.140
1.066
1.219
1.517
1.254
1.096
1.209
1.155
1.224
1.160
1.109
1.243
1.251
1.249
1.331
1.203
1.221
1.195
1.265
1.250
1.248
1.188
1.241
1.205
1.215
1.296
1.090
1.219
1.156
1.211
1.174
1.224
1.108
1.341
1.242
1.217
1.240
1.087
1.174
1.163
1.160
1.274
1.182
1.169
1.136
1.218
1.292
1.082
1.044
1.217
1.211
1.259
1.253
1.147
1.139
1.323
1.193
1.163
1.156
1.228
1.183
1.197
1.232
1.116
1.302
1.241
1.063
1.193
1.130
1.246
1.238
1.140
1.180
1.187
1.152
1.267
1.236
1.208
1.276
1.265
1.362
1.150
1.131
1.146
1.199
1.238
1.220
1.160
1.080
1.318
1.160
1.082
1.219
1.187
1.104
1.246
1.187
1.302
1.194
1.090
1.249
1.272
1.333
1.158
1.177
1.149
1.193
1.166
1.179
1.235
1.088
1.165
1.288
1.053
1.105
1.133
1.194
1.260
1.244
1.172
1.169
1.176
1.111
1.183
1.210
1.116
1.187
1.095
1.149
1.127
1.283
1.028
1.191
1.176
1.157
1.194
1.219
1.175
1.267
1.129
1.095
1.106
1.201
1.190
1.185
1.105
1.072
1.381
1.310
1.236
1.296
1.123
1.200
1.169
1.216
1.161
1.119
1.230
1.141
1.266
1.259
1.231
1.179
1.208
1.157
1.167
1.237
1.373
1.211
1.238
1.174
1.283
1.131
1.184
1.273
1.164
1.120
1.067
1.244
1.191
1.187
1.093
1.266
1.332
1.102
1.252
1.203
1.247
1.231
1.177
1.167
1.160
1.276
1.232
1.212
1.252
1.145
1.174
1.218
1.225
1.311
1.231
1.115
1.119
1.266
1.150
1.163
1.181
1.149
1.198
1.245
1.178
1.194
1.252
1.145
1.283
1.129
1.267
1.275
1.302
1.171
1.162
1.389
1.085
1.197
1.234
1.111
1.166
1.097
1.178
1.146
1.240
1.176
1.275
1.227
1.165
1.225
1.255
1.162
1.247
1.129
1.215
1.148
1.134
1.158
1.220
1.220
1.162
1.172
1.250
1.202
1.174
1.181
1.295
1.338
1.124
1.256
1.175
1.278
1.341
1.387
1.265
1.226
1.332
1.268
1.323
1.115
1.167
1.314
1.260
1.240
1.258
1.211
1.296
1.301
1.144
1.232
1.170
1.229
1.172
1.222
1.279
1.171
1.290
1.175
1.073
1.204
1.094
1.093
1.183
1.129
1.207
1.120
1.085
1.292
1.198
1.182
1.077
1.211
1.322
1.239
1.123
1.167
1.312
1.160
1.108
1.227
1.207
1.051
1.123
1.159
1.192
1.177
1.194
1.270
1.148
1.134
1.093
1.192
1.273
1.212
1.241
1.172
1.092
1.140
1.141
1.290
1.172
1.213
1.131
1.143
1.391
1.132
1.124
1.185
1.168
1.166
1.179
1.093
1.200
1.054
1.116
1.340
1.248
1.275
1.187
1.312
1.243
1.100
1.185
1.176
1.293
1.242
1.146
1.433
1.243
1.099
1.193
1.264
1.237
1.142
1.116
1.145
1.269
1.186
1.143
1.165
1.144
1.268
1.185
1.301
1.270
1.209
1.145
1.188
1.351
1.229
1.121
1.226
1.239
1.177
1.276
1.209
1.156
1.228
1.340
1.201
1.316
1.197
1.126
1.119
1.229
1.199
1.157
1.203
1.213
1.183
1.274
1.335
1.074
1.183
1.221
1.239
1.233
1.215
1.142
1.166
1.228
1.218
1.334
1.121
1.300
1.207
1.137
1.180
1.180
1.242
1.197
1.284
1.166
1.160
1.244
1.334
1.192
1.320
1.341
1.115
1.113
1.334
1.154
1.232
1.195
1.069
1.213
1.207
1.324
1.268
1.116
1.284
1.221
1.254
1.342
1.155
1.249
1.186
1.175
1.151
1.299
1.054
1.309
1.186
1.232
1.184
1.482
1.121
1.158
1.218
1.297
1.318
1.261
1.260
1.217
1.093
1.117
1.273
1.151
1.192
1.270
1.122
1.128
1.200
1.312
1.298
1.272
1.193
1.171
1.129
1.308
1.214
1.176
1.134
1.144
1.310
1.214
1.350
1.268
1.091
1.263
1.082
1.049
1.155
1.194
1.207
1.248
1.257
1.128
1.117
1.178
1.161
1.111
1.192
1.258
1.176
1.159
1.140
1.279
1.271
1.250
1.353
1.121
1.141
1.334
1.170
1.180
1.224
1.304
1.306
1.190
1.169
1.179
1.150
1.298
1.130
1.142
1.185
1.233
1.259
1.159
1.096
1.151
1.204
1.108
1.187
1.188
1.208
1.137
1.253
1.127
1.080
1.166
1.271
1.245
1.178
1.120
1.218
1.289
1.146
1.221
1.168
1.111
1.301
1.245
1.097
1.259
1.210
1.259
1.153
1.182
1.157
1.239
1.282
1.107
1.198
1.113
1.198
1.267
1.211
1.239
1.178
1.195
1.264
1.245
1.229
1.163
1.259
1.135
1.230
1.207
1.317
1.091
1.246
1.201
1.323
1.216
1.148
1.310
1.172
1.187
1.126
1.169
1.140
1.177
1.257
1.217
1.253
1.210
1.301
1.179
1.154
1.263
1.326
1.112
1.226
1.116
1.215
1.081
1.202
1.236
1.356
1.113
1.158
1.116
1.181
1.104
1.135
1.291
1.097
1.250
1.276
1.183
1.147
1.215
1.168
1.242
1.272
1.202
1.097
1.204
1.149
1.177
1.259
1.185
1.168
1.186
1.372
1.209
1.154
1.176
1.234
1.155
1.244
1.246
1.180
1.152
1.250
1.256
1.108
1.184
1.175
1.155
1.196
1.189
1.379
1.077
1.229
1.221
1.282
1.195
1.134
1.235
1.194
1.278
1.123
1.165
1.211
1.241
1.180
1.199
1.203
1.159
1.179
1.127
1.283
1.119
1.195
1.275
1.070
1.183
1.259
1.204
1.119
1.123
1.124
1.091
1.167
1.104
1.202
1.211
1.152
1.181
1.131
1.390
1.137
1.177
1.209
1.209
1.161
1.203
1.318
1.271
1.306
1.063
1.261
1.157
1.254
1.175
1.179
1.196
1.092
1.175
1.206
1.070
1.184
1.185
1.170
1.260
1.207
1.261
1.168
1.315
1.158
1.202
1.202
1.244
1.183
1.154
1.099
1.151
1.181
1.221
1.148
1.261
1.107
1.253
1.222
1.260
1.266
1.256
1.246
1.214
1.229
1.161
1.117
1.101
1.277
1.216
1.307
1.168
1.182
1.147
1.253
1.162
1.085
1.052
1.233
1.219
1.237
1.262
1.264
1.097
1.198
1.175
1.300
1.161
1.207
1.206
1.166
1.364
1.116
1.281
1.193
1.183
1.309
1.112
1.224
1.183
1.192
1.225
1.164
1.161
1.247
1.325
1.185
1.341
1.185
1.148
1.217
1.291
1.278
1.154
1.126
1.187
1.215
1.158
1.118
1.270
1.236
1.155
1.232
1.207
1.154
1.266
1.218
1.184
1.091
1.251
1.152
1.179
1.168
1.300
1.190
1.073
1.211
1.207
1.230
1.218
1.059
1.136
1.292
1.165
1.289
1.074
1.203
1.085
1.226
1.194
1.326
1.177
1.188
1.199
1.140
1.243
1.332
1.216
1.180
1.309
1.155
1.240
1.219
1.229
1.143
1.209
1.261
1.212
1.164
1.268
1.184
1.165
1.289
1.155
1.274
1.288
1.156
1.190
1.205
1.154
1.163
1.103
1.072
1.216
1.166
1.125
1.259
1.121
1.111
1.304
1.143
1.278
1.293
1.255
1.202
1.201
1.291
1.237
1.332
1.188
1.225
1.229
1.294
1.317
1.141
1.162
1.203
1.176
1.097
1.171
1.113
1.355
1.224
1.106
1.269
1.129
1.195
1.105
1.130
1.141
1.138
1.191
1.344
1.163
1.118
1.171
1.262
1.227
1.204
1.297
1.210
1.136
1.158
1.197
1.098
1.165
1.170
1.322
1.276
1.145
1.245
1.152
1.256
1.126
1.059
1.267
1.099
1.154
1.229
1.130
1.303
1.193
1.198
1.132
1.171
1.199
1.172
1.190
1.158
1.316
1.232
1.156
1.182
1.145
1.203
1.162
1.256
1.260
1.246
1.154
1.211
1.130
1.196
1.235
1.158
1.273
1.186
1.189
1.141
1.200
1.272
1.299
1.143
1.241
1.260
1.270
1.262
1.248
1.181
1.212
1.217
1.223
1.048
1.247
1.327
1.306
1.117
1.095
1.213
1.247
1.154
1.283
1.172
1.269
1.108
1.306
1.233
1.265
1.338
1.253
1.256
1.232
1.193
1.276
1.345
1.416
1.131
1.232
1.225
1.152
1.198
1.352
1.244
1.219
1.319
1.250
1.186
1.083
1.149
1.126
1.223
1.119
1.214
1.169
1.118
1.325
1.237
1.322
1.092
1.110
1.154
1.156
1.250
1.220
1.404
1.291
1.158
1.243
1.134
1.117
1.238
1.334
1.467
1.220
1.379
1.161
1.255
1.297
1.163
1.207
1.295
1.153
1.150
1.280
1.371
1.241
1.185
1.288
1.200
1.178
1.214
1.253
1.253
1.257
1.200
1.162
1.236
1.186
1.208
1.153
1.144
1.368
1.289
1.244
1.289
1.230
1.136
1.134
1.224
1.233
1.377
1.186
1.224
1.189
1.178
1.276
1.326
1.232
1.185
1.318
1.184
1.124
1.284
1.129
1.153
1.148
1.185
1.230
1.283
1.307
1.274
1.273
1.140
1.081
1.299
1.084
1.238
1.201
1.188
1.162
1.160
1.290
1.292
1.228
1.129
1.152
1.221
1.157
1.104
1.223
1.311
1.440
1.173
1.283
1.249
1.263
1.155
1.196
1.144
1.146
1.292
1.189
1.251
1.198
1.108
1.363
1.245
1.234
1.165
1.186
1.333
1.183
1.139
1.276
1.157
1.216
1.276
1.229
1.121
1.178
1.120
1.260
1.150
1.167
1.153
1.237
1.148
1.265
1.207
1.095
1.183
1.176
1.178
1.195
1.108
1.159
1.216
1.216
1.079
1.178
1.000
1.276
1.261
1.143
1.232
1.154
1.191
1.101
1.033
1.255
1.320
1.308
1.185
1.165
1.219
1.229
1.144
1.141
1.170
1.164
1.125
1.171
1.324
1.227
1.259
1.160
1.244
1.239
1.260
1.283
1.151
1.094
1.176
1.184
1.184
1.130
1.318
1.148
1.349
1.069
1.385
1.271
1.141
1.337
1.043
1.244
1.257
1.124
1.181
1.229
1.246
1.166
1.334
1.255
1.249
1.086
1.239
1.305
1.234
1.349
1.200
1.201
1.203
1.215
1.307
1.169
1.350
1.185
1.266
1.166
1.170
1.149
1.253
1.144
1.222
1.212
1.189
1.244
1.322
1.172
1.273
1.286
1.208
1.211
1.189
1.172
1.175
1.111
1.144
1.222
1.095
1.177
1.191
1.267
1.216
1.168
1.210
1.167
1.192
1.256
1.220
1.119
1.235
1.171
1.249
1.099
1.264
1.250
1.249
1.261
1.169
1.225
1.154
1.195
1.167
1.168
1.181
1.271
1.250
1.404
1.211
1.223
1.170
1.271
1.177
1.107
1.121
1.139
1.221
1.206
1.239
1.117
1.264
1.154
1.189
1.305
1.203
1.164
1.259
1.264
1.195
1.134
1.237
1.276
1.190
1.248
1.041
1.168
1.233
1.147
1.240
1.233
1.212
1.179
1.124
1.069
0.990
1.151
1.191
1.151
1.353
1.141
1.125
1.090
1.357
1.179
1.283
1.181
1.294
1.136
1.183
1.174
1.246
1.170
1.091
1.296
1.130
1.223
1.143
1.253
1.303
1.244
1.222
1.136
1.190
1.157
1.274
1.202
1.416
1.102
1.189
1.206
1.208
1.175
1.199
1.097
1.126
1.347
1.142
1.111
1.171
1.158
1.202
1.211
1.267
1.043
1.156
1.148
1.084
1.236
1.225
1.360
1.272
1.381
1.136
1.044
1.098
1.130
1.330
1.146
1.177
1.126
1.239
1.099
1.203
1.133
1.234
1.165
1.355
1.139
1.243
1.221
1.308
1.319
1.272
1.178
1.202
1.139
1.094
1.208
1.180
1.188
1.169
1.225
1.220
1.026
1.188
1.192
1.185
1.201
1.303
1.256
1.157
1.161
1.283
1.284
1.221
1.168
1.213
1.254
1.116
1.102
1.214
1.287
1.128
1.200
1.180
1.441
1.299
1.158
1.135
1.257
1.334
1.160
1.223
1.315
1.131
1.111
1.154
1.178
1.111
1.148
1.255
1.236
1.144
1.300
1.284
1.223
1.241
1.339
1.127
1.169
1.150
1.152
1.169
1.235
1.342
1.177
1.303
1.257
1.228
1.318
1.256
1.165
1.185
1.111
1.146
1.100
1.102
1.114
1.268
1.183
1.224
1.121
1.209
1.187
1.199
1.298
1.142
1.300
1.114
1.243
1.125
1.264
1.171
1.283
1.085
1.182
1.207
1.131
1.143
1.185
1.170
1.179
1.147
1.098
1.121
1.233
1.100
1.323
1.146
1.201
1.167
1.179
1.160
1.121
1.218
1.126
1.221
1.249
1.220
1.223
1.210
1.201
1.212
1.125
1.188
1.135
1.244
1.156
1.141
1.170
1.154
1.037
1.311
1.185
1.337
1.308
1.311
1.281
1.266
1.212
1.340
1.159
1.151
1.348
1.170
1.169
1.189
1.115
1.201
1.089
1.089
1.156
1.147
1.198
1.196
1.237
1.237
1.230
1.257
1.173
1.152
1.121
1.101
1.167
1.196
1.146
1.090
1.210
1.216
1.200
1.235
1.128
1.044
1.301
1.137
1.295
1.116
1.145
1.189
1.230
1.166
1.240
1.324
1.334
1.047
1.290
1.225
1.157
1.091
1.202
1.242
1.151
1.149
1.135
1.147
1.210
1.193
1.267
1.287
1.162
1.226
1.021
1.208
1.230
1.159
1.104
1.230
1.219
1.131
1.154
1.215
1.119
1.298
1.247
1.309
1.270
1.131
1.213
1.204
1.113
1.103
1.479
1.329
1.171
1.166
1.375
1.264
1.203
1.180
1.165
1.262
1.145
1.168
1.205
1.289
1.179
1.127
1.214
1.115
1.157
1.180
1.159
1.133
1.176
1.219
1.147
1.115
1.189
1.149
1.201
1.254
1.237
1.123
1.241
1.114
1.146
1.217
1.222
1.108
1.123
1.194
1.254
1.272
1.155
1.223
1.368
1.053
1.249
1.102
1.211
1.254
1.026
1.220
1.082
1.238
1.278
1.209
1.179
1.167
1.133
1.271
1.309
1.276
1.217
1.316
1.184
1.072
1.387
1.210
1.229
1.172
1.211
1.172
1.102
1.213
1.319
1.253
1.167
1.231
1.252
1.248
1.144
1.174
1.085
1.212
1.184
1.200
1.291
1.186
1.218
1.249
1.213
1.107
1.163
1.216
1.203
1.266
1.122
1.125
1.194
1.236
1.105
1.251
1.188
1.203
1.209
1.210
1.328
1.225
1.180
1.192
1.097
1.193
1.184
1.157
1.155
1.199
1.201
1.108
1.159
1.057
1.255
1.188
1.217
1.145
1.176
1.179
1.188
1.183
1.152
1.208
1.303
1.086
1.152
1.113
1.108
1.146
1.307
1.260
1.382
1.056
1.165
1.145
1.307
1.209
1.177
1.218
1.192
1.268
1.195
1.174
1.178
1.118
1.220
1.200
1.192
1.158
1.189
1.240
1.208
1.291
1.192
1.194
1.133
1.186
1.153
1.271
1.190
1.106
1.270
1.209
1.244
1.302
1.202
1.162
1.220
1.261
1.069
1.162
1.160
1.245
1.112
1.248
1.042
1.082
1.361
1.250
1.298
1.135
1.081
1.191
1.120
1.071
1.155
1.175
1.172
1.139
1.259
1.163
1.167
1.213
1.215
1.130
1.333
1.288
1.161
1.227
1.343
1.178
1.185
1.110
1.191
1.277
1.104
1.237
1.131
1.091
1.218
1.205
1.151
1.154
1.148
1.180
1.144
1.182
1.312
1.261
1.241
1.221
1.146
1.267
1.208
1.156
1.122
1.241
1.249
1.217
1.077
1.183
1.237
1.180
1.239
1.304
1.151
1.191
1.170
1.231
1.253
1.327
1.243
1.141
1.299
1.149
1.183
1.233
1.173
1.213
1.105
1.188
1.226
1.142
1.216
1.120
1.080
1.276
1.295
1.132
1.047
1.225
1.201
1.217
1.251
1.326
1.376
1.261
1.332
1.226
1.149
1.238
1.308
1.168
1.299
1.115
1.317
1.179
1.161
1.145
1.200
1.230
1.177
1.259
1.110
1.080
1.210
1.204
1.227
1.141
1.265
1.147
1.210
1.144
1.256
1.188
1.114
1.348
1.245
1.201
1.210
1.112
1.190
1.242
1.095
1.161
1.255
1.230
1.194
1.243
1.246
1.152
1.127
1.198
1.305
1.173
1.152
1.193
1.107
1.132
1.200
1.144
1.134
1.258
1.293
1.163
1.230
1.090
1.236
1.221
1.327
1.169
1.127
1.179
1.198
1.175
1.255
1.090
1.181
1.153
1.161
1.240
1.251
1.154
1.232
1.379
1.136
1.204
1.111
1.378
1.129
1.215
1.208
1.169
1.093
1.138
1.092
1.149
1.152
1.244
1.191
1.153
1.234
1.158
1.120
1.044
1.228
1.196
1.196
1.156
1.294
1.221
1.342
1.219
1.132
1.290
1.232
1.203
1.177
1.258
1.157
1.174
1.309
1.280
1.232
1.263
1.127
1.210
1.259
1.198
1.140
1.171
1.234
1.199
1.273
1.188
1.195
1.369
1.160
1.234
1.184
1.246
1.183
1.186
1.306
1.385
1.292
1.533
1.187
1.329
1.249
1.124
1.364
1.313
1.310
1.080
1.358
1.183
1.252
1.246
1.177
1.300
1.171
1.267
1.137
1.184
1.489
1.312
1.187
1.391
1.240
1.102
1.279
1.129
1.295
1.288
1.353
1.135
1.121
1.203
1.222
1.206
1.248
1.206
1.180
1.333
1.069
1.105
1.176
1.154
1.200
1.255
1.223
1.252
1.105
1.057
1.118
1.233
1.228
1.138
1.323
1.149
1.297
1.202
1.240
1.309
1.128
1.248
1.214
1.158
1.206
1.197
1.219
1.081
1.308
1.301
1.201
1.130
1.140
1.152
1.262
1.216
1.251
1.186
1.197
1.133
1.145
1.232
1.117
1.276
1.149
1.178
1.090
1.336
1.196
1.218
1.176
1.304
1.151
1.376
1.259
1.267
1.192
1.312
1.150
1.110
1.196
1.130
1.077
1.224
1.181
1.142
1.217
1.211
1.286
1.323
1.184
1.104
1.156
1.126
1.194
1.095
1.189
1.205
1.161
1.235
1.153
1.169
1.128
1.250
1.203
1.307
1.177
1.147
1.176
1.357
1.246
1.187
1.254
1.271
1.261
1.303
1.159
1.111
1.137
1.271
1.209
1.151
1.302
1.179
1.096
1.131
1.217
1.191
1.181
1.188
1.191
1.201
1.320
1.135
1.145
1.112
1.276
1.081
1.203
1.303
1.209
1.191
1.215
1.278
1.240
1.112
1.224
1.177
1.262
1.154
1.077
1.240
1.294
1.243
1.200
1.354
1.148
1.206
1.139
1.169
1.276
1.108
1.076
1.226
1.235
1.161
1.129
1.112
1.072
1.282
1.112
1.142
1.150
1.321
1.219
1.267
1.278
1.286
1.185
1.102
1.243
1.239
1.235
1.263
1.262
1.170
1.311
1.207
1.225
1.178
1.172
1.335
1.114
1.277
1.129
1.197
1.165
1.215
1.086
1.230
1.319
1.139
1.309
1.132
1.155
1.254
1.148
1.227
1.289
1.197
1.119
1.184
1.189
1.115
1.229
1.272
1.243
1.227
1.206
1.146
1.238
1.173
1.154
1.211
1.371
1.186
1.304
1.126
1.177
1.230
1.295
1.210
1.215
1.251
1.150
1.193
1.123
1.220
1.250
1.250
1.379
1.154
1.128
1.216
1.136
1.256
1.196
1.183
1.118
1.210
1.233
1.182
1.224
1.085
1.227
1.250
1.182
1.243
1.237
1.332
1.191
1.292
1.176
1.231
1.126
1.283
1.214
1.203
1.205
1.086
1.188
1.154
1.190
1.120
1.123
1.166
1.124
1.240
1.292
1.223
1.148
1.251
1.235
1.108
1.118
1.183
1.181
1.171
1.167
1.194
1.149
1.263
1.227
1.280
1.247
1.169
1.251
1.208
1.182
1.287
1.188
1.269
1.175
1.187
1.204
1.414
1.232
1.107
1.320
1.217
1.172
1.174
1.213
1.267
1.187
1.319
1.359
1.364
1.205
1.150
1.035
1.264
1.190
1.221
1.159
1.179
1.169
1.273
1.162
1.211
1.137
1.298
1.139
1.267
1.279
1.164
1.325
1.259
1.059
1.249
1.206
1.250
1.317
1.268
1.196
1.124
1.151
1.066
1.164
1.226
1.238
1.170
1.096
1.291
1.100
1.129
1.139
1.106
1.263
1.037
1.242
1.208
1.199
1.122
1.035
1.203
1.274
1.086
1.149
1.232
1.169
1.143
1.154
1.148
1.175
1.136
1.255
1.154
1.186
1.242
1.162
1.242
1.208
1.128
1.187
1.098
1.279
1.093
1.150
1.136
1.358
1.205
1.083
1.209
1.186
1.318
1.226
1.249
1.304
1.187
1.235
1.194
1.216
1.130
1.231
1.104
1.180
1.060
1.170
1.191
1.205
1.283
1.090
1.163
1.127
1.229
1.174
1.172
1.252
1.194
1.115
1.160
1.227
1.272
1.134
1.099
1.186
1.161
1.212
1.114
1.094
1.171
1.137
1.139
1.192
1.318
1.164
1.146
1.257
1.152
1.241
1.243
1.191
1.223
1.382
1.237
1.151
1.074
1.095
1.119
1.177
1.299
1.197
1.190
1.187
1.268
1.237
1.171
1.303
1.194
1.161
1.310
1.164
1.196
1.227
1.168
1.147
1.178
1.156
1.211
1.251
1.206
1.210
1.308
1.201
1.183
1.161
1.184
1.272
1.170
1.212
1.218
1.195
1.227
1.168
1.245
1.186
1.271
1.162
1.113
1.168
1.153
1.371
1.186
1.139
1.156
1.208
1.157
1.165
1.220
1.158
1.352
1.259
1.246
1.214
1.111
1.131
1.171
1.206
1.233
1.172
1.178
1.197
1.070
1.270
1.140
1.184
1.155
1.280
1.266
1.160
1.351
1.103
1.100
1.091
1.133
1.217
1.211
1.162
1.208
1.156
1.216
1.141
1.224
1.148
1.162
1.141
1.150
1.133
1.159
1.087
1.116
1.248
1.149
1.135
1.192
1.168
1.246
1.180
1.232
1.194
1.079
1.258
1.213
1.196
1.256
1.122
1.158
1.220
1.232
1.150
1.196
1.298
1.116
1.100
1.234
1.113
1.128
1.251
1.107
1.214
1.176
1.205
1.213
1.182
1.180
1.247
1.346
1.080
1.236
1.224
1.169
1.183
1.195
1.104
1.138
1.224
1.276
1.202
1.266
1.187
1.098
1.108
1.166
1.250
1.195
1.145
1.112
1.263
1.219
1.130
1.131
1.103
1.184
1.157
1.178
1.245
1.207
1.205
1.132
1.385
1.243
1.238
1.122
1.314
1.297
1.249
1.156
1.188
1.122
1.231
1.224
1.166
1.332
1.086
1.187
1.279
1.143
1.288
1.148
1.254
1.253
1.035
1.258
1.177
1.154
1.198
1.144
1.204
1.190
1.225
1.116
1.296
1.235
1.217
1.229
1.168
1.283
1.130
1.208
1.291
1.248
1.216
1.134
1.115
1.216
1.181
1.227
1.121
1.116
1.169
1.141
1.174
1.251
1.234
1.268
1.179
1.225
1.254
1.274
1.145
1.244
1.160
1.285
1.095
1.223
1.114
1.079
1.142
1.187
1.206
1.173
1.118
1.201
1.240
1.199
1.168
1.141
1.198
1.241
1.220
1.053
1.213
1.184
1.210
1.197
1.209
1.227
1.169
1.162
1.292
1.123
1.300
1.136
1.129
1.249
1.248
1.230
1.236
1.266
1.237
1.249
1.195
1.287
1.182
1.291
1.094
1.089
1.143
1.253
1.197
1.243
1.271
1.187
1.140
1.146
1.199
1.237
1.256
1.213
1.187
1.302
1.133
1.122
1.044
1.230
1.166
1.167
1.238
1.184
1.214
1.237
1.152
1.161
1.241
1.093
1.154
1.205
1.116
1.108
1.219
1.253
1.228
1.111
1.143
1.307
1.157
1.293
1.200
1.274
1.196
1.170
1.320
1.269
1.179
1.238
1.259
1.209
1.157
1.089
1.240
1.239
1.212
1.268
1.323
1.123
1.362
1.206
1.124
1.308
1.243
1.213
1.181
1.176
1.235
1.153
1.261
1.195
1.178
1.249
1.365
1.227
1.304
1.264
1.219
1.158
1.189
1.071
1.220
1.188
1.158
1.182
1.193
1.139
1.196
1.140
1.252
1.182
1.189
1.224
1.143
1.271
1.308
1.177
1.241
1.154
1.170
1.285
1.254
1.209
1.052
1.107
1.168
1.133
1.112
1.234
1.317
1.282
1.190
1.160
1.136
1.144
1.247
1.241
1.172
1.290
1.180
1.282
1.210
1.075
1.113
1.157
1.189
1.236
1.204
1.138
1.194
1.130
1.253
1.255
1.233
1.139
1.318
1.307
1.130
1.208
1.147
1.224
1.259
1.236
1.299
1.164
1.213
1.235
1.191
1.327
1.124
1.126
1.097
1.161
1.172
1.117
1.142
1.226
1.112
1.223
1.209
1.099
1.154
1.315
1.062
1.181
1.146
1.088
1.355
1.226
1.061
1.215
1.192
1.181
1.071
1.064
1.204
1.177
1.232
1.204
1.336
1.291
1.180
1.241
1.128
1.339
1.273
1.223
1.316
1.275
1.293
1.203
1.241
1.091
1.096
1.226
1.186
1.244
1.167
1.194
1.121
1.117
1.338
1.158
1.141
1.163
1.121
1.247
1.164
1.080
1.200
1.048
1.152
1.236
1.181
1.224
1.192
1.230
1.103
1.226
1.237
1.220
1.189
1.279
1.128
1.189
1.226
1.190
1.119
1.215
1.155
1.203
1.307
1.168
1.174
1.393
1.250
1.112
1.284
1.264
1.175
1.188
1.201
1.061
1.179
1.165
1.164
1.232
1.120
1.241
1.247
1.285
1.147
1.344
1.331
1.177
1.142
1.187
1.217
1.203
1.189
1.191
1.181
1.175
1.215
1.185
1.170
1.086
1.196
1.151
1.251
1.182
1.131
1.246
1.326
1.257
1.273
1.190
1.185
1.358
1.075
1.227
1.151
1.189
1.246
1.177
1.162
1.188
1.230
1.076
1.281
1.099
1.206
1.214
1.205
1.166
1.170
1.147
1.287
1.268
1.257
1.338
1.134
1.132
1.225
1.272
1.210
1.197
1.178
1.202
1.124
1.184
1.223
1.303
1.224
1.242
1.211
1.204
1.144
1.153
1.168
1.172
1.298
1.078
1.176
1.184
1.176
1.240
1.228
1.098
1.248
1.166
1.205
1.040
1.277
1.186
1.126
1.272
1.145
1.222
1.205
1.189
1.137
1.192
1.059
1.219
1.189
1.261
1.173
1.207
1.133
1.051
1.253
1.170
1.248
1.205
1.254
1.108
1.136
1.250
1.256
1.227
1.279
1.272
1.240
1.218
1.241
1.169
1.228
1.336
1.141
1.213
1.073
1.142
1.145
1.243
1.164
1.336
1.283
1.248
1.119
1.167
1.206
1.164
1.116
1.165
1.121
1.206
1.134
1.214
1.237
1.231
1.188
1.172
1.150
1.193
1.178
1.103
1.275
1.221
1.276
1.192
1.207
1.079
1.198
1.240
1.156
1.292
1.254
1.239
1.155
1.247
1.286
1.050
1.195
1.266
1.282
1.300
1.217
1.122
1.308
1.377
1.235
1.198
1.138
1.184
1.161
1.172
1.152
1.193
1.100
1.133
1.101
1.192
1.202
1.226
1.265
1.226
1.191
1.098
1.136
1.187
1.089
1.177
1.336
1.133
1.019
1.187
1.144
1.132
1.149
1.143
1.274
1.279
1.250
1.216
1.332
1.221
1.142
1.039
1.219
1.238
1.267
1.124
1.150
1.163
1.161
1.209
1.236
1.277
1.075
1.179
1.120
1.260
1.168
1.187
1.313
1.208
1.289
1.209
1.346
1.258
1.079
1.158
1.235
1.156
1.150
1.098
1.209
1.162
1.195
1.239
1.170
1.080
1.262
1.099
1.228
1.276
1.134
1.160
1.197
1.251
1.228
1.248
1.114
1.129
1.232
1.262
1.142
1.229
1.300
1.304
1.283
1.292
1.247
1.246
1.083
1.159
1.170
1.196
1.188
1.129
1.222
1.219
1.129
1.243
1.290
1.148
1.211
1.078
1.195
1.138
1.321
1.148
1.121
1.180
1.194
1.135
1.266
1.200
1.145
1.142
1.115
1.225
1.127
1.186
1.183
1.215
1.274
1.048
1.267
1.354
1.337
1.113
1.185
1.207
1.215
1.206
1.221
1.279
1.244
1.350
1.179
1.185
1.209
1.126
1.128
1.196
1.219
1.321
1.166
1.132
1.257
1.263
1.150
1.169
1.116
1.212
1.192
1.124
1.230
1.204
1.187
1.152
1.237
1.337
1.178
1.173
1.173
1.265
1.117
1.269
1.130
1.158
1.196
1.199
1.229
1.154
1.161
1.078
1.235
1.168
1.184
1.084
1.190
1.157
1.311
1.357
1.152
1.255
1.066
1.138
1.136
1.235
1.098
1.075
1.154
1.193
1.121
1.150
1.211
1.147
1.234
1.103
1.188
1.182
1.163
1.315
1.144
1.156
1.310
1.149
1.306
1.211
1.109
1.206
1.135
1.393
1.124
1.133
1.303
1.171
1.163
1.142
1.020
1.206
1.236
1.126
1.277
1.191
1.155
1.224
1.246
1.040
1.249
1.194
1.111
1.197
1.242
1.158
1.178
1.252
1.254
1.090
1.220
1.263
1.190
1.183
1.277
1.176
1.186
1.115
1.194
1.111
1.134
1.198
1.275
1.184
1.179
1.262
1.175
1.245
1.268
1.228
1.266
1.254
1.162
1.170
1.134
1.143
1.175
1.229
1.208
1.254
1.236
1.261
1.224
1.091
1.225
1.225
1.417
1.147
1.211
1.103
1.220
1.200
1.045
1.250
1.201
1.144
1.126
1.107
1.229
1.253
1.314
1.311
1.137
1.129
1.194
1.102
1.082
1.164
1.185
1.040
1.186
1.294
1.211
1.154
1.236
1.217
1.142
1.115
1.339
1.204
1.166
1.252
1.110
1.203
1.314
1.192
1.294
1.228
1.139
1.162
1.280
1.163
1.156
1.226
1.131
1.252
1.125
1.204
1.233
1.245
1.216
1.146
1.094
1.084
1.256
1.233
1.193
1.339
1.256
1.092
1.171
1.198
1.342
1.202
1.186
1.147
1.220
1.180
1.204
1.166
1.223
1.332
1.163
1.272
1.070
1.066
1.158
1.235
1.262
1.201
1.120
1.335
1.239
1.244
1.241
1.155
1.231
1.072
1.083
1.205
1.071
1.231
1.259
1.223
1.177
1.133
1.294
1.252
1.182
1.245
1.126
1.317
1.229
1.218
1.293
1.213
1.225
1.145
1.120
1.168
1.173
1.121
1.287
1.196
1.223
1.112
1.158
1.145
1.180
1.364
1.226
1.180
1.221
1.232
1.173
1.207
1.243
1.135
1.152
1.183
1.228
1.132
1.003
1.073
1.196
1.205
1.116
1.160
1.285
1.239
1.228
1.244
1.157
1.202
1.228
1.083
1.208
1.148
1.190
1.104
1.243
1.048
1.057
1.270
1.185
1.223
1.301
1.208
1.119
1.204
1.215
1.191
1.301
1.295
1.285
1.385
1.095
1.116
1.355
1.184
1.259
1.191
1.199
1.153
1.196
1.123
1.182
1.298
1.178
1.245
1.124
1.188
1.243
1.117
1.199
1.221
1.254
1.186
1.149
1.295
1.138
1.109
1.273
1.209
1.104
1.108
1.271
1.287
1.161
1.275
1.160
1.337
1.272
1.167
1.074
1.161
1.193
1.143
1.215
1.257
1.167
1.217
1.083
1.221
1.089
1.243
1.362
1.220
1.182
1.242
1.261
1.231
1.185
1.165
1.167
1.226
1.049
1.265
1.213
1.107
1.148
1.303
1.124
1.141
1.161
1.139
1.108
1.077
1.264
1.244
1.360
1.302
1.289
1.313
1.340
1.169
1.144
1.206
1.280
1.211
1.207
1.273
1.220
1.185
1.199
1.085
1.126
1.261
1.272
1.272
1.224
1.337
1.137
1.163
1.207
1.112
1.136
1.186
1.137
1.161
1.250
1.176
1.326
1.220
1.123
1.225
1.171
1.161
1.228
1.230
1.099
1.181
1.149
1.389
1.286
1.281
1.129
1.139
1.132
1.171
1.252
1.299
1.204
1.229
1.258
1.083
1.140
1.337
1.194
1.253
1.135
1.120
1.122
1.276
1.123
1.216
1.220
1.305
1.219
1.351
1.199
1.158
1.325
1.173
1.357
1.114
1.242
1.205
1.146
1.117
1.266
1.180
1.259
1.208
1.146
1.225
1.240
1.189
1.165
1.227
1.156
1.249
1.120
1.170
1.156
1.264
1.125
1.239
1.182
1.183
1.270
1.101
1.041
1.178
1.265
1.367
1.250
1.144
1.150
1.298
1.267
1.280
1.234
1.159
1.276
1.214
1.177
1.150
1.207
1.127
1.224
1.193
1.186
1.149
1.130
1.125
1.223
1.298
1.234
1.287
1.171
1.162
1.186
1.260
1.329
1.168
1.166
1.156
1.117
1.219
1.067
1.239
1.148
1.152
1.069
1.180
1.052
1.148
1.216
1.332
1.150
1.187
1.097
1.329
1.203
1.225
1.139
1.330
1.222
1.266
1.061
1.159
1.257
1.061
1.252
1.136
1.170
1.200
1.148
1.134
1.253
1.101
1.201
1.274
1.219
1.125
1.102
1.199
1.150
1.274
1.141
1.114
1.086
1.133
1.208
1.185
1.177
1.203
1.135
1.179
1.335
1.252
1.105
1.204
1.129
1.130
1.270
1.261
1.210
1.218
1.220
1.163
1.280
1.072
1.164
1.240
1.241
1.235
1.064
1.205
1.179
1.077
1.178
1.199
1.275
1.190
1.273
1.290
1.268
1.215
1.227
1.061
1.215
1.124
1.118
1.268
1.203
1.131
1.177
1.154
1.271
1.164
1.146
1.116
1.211
1.146
1.123
1.174
1.414
1.234
1.137
1.199
1.201
1.155
1.243
1.164
1.153
1.171
1.174
1.221
1.217
1.161
1.241
1.120
1.262
1.373
1.232
1.098
1.127
1.122
1.281
1.156
1.255
1.080
1.259
1.112
1.256
1.218
1.083
1.258
1.222
1.171
1.162
1.224
1.167
1.321
1.260
1.115
1.080
1.190
1.279
1.218
1.336
1.372
1.164
1.139
1.139
1.148
1.164
1.163
1.203
1.300
1.210
1.153
1.216
1.209
1.234
1.095
1.292
1.229
1.219
1.234
1.195
1.131
1.188
1.139
1.230
1.211
1.199
1.099
1.153
1.123
1.146
1.150
1.209
1.276
1.081
1.276
1.337
1.108
1.169
1.161
1.276
1.238
1.120
1.381
1.204
1.176
1.264
1.091
1.237
1.215
1.106
1.089
1.112
1.116
1.163
1.102
1.177
1.070
1.112
1.338
1.349
1.290
1.189
1.209
1.358
1.187
1.182
1.137
1.171
1.251
1.203
1.187
1.185
1.290
1.206
1.208
1.150
1.233
1.155
1.166
1.228
1.128
1.229
1.186
1.083
1.142
1.219
1.136
1.167
1.326
1.222
1.171
1.169
1.116
1.297
1.165
1.151
1.093
1.247
1.135
1.134
1.152
1.171
1.239
1.155
1.120
1.257
1.151
1.183
1.153
1.153
1.218
1.283
1.075
1.171
1.349
1.236
1.301
1.291
1.162
1.130
1.141
1.130
1.188
1.311
1.131
1.202
1.230
1.162
1.176
1.239
1.153
1.130
1.225
1.200
1.169
1.186
1.211
1.296
1.219
1.194
1.210
1.278
1.168
1.082
1.127
1.130
1.215
1.112
1.250
1.169
1.319
1.169
1.122
1.189
1.228
1.132
1.050
1.274
1.237
1.245
1.255
1.361
1.166
1.233
1.194
1.182
1.173
1.099
1.104
1.348
1.218
1.084
1.170
1.311
1.296
1.213
1.116
1.120
1.245
1.223
1.106
1.147
1.330
1.161
1.252
1.317
1.232
1.177
1.224
1.248
1.237
1.254
1.258
1.119
1.110
1.138
1.197
1.139
1.140
1.154
1.295
1.160
1.143
1.235
1.188
1.212
1.226
1.065
1.080
1.270
1.277
1.173
1.131
1.165
1.197
1.199
1.250
1.180
1.178
1.096
1.256
1.097
1.147
1.383
1.317
1.151
1.404
1.277
1.296
1.265
1.203
1.087
1.235
1.103
1.091
1.231
1.306
1.243
1.214
1.161
1.371
1.195
1.233
1.276
1.160
1.123
1.218
1.113
1.117
1.102
1.168
1.220
1.164
1.253
1.199
1.116
1.104
1.287
1.249
1.127
1.155
1.252
1.142
1.311
1.162
1.243
1.162
1.177
1.254
1.109
1.031
1.165
1.274
1.242
1.313
1.282
1.126
1.290
1.367
1.285
1.227
1.391
1.252
1.116
1.070
1.224
1.210
1.139
1.351
1.206
1.162
1.169
1.086
1.305
1.210
1.138
1.156
1.270
1.219
1.237
1.079
1.120
1.150
1.289
1.171
1.152
1.174
1.178
1.210
1.249
1.101
1.240
1.337
1.189
1.348
1.044
1.171
1.148
1.191
1.300
1.140
1.243
1.181
1.150
1.165
1.157
1.148
1.144
1.233
1.156
1.133
1.224
1.274
1.146
1.215
1.065
1.166
1.157
1.162
1.185
1.136
1.039
1.294
1.114
1.161
1.196
1.215
1.174
1.103
1.126
1.238
1.218
1.248
1.186
1.278
1.294
1.303
1.112
1.114
1.143
1.219
1.273
1.071
1.161
1.253
1.168
1.266
1.266
1.356
1.204
1.241
1.170
1.229
1.217
1.246
1.353
1.143
1.241
1.261
1.258
1.252
1.174
1.255
1.157
1.220
1.131
1.133
1.115
1.249
1.226
1.115
1.132
1.174
1.069
1.215
1.108
1.214
1.166
1.195
1.218
1.184
1.081
1.041
1.118
1.122
1.201
1.123
1.250
1.261
1.282
1.195
1.150
1.266
1.072
1.247
1.221
1.158
1.175
1.132
1.147
1.204
1.201
1.178
1.166
1.189
1.151
1.312
1.129
1.225
1.257
1.133
1.399
1.284
1.319
1.137
1.280
1.213
1.276
1.162
1.258
1.185
1.252
1.324
1.210
1.369
1.198
1.345
1.232
1.162
1.200
1.171
1.267
1.082
1.163
1.329
1.131
1.265
1.315
1.208
1.142
1.152
1.284
1.131
1.251
1.218
1.370
1.154
1.160
1.144
1.099
1.035
1.263
1.181
1.233
1.121
1.273
1.173
1.204
1.236
1.211
1.236
1.212
1.293
1.230
1.156
1.238
1.344
1.327
1.185
1.157
1.166
1.304
1.186
1.245
1.372
1.104
1.182
1.135
1.185
1.303
1.196
1.216
1.379
1.284
1.223
1.192
1.176
1.315
1.302
1.080
1.069
1.190
1.023
1.210
1.139
1.137
1.216
1.091
1.213
1.370
1.236
1.114
1.193
1.199
1.354
1.231
1.175
1.139
1.180
1.245
1.257
1.182
1.219
1.195
1.318
1.263
1.198
1.151
1.311
1.100
1.293
1.203
1.344
1.242
1.190
1.205
1.208
1.338
1.021
1.148
1.165
1.201
1.253
1.243
1.093
1.189
1.149
1.212
1.273
1.342
1.202
1.280
1.226
1.327
1.159
1.183
1.287
1.167
1.108
1.092
1.105
1.147
1.227
1.186
1.264
1.228
1.174
1.210
1.243
1.127
1.283
1.237
1.185
1.247
1.262
1.133
1.170
1.220
1.080
1.175
1.219
1.125
1.100
1.219
1.177
1.231
1.318
1.117
1.061
1.213
1.281
1.265
1.335
1.093
1.319
1.159
1.124
1.279
1.264
1.148
1.195
1.238
1.115
1.164
1.136
1.221
1.231
1.144
1.176
1.185
1.162
1.211
1.169
1.183
1.197
1.179
1.118
1.196
1.299
1.134
1.074
1.168
1.206
1.252
1.284
1.118
1.160
1.181
1.136
1.144
1.203
1.229
1.099
1.297
1.271
1.172
1.172
1.140
1.155
1.195
1.121
1.222
1.283
1.056
1.332
1.047
1.071
1.202
1.231
1.158
1.173
1.172
1.225
1.345
1.131
1.109
1.214
1.157
1.212
1.187
1.320
1.336
1.284
1.157
1.105
1.109
1.214
1.321
1.247
1.127
1.183
1.193
1.126
1.231
1.196
1.200
1.268
1.229
1.159
1.267
1.317
1.162
1.171
1.315
1.214
1.108
1.226
1.132
1.115
1.249
1.232
1.131
1.245
1.236
1.229
1.225
1.147
1.151
1.182
1.249
1.113
1.198
1.134
1.146
1.177
1.168
1.253
1.234
1.163
1.262
1.170
1.146
1.124
1.209
1.253
1.200
1.196
1.044
1.240
1.191
1.173
1.275
1.079
1.079
1.206
1.349
1.152
1.174
1.216
1.088
1.216
1.178
1.258
1.165
1.273
1.286
1.371
1.276
1.165
1.229
1.061
1.257
1.213
1.233
1.214
1.231
1.240
1.192
1.190
1.214
1.143
1.249
1.184
1.279
1.284
1.222
1.227
1.226
1.260
1.101
1.127
1.221
1.110
1.226
1.192
1.200
1.131
1.289
1.171
1.197
1.213
1.189
1.170
1.414
1.117
1.147
1.193
1.170
1.158
1.159
1.085
1.155
1.171
1.194
1.180
1.163
1.215
1.214
1.188
1.112
1.178
1.206
1.210
1.176
1.238
1.177
1.189
1.133
1.121
1.103
1.248
1.241
1.176
1.073
1.147
1.172
1.253
1.154
1.196
1.196
1.149
1.193
1.214
1.212
1.072
1.292
1.234
1.228
1.138
1.183
1.249
1.272
1.265
1.180
1.128
1.218
1.110
1.212
1.247
1.324
1.130
1.116
1.131
1.248
1.206
1.180
1.144
1.305
1.250
1.165
1.262
1.158
1.122
1.245
1.213
1.242
1.074
1.306
1.322
1.288
1.340
1.280
1.149
1.272
1.191
1.314
1.147
1.168
1.254
1.240
1.152
1.190
1.183
1.222
1.190
1.230
1.236
1.145
1.163
1.111
1.249
1.101
1.164
1.092
1.191
1.199
1.310
1.141
1.305
1.285
1.248
1.171
1.184
1.131
1.182
1.093
1.071
1.176
1.189
1.112
1.300
1.140
1.193
1.228
1.168
1.117
1.256
1.053
1.454
1.187
1.205
1.116
1.158
1.108
1.214
1.161
1.202
1.145
1.205
1.174
1.272
1.205
1.230
1.187
1.180
1.285
1.148
1.129
1.209
1.189
1.208
1.135
1.150
1.177
1.236
1.218
1.177
1.174
1.168
1.175
1.063
1.286
1.203
1.187
1.267
1.107
1.163
1.239
1.181
1.194
1.155
1.267
1.196
1.311
1.319
1.255
1.295
1.130
1.203
1.112
1.210
1.256
1.158
1.111
1.251
1.232
1.256
1.174
1.179
1.142
1.095
1.204
1.158
1.409
1.115
1.262
1.283
1.228
1.128
1.159
1.154
1.279
1.248
1.184
1.098
1.119
1.131
1.185
1.191
1.110
1.290
1.180
1.215
1.284
1.205
1.171
1.171
1.358
1.239
1.214
1.271
1.161
1.310
1.337
1.163
1.282
1.275
1.151
1.368
1.245
1.184
1.325
1.240
1.249
1.225
1.172
1.249
1.138
1.295
1.220
1.278
1.181
1.302
1.233
1.245
1.200
1.149
1.072
1.208
1.140
1.157
1.059
1.295
1.170
1.146
1.134
1.186
1.223
1.117
1.176
1.094
1.183
1.269
1.199
1.222
1.298
1.132
1.329
1.434
1.276
1.135
1.190
1.227
1.370
1.152
1.264
1.248
1.227
1.256
1.187
1.307
1.148
1.167
1.145
1.207
1.246
1.240
1.265
1.324
1.151
1.215
1.187
1.234
1.131
1.107
1.220
1.275
1.250
1.172
1.296
1.184
1.222
1.178
1.221
1.236
1.195
1.140
1.226
1.254
1.262
1.199
1.134
1.121
1.310
1.067
1.188
1.188
1.241
1.208
1.136
1.297
1.197
1.184
1.135
1.193
1.095
1.245
1.200
1.159
1.233
1.219
1.168
1.251
1.084
1.274
1.188
1.179
1.206
1.270
1.216
1.163
1.193
1.326
1.280
1.331
1.199
1.220
1.213
1.238
1.127
1.218
1.137
1.168
1.205
1.047
1.123
1.197
1.221
1.156
1.159
1.273
1.199
1.238
1.203
1.210
1.146
1.166
1.193
1.194
1.232
1.067
1.204
1.275
1.283
1.220
1.201
1.275
1.174
1.134
1.183
1.152
1.188
1.271
1.123
1.240
1.280
1.335
1.145
1.178
1.256
1.332
1.369
1.281
1.207
1.143
1.175
1.089
1.176
1.198
1.168
1.187
1.179
1.322
1.114
1.122
1.239
1.151
1.172
1.104
1.302
1.272
1.328
1.273
1.144
1.211
1.182
1.329
1.178
1.220
1.284
1.162
1.310
1.176
1.186
1.187
1.307
1.146
1.116
1.192
1.182
1.115
1.349
1.139
1.260
1.176
1.276
1.251
1.185
1.100
1.191
1.211
1.209
1.174
1.210
1.292
1.121
1.184
1.248
1.249
1.250
1.211
1.131
1.170
1.326
1.123
1.138
1.115
1.257
1.169
1.233
1.204
1.200
1.272
1.246
1.321
1.178
1.194
1.189
1.191
1.297
1.192
1.277
1.231
1.163
1.250
1.215
1.211
1.257
1.195
1.225
1.326
1.253
1.109
1.322
1.106
1.281
1.285
1.146
1.224
1.224
1.197
1.150
1.095
1.283
1.216
1.178
1.065
1.119
1.211
1.231
1.163
1.139
1.252
1.143
1.277
1.234
1.140
1.107
1.207
1.175
1.196
1.180
1.162
1.186
1.325
1.156
1.202
1.263
1.155
1.204
1.313
1.188
1.086
1.244
1.167
1.171
1.168
1.205
1.211
1.218
1.155
1.169
1.222
1.073
1.210
1.280
1.151
1.134
1.208
1.236
1.214
1.113
1.289
1.151
1.383
1.216
1.180
1.258
1.324
1.136
1.293
1.124
1.218
1.203
1.265
1.202
1.136
1.202
1.137
1.341
1.138
1.308
1.271
1.189
1.298
1.138
1.239
1.089
1.235
1.189
1.276
1.100
1.126
1.147
1.085
1.273
1.136
1.049
1.144
1.133
1.163
1.146
1.188
1.181
1.204
1.304
1.203
1.185
1.095
1.202
1.097
1.237
1.210
1.264
1.227
1.187
1.161
1.260
1.226
1.238
1.140
1.210
1.127
1.228
1.290
1.140
1.232
1.284
1.225
1.262
1.270
1.153
1.209
1.285
1.187
1.013
1.123
1.219
1.050
1.237
1.245
1.197
1.142
1.264
1.179
1.234
1.145
1.134
1.245
1.316
1.200
1.234
1.110
1.214
1.113
1.268
1.262
1.177
1.205
1.321
1.105
1.280
1.206
1.358
1.154
1.300
1.280
1.232
1.145
1.210
1.215
1.097
1.233
1.148
1.182
1.201
1.051
1.172
1.223
1.169
1.210
1.140
1.246
1.193
1.267
1.227
1.192
1.161
1.135
1.207
1.306
1.163
1.217
1.159
1.128
1.217
1.370
1.225
1.195
1.194
1.130
1.325
1.074
1.109
1.183
1.142
1.204
1.150
1.161
1.146
1.160
1.304
1.103
1.080
1.241
1.197
1.262
1.129
1.250
1.254
1.170
1.136
1.248
1.232
1.188
1.180
1.231
1.305
1.183
1.144
1.205
1.154
1.122
1.220
1.202
1.322
1.194
1.264
1.203
1.076
1.266
1.198
1.135
1.286
1.239
1.225
1.278
1.252
1.147
1.147
1.188
1.206
1.144
1.131
1.210
1.195
1.314
1.080
1.202
1.178
1.255
1.138
1.166
1.137
1.176
1.200
1.236
1.181
1.073
1.222
1.257
1.073
1.164
1.155
1.097
1.057
1.137
1.168
1.142
1.117
1.074
1.175
1.160
1.186
1.137
1.324
1.233
1.254
1.207
1.152
1.332
1.247
1.276
1.110
1.229
1.292
1.123
1.127
1.105
1.155
1.192
1.152
1.092
1.308
1.166
1.139
1.227
1.217
1.235
1.106
1.234
1.156
1.174
1.233
1.161
1.317
1.148
1.156
1.278
1.342
1.280
1.034
1.263
1.296
1.192
1.210
1.174
1.182
1.166
1.110
1.133
1.220
1.210
1.284
1.224
1.309
1.152
1.137
1.321
1.105
1.138
1.289
1.173
1.220
1.150
1.182
1.305
1.289
1.186
1.194
1.217
1.201
1.205
1.191
1.196
1.187
1.196
1.176
1.145
1.308
1.181
1.301
1.172
1.137
1.145
1.202
1.238
1.232
1.097
1.304
1.242
1.113
1.185
1.221
1.150
1.085
1.260
1.160
1.209
1.205
1.331
1.209
1.133
1.051
1.257
1.231
1.092
1.287
1.128
1.255
1.128
1.126
1.204
1.178
1.256
1.248
1.163
1.134
1.305
1.114
1.200
1.254
1.455
1.163
1.162
1.098
1.205
1.031
1.157
1.233
1.182
1.203
1.334
1.401
1.154
1.195
1.187
1.209
1.144
1.127
1.309
1.285
1.127
1.228
1.286
1.156
1.168
1.180
1.213
1.367
1.269
1.307
1.251
1.099
1.218
1.163
1.175
1.172
1.228
1.228
1.231
1.149
1.210
1.316
1.137
1.165
1.266
1.152
1.208
1.185
1.171
1.218
1.209
1.239
1.221
1.121
1.149
1.220
1.253
1.116
1.147
1.249
1.203
1.258
1.118
1.140
1.239
1.161
1.236
1.271
1.297
1.268
1.143
1.313
1.149
1.165
1.196
1.166
1.169
1.125
1.183
1.229
1.208
1.217
1.191
1.223
1.185
1.100
1.108
1.260
1.257
1.108
1.092
0.995
1.225
1.369
1.210
1.162
1.265
1.172
1.200
1.165
1.123
1.139
1.248
1.222
1.150
1.229
1.128
1.239
1.238
1.231
1.121
1.153
1.134
1.174
1.186
1.200
1.102
1.307
1.183
1.184
1.213
1.051
1.160
1.346
1.142
1.265
1.096
1.224
1.268
1.335
1.181
1.139
1.131
1.296
1.045
1.221
1.246
1.294
1.170
1.255
1.127
1.163
1.220
1.100
1.152
1.037
1.183
1.138
1.246
1.119
1.222
1.072
1.153
1.259
1.179
1.320
1.321
1.256
1.204
1.066
1.201
1.180
1.170
1.210
1.174
1.173
1.106
1.305
1.119
1.133
1.115
1.236
1.331
1.143
1.246
1.118
1.246
1.124
1.245
1.149
1.110
1.222
1.209
1.192
1.213
1.186
1.272
1.110
1.346
1.279
1.240
1.180
1.174
1.349
1.091
1.189
1.251
1.263
1.208
1.280
1.230
1.237
1.180
1.358
1.305
1.280
1.170
1.260
1.101
0.993
1.268
1.169
1.169
1.236
1.275
1.308
1.179
1.144
1.164
1.310
1.162
1.263
1.203
1.210
1.281
1.237
1.133
1.238
1.254
1.264
1.164
1.187
1.136
1.145
1.191
1.263
1.163
1.219
1.173
1.133
1.193
1.152
1.248
1.154
1.159
1.125
1.164
1.133
1.285
1.264
1.135
1.173
1.199
1.031
1.251
1.147
1.193
1.234
1.194
1.147
1.228
1.183
1.132
1.215
1.160
1.208
1.176
1.119
1.113
1.168
1.190
1.262
1.184
1.202
1.189
1.096
1.138
1.169
1.142
1.251
1.326
1.175
1.332
1.086
1.216
1.192
1.118
1.214
1.175
1.255
1.244
1.338
1.249
1.247
1.147
1.184
1.245
1.190
1.126
1.181
1.082
1.254
1.166
1.155
1.118
1.238
0.898
1.170
1.225
1.069
1.121
1.124
1.152
1.229
1.235
1.146
1.144
1.326
1.207
1.195
1.302
1.226
1.270
1.071
1.198
1.184
1.192
1.161
1.144
1.258
1.205
1.167
1.220
1.249
1.246
1.225
1.139
1.193
1.217
1.033
1.191
1.167
1.082
1.185
1.302
1.154
1.163
1.208
1.080
1.158
1.247
1.194
1.227
1.241
1.212
1.166
1.272
1.259
1.104
1.242
1.124
1.201
1.120
1.231
1.079
1.256
1.174
1.088
1.199
1.297
1.201
1.196
1.213
1.292
1.199
1.122
1.138
1.192
1.275
1.191
1.277
1.133
1.099
1.231
1.172
1.290
1.215
1.259
1.172
1.265
1.303
1.149
1.197
1.180
1.175
1.186
1.175
1.110
1.423
1.257
1.260
1.353
1.325
1.141
1.230
1.197
1.240
1.219
1.165
1.130
1.268
1.296
1.126
1.268
1.153
1.283
1.059
1.170
1.209
1.241
1.214
1.287
1.148
1.243
1.195
1.211
1.164
1.269
1.160
1.293
1.094
1.118
1.327
1.169
1.183
1.234
1.226
1.130
1.194
1.248
1.168
1.290
1.288
1.052
1.212
1.189
1.293
1.128
1.255
1.190
1.052
1.235
1.191
1.074
1.087
1.127
1.216
1.101
1.209
1.175
1.205
1.204
1.247
1.283
1.240
1.101
1.112
1.167
1.137
1.228
1.073
1.234
1.182
1.259
1.304
1.110
1.238
1.211
1.041
1.139
1.052
1.195
1.201
1.112
1.221
1.296
1.192
1.210
1.184
1.224
1.347
1.184
1.149
1.155
1.187
1.153
1.166
1.286
1.265
1.178
1.165
1.283
1.194
1.171
1.151
1.139
1.269
1.130
1.109
1.299
1.144
1.094
1.177
1.229
1.065
1.169
1.077
1.246
1.264
1.161
1.202
1.213
1.139
1.332
1.217
1.192
1.159
1.244
1.196
1.105
1.081
1.170
1.207
1.101
1.090
1.221
1.247
1.312
1.192
1.242
1.265
1.123
1.205
1.157
1.132
1.118
1.196
1.269
1.110
1.164
1.294
1.246
1.168
1.240
1.293
1.184
1.251
1.150
1.311
1.191
1.166
1.153
1.290
1.172
1.267
1.251
1.187
1.156
1.217
1.237
1.176
1.171
1.158
1.136
1.268
1.187
1.120
1.157
1.424
1.163
1.134
1.217
1.083
1.329
1.293
1.192
1.193
1.222
1.161
1.127
1.305
1.298
1.168
1.177
1.274
1.179
1.231
1.305
1.143
1.126
1.197
1.129
1.230
1.166
1.242
1.281
1.161
1.208
1.177
1.233
1.328
1.146
1.194
1.154
1.329
1.174
1.162
1.178
1.127
1.219
1.135
1.212
1.136
1.163
1.340
1.213
1.158
1.248
1.147
1.256
1.193
1.301
1.241
1.370
1.166
1.197
1.192
1.150
1.194
1.262
1.188
1.330
1.203
1.273
1.069
1.306
1.189
1.196
1.189
1.206
1.205
1.275
1.178
1.178
1.168
1.098
1.086
1.085
1.154
1.219
1.196
1.080
1.187
1.261
1.062
1.131
1.255
1.147
1.035
1.091
1.190
1.288
1.267
1.091
1.362
1.153
1.151
1.227
1.245
1.176
1.147
1.224
1.157
1.237
1.227
1.312
1.204
1.150
1.258
1.182
1.181
1.192
1.273
1.314
1.204
1.285
1.192
1.202
1.274
1.180
1.153
1.122
1.140
1.305
1.308
1.244
1.242
1.285
1.228
1.113
1.136
1.269
1.075
1.162
1.141
1.115
1.215
1.176
1.309
1.127
1.197
1.150
1.088
1.101
1.287
1.194
1.196
1.131
1.221
1.207
1.258
1.315
1.184
1.146
1.210
1.264
1.216
1.176
1.071
1.222
1.162
1.151
1.207
1.196
1.082
1.316
1.304
1.168
1.309
1.188
1.455
1.120
1.266
1.246
1.199
1.263
1.111
1.133
1.409
1.213
1.083
1.357
1.253
1.255
1.221
1.173
1.255
1.280
1.247
1.170
1.266
1.338
1.135
1.303
1.408
1.129
1.191
1.153
1.167
1.226
1.169
1.208
1.233
1.316
1.160
1.118
1.174
1.245
1.301
1.234
1.170
1.112
1.169
1.171
1.191
1.178
1.211
1.244
1.217
1.093
1.073
1.330
1.103
1.218
1.243
1.259
1.053
1.163
1.260
1.110
1.290
1.360
1.278
1.244
1.210
1.182
1.206
1.250
1.195
1.249
1.283
1.166
1.188
1.150
1.189
1.143
1.211
1.204
1.137
1.289
1.122
1.261
1.240
1.179
1.220
1.254
1.223
1.178
1.230
1.131
1.195
1.253
1.200
1.179
1.218
1.166
1.058
1.230
1.116
1.293
1.142
1.196
1.112
1.141
1.282
1.249
1.174
1.137
1.235
1.191
1.291
1.278
1.268
1.226
1.205
1.278
1.034
1.214
1.160
1.245
1.189
1.195
1.120
1.073
1.235
1.161
1.207
1.197
1.306
1.170
1.071
1.223
1.157
1.043
1.248
1.204
1.149
1.299
1.084
1.095
1.198
1.305
1.188
1.138
1.217
1.172
1.099
1.315
1.231
1.219
1.214
1.279
1.185
1.112
1.165
1.238
1.204
1.135
1.224
1.269
1.175
1.204
1.171
1.274
1.226
1.079
1.163
1.228
1.220
1.227
1.202
1.265
1.228
1.181
1.180
1.167
1.203
1.118
1.101
1.241
1.174
1.121
1.346
1.131
1.117
1.323
1.210
1.175
1.167
1.142
1.241
1.122
1.294
1.214
1.202
1.208
1.236
1.144
1.124
1.232
1.225
1.122
1.320
1.298
1.066
1.171
1.250
1.225
1.224
1.210
1.142
1.350
1.169
1.369
1.165
1.336
1.087
1.265
1.346
1.230
1.200
1.368
1.185
1.096
1.155
1.187
1.094
1.153
1.185
1.262
1.158
1.163
1.335
1.220
1.166
1.202
1.064
1.049
1.113
1.213
1.225
1.180
1.307
1.201
1.190
1.272
1.189
1.248
1.195
1.230
1.259
1.150
1.208
1.261
1.166
1.183
1.276
1.331
1.179
1.119
1.235
1.143
1.201
1.222
1.180
1.086
1.244
1.118
1.197
1.276
1.064
1.218
1.148
1.167
1.162
1.377
1.216
1.153
1.210
1.273
1.158
1.281
1.381
1.086
1.243
1.154
1.213
1.313
1.140
1.193
1.169
1.195
1.210
1.333
1.319
1.097
1.121
1.241
1.061
1.327
1.074
1.187
1.139
1.073
1.186
1.228
1.042
1.148
1.330
1.144
1.149
1.173
1.311
1.190
1.154
1.191
1.109
1.333
1.184
1.154
1.106
1.251
1.146
1.210
1.170
1.340
1.229
1.194
1.258
1.106
1.173
1.073
1.223
1.176
1.247
1.247
1.238
1.129
1.106
1.158
1.305
1.376
1.199
1.271
1.207
1.286
1.129
1.078
1.077
1.156
1.202
1.150
1.166
1.189
1.161
1.159
1.105
1.189
1.290
1.168
1.115
1.228
1.216
1.179
1.119
1.150
1.139
1.135
1.210
1.212
1.257
1.126
1.149
1.222
1.258
1.296
1.145
1.245
1.218
1.128
1.121
1.265
1.168
1.118
1.338
1.142
1.248
1.239
1.168
1.044
1.159
1.374
1.382
1.286
1.184
1.105
1.225
1.269
1.176
1.233
1.166
1.225
1.278
1.060
1.198
1.134
1.211
1.139
1.135
1.184
1.182
1.182
1.186
1.256
1.174
1.229
1.328
1.293
1.282
1.299
1.195
1.102
1.112
1.111
1.194
1.179
1.215
1.222
1.174
1.323
1.274
1.247
1.257
1.065
1.321
1.253
1.220
1.121
1.342
1.270
1.172
1.204
1.267
1.186
1.205
1.088
1.096
1.162
1.123
1.231
1.363
1.295
1.194
1.183
1.225
1.223
1.243
1.193
1.132
1.183
1.177
1.162
1.381
1.126
1.307
1.145
1.343
1.057
1.102
1.200
1.127
1.058
1.441
1.264
1.327
1.125
1.283
1.148
1.071
1.308
1.228
1.153
1.246
1.117
1.140
1.143
1.083
1.152
1.207
1.268
1.335
1.164
1.124
1.108
1.167
1.235
1.134
1.190
1.199
1.166
1.102
1.082
1.273
1.212
1.123
1.255
1.194
1.196
1.238
1.201
1.196
1.231
1.318
1.103
1.109
1.126
1.155
1.152
1.198
1.235
1.212
1.215
1.162
1.098
1.230
1.214
1.257
1.273
1.211
1.186
1.314
1.192
1.203
1.125
1.299
1.140
1.227
1.259
1.170
1.150
1.211
1.081
1.297
1.229
1.170
1.029
1.196
1.122
1.264
1.235
0.978
1.176
1.219
1.065
1.167
1.161
1.225
1.244
1.178
1.190
1.182
1.216
1.058
1.112
1.259
1.164
1.142
1.157
1.131
1.211
1.273
1.208
1.158
1.266
1.127
1.157
1.136
1.086
1.201
1.167
1.226
1.201
1.143
1.154
1.113
1.119
1.125
1.069
1.170
1.243
1.132
1.089
1.119
1.174
1.136
1.117
1.196
1.118
1.143
1.290
1.142
1.165
1.336
1.256
1.254
1.193
1.138
1.168
1.337
1.240
1.345
1.157
1.285
1.207
1.173
1.248
1.196
1.216
1.183
1.208
1.097
1.290
1.126
1.159
1.142
1.191
1.165
1.173
1.198
1.208
1.175
1.255
1.233
1.139
1.240
1.202
1.173
1.056
1.148
1.135
1.222
1.214
1.147
1.171
1.266
1.233
1.224
1.176
1.283
1.273
1.263
1.189
1.068
1.209
1.232
1.269
1.345
1.200
1.264
1.192
1.208
1.222
1.166
1.181
1.406
1.304
1.210
1.245
1.226
1.350
1.256
1.347
1.210
1.140
1.300
1.318
1.202
1.216
1.139
1.200
1.319
1.303
1.129
1.343
1.228
1.388
1.324
1.180
1.169
1.425
1.173
1.309
