0.955
0.981
1.008
1.038
1.067
1.136
1.297
1.306
1.378
1.466
1.447
1.480
1.516
1.645
0.992
0.979
1.001
1.367
0.958
1.380
1.587
1.194
1.383
1.334
1.608
1.211
1.404
1.005
1.558
0.903
1.427
1.004
1.386
1.160
1.149
1.524
0.923
1.120
1.389
1.410
1.359
1.289
1.230
1.231
1.436
1.030
1.455
1.070
1.058
1.418
1.174
1.216
1.211
1.528
1.259
1.282
1.043
1.849
1.209
0.874
1.499
1.265
1.128
1.470
1.630
0.908
1.328
1.092
1.541
1.577
1.523
0.959
1.436
0.934
0.939
1.285
1.173
0.892
0.943
1.271
1.166
1.661
1.035
1.406
1.354
1.687
1.151
1.399
1.207
1.641
1.077
0.992
1.362
0.997
0.958
0.993
1.247
0.966
1.341
1.535
0.902
1.586
1.394
1.129
1.883
1.424
1.285
1.636
1.047
0.946
1.620
1.521
0.995
1.431
1.250
1.410
1.379
1.129
1.125
1.594
1.032
1.246
1.290
0.987
1.490
1.060
1.309
1.082
1.215
1.406
0.988
0.927
1.503
1.286
1.116
1.018
1.278
1.039
1.695
0.997
0.932
1.094
1.021
0.995
1.313
0.930
1.204
1.574
1.577
1.388
1.181
1.327
1.543
1.406
1.459
1.501
1.351
1.389
1.175
1.146
1.262
1.294
1.223
1.207
1.394
1.475
1.296
1.420
1.125
1.499
1.274
0.914
1.013
1.367
0.986
1.272
0.970
0.911
0.994
0.881
1.541
1.112
1.417
0.902
1.206
0.940
1.499
1.474
1.410
1.446
1.632
1.130
1.484
1.431
1.391
1.370
1.462
1.446
1.331
1.606
1.331
1.200
1.305
1.115
1.458
1.062
1.376
1.395
1.153
1.580
1.501
1.027
1.319
1.501
0.942
1.254
1.185
1.455
1.352
1.506
1.647
1.747
1.244
1.273
0.957
1.273
1.325
1.295
1.399
1.253
0.863
1.806
0.936
1.430
1.568
1.007
0.916
1.636
1.392
1.596
1.503
1.416
1.216
1.240
1.337
1.292
0.940
1.221
1.420
1.402
1.099
1.008
0.990
1.282
0.961
0.916
0.989
0.911
1.244
1.685
1.124
1.533
1.082
0.910
1.312
1.054
0.909
1.377
1.427
1.230
1.601
0.904
1.043
1.105
1.323
1.019
0.949
1.439
0.953
1.457
1.221
1.213
1.482
0.976
0.920
1.614
1.229
1.563
1.174
1.193
0.975
1.513
1.324
1.337
1.036
1.370
1.222
1.697
1.263
1.252
1.202
0.888
1.184
1.026
1.017
0.968
1.057
1.367
1.245
1.357
1.380
1.460
0.993
1.051
1.029
1.339
1.521
0.914
1.593
1.021
0.990
1.630
1.485
0.908
1.264
0.962
1.336
1.213
1.013
1.508
1.538
0.992
1.278
0.999
1.531
0.955
0.957
0.899
1.858
1.189
1.146
1.491
1.349
0.959
1.481
0.985
1.533
0.964
0.968
1.479
1.085
0.941
1.267
1.196
1.363
1.564
1.353
1.191
0.908
1.616
1.306
1.457
1.464
0.901
1.237
1.545
1.010
1.094
1.138
1.003
1.024
1.069
1.377
1.223
0.934
1.335
0.928
1.867
0.915
1.621
0.978
1.437
1.391
0.933
1.476
1.195
1.667
1.078
0.995
1.374
1.635
1.265
1.507
1.181
1.315
1.487
1.179
1.684
1.523
1.037
1.565
1.511
1.522
0.931
1.024
1.172
1.402
1.147
1.740
1.489
1.015
1.736
1.384
1.406
1.022
1.040
1.103
1.389
1.079
1.598
1.211
1.030
1.500
1.206
0.947
0.995
1.581
1.324
1.545
1.520
1.183
1.509
1.430
1.251
1.477
1.662
1.216
1.578
1.133
1.501
1.231
1.534
1.574
0.924
1.026
1.111
1.348
1.021
1.388
1.384
1.348
1.220
1.178
1.307
0.937
1.282
1.446
1.370
1.331
1.276
1.040
1.293
0.968
1.087
0.938
1.294
1.067
1.464
1.372
1.341
1.214
0.941
1.382
1.353
1.451
1.050
1.014
1.466
1.369
1.746
1.406
1.296
1.563
1.516
0.947
1.261
1.464
1.370
1.499
1.009
1.332
0.913
0.981
1.224
1.154
1.020
1.058
1.524
1.394
1.138
1.376
1.524
1.418
1.479
1.305
1.726
1.428
1.489
1.284
1.147
1.665
0.971
1.200
0.989
1.600
1.138
1.206
1.413
1.296
1.197
1.331
0.855
1.376
1.741
1.155
1.531
0.929
1.211
1.344
1.295
1.772
1.112
0.989
1.389
1.323
0.884
1.251
0.905
1.570
1.437
1.078
0.991
1.349
1.081
1.424
0.907
1.411
1.303
0.965
1.577
1.398
0.922
1.359
1.228
1.566
1.290
0.839
0.965
1.417
1.349
1.563
0.977
0.994
1.518
1.236
1.418
1.393
1.511
1.609
1.601
1.831
1.242
1.005
0.951
1.619
0.955
1.154
0.987
1.115
1.326
0.989
1.522
1.040
1.024
1.471
1.098
1.353
1.475
0.976
1.247
1.636
1.578
1.530
1.582
1.261
1.383
1.100
0.917
1.829
1.324
1.194
1.499
0.931
1.514
1.340
1.417
1.171
1.291
1.525
1.230
1.409
1.452
1.536
1.265
1.508
1.474
1.052
1.764
0.902
1.070
1.809
1.347
1.164
1.304
1.242
1.494
0.965
1.346
0.982
1.345
1.254
1.399
1.646
1.156
1.234
1.549
0.178
1.418
1.366
0.962
0.976
0.983
0.984
1.222
1.314
1.191
1.359
1.208
1.674
1.135
1.309
1.032
1.139
1.430
1.777
1.010
1.296
1.518
1.103
1.237
1.100
1.326
1.243
0.957
1.456
1.416
1.489
1.146
0.971
1.282
1.353
0.946
0.896
1.685
1.299
1.133
1.210
1.366
1.156
1.528
1.026
1.259
1.487
1.598
1.033
0.985
0.926
1.450
1.017
1.454
1.053
1.207
1.444
1.245
0.963
1.001
1.260
1.300
1.347
1.244
0.898
1.164
1.393
1.049
1.460
1.095
1.551
1.070
1.400
1.090
1.339
0.960
1.076
1.333
0.944
0.972
0.952
1.359
0.916
1.025
1.385
0.940
1.401
0.976
1.388
1.051
1.239
0.947
1.340
1.048
0.965
0.956
1.245
1.519
0.990
1.599
1.511
1.250
1.128
1.543
1.503
1.304
1.265
1.659
1.173
1.504
1.493
0.878
1.324
1.675
1.374
1.338
1.377
1.294
1.231
0.972
1.399
1.560
1.284
1.245
1.090
1.472
0.975
1.185
1.406
0.885
1.328
1.057
1.085
1.387
0.937
1.880
1.460
1.349
1.484
0.976
1.044
1.299
0.989
1.031
1.154
1.289
1.507
1.266
1.458
1.007
1.308
1.219
1.759
1.667
1.482
1.317
1.016
1.299
1.360
1.049
1.026
1.414
1.418
1.164
1.330
1.264
1.447
1.386
1.508
1.288
1.350
1.165
1.772
1.480
1.453
1.405
1.453
1.143
1.367
1.173
1.365
1.068
0.946
1.535
0.942
1.411
1.167
1.671
1.507
1.891
1.206
1.403
1.213
1.463
1.285
1.703
1.472
1.072
1.309
1.464
1.115
1.446
1.094
1.038
1.461
1.657
1.275
1.175
1.604
1.309
1.156
0.950
1.283
1.268
1.089
0.909
1.642
1.314
1.507
1.429
1.392
1.169
1.257
1.478
1.066
0.958
1.631
1.436
1.628
1.508
1.293
1.075
1.572
1.213
1.223
1.327
1.328
1.211
1.056
1.219
1.105
1.148
1.050
1.673
1.509
1.558
1.295
1.579
1.358
1.535
1.248
1.647
1.377
0.967
1.656
1.272
1.243
1.536
1.116
1.186
0.913
1.709
1.010
1.502
1.555
1.436
1.378
1.242
1.126
1.661
1.641
1.448
1.596
1.214
1.217
1.242
0.912
0.981
1.392
1.135
1.353
1.001
1.220
0.956
0.989
1.518
1.411
1.574
1.414
1.277
1.286
1.323
1.604
1.558
1.039
1.446
1.713
1.164
1.508
1.008
1.298
1.102
1.564
1.345
1.044
1.016
0.999
1.657
1.131
1.219
1.175
1.079
1.316
1.085
1.383
1.374
1.389
1.533
1.392
1.402
1.028
1.025
1.338
1.443
0.920
1.087
1.398
0.965
1.032
1.665
1.718
1.497
1.223
1.455
1.299
1.154
1.176
1.428
1.205
0.954
1.194
1.136
1.688
1.277
1.443
1.276
1.365
1.030
1.151
1.237
1.055
1.137
1.035
1.450
0.977
1.427
1.116
2.065
1.253
1.550
1.262
1.311
1.182
1.396
1.277
1.127
0.991
1.105
1.296
1.382
1.307
1.227
1.050
1.353
1.485
1.634
1.042
1.212
1.333
1.394
1.083
1.006
1.464
1.489
1.232
1.405
1.077
1.147
1.367
0.990
1.603
1.525
1.168
1.287
1.191
0.929
1.028
1.227
1.517
1.352
1.509
1.413
1.277
1.250
1.433
1.686
1.236
1.562
1.343
1.335
0.937
1.030
1.155
0.987
1.289
1.273
1.170
1.013
0.953
0.997
1.356
1.324
0.978
1.212
1.567
1.490
1.371
1.536
1.184
1.095
0.951
1.461
1.379
1.747
1.216
1.264
1.410
1.412
1.485
1.603
1.001
1.510
1.343
0.937
1.442
1.517
1.369
1.453
1.553
1.557
1.083
0.896
1.022
1.383
0.937
1.415
1.097
1.087
1.253
1.659
1.396
0.965
1.391
1.496
1.316
0.999
1.305
1.354
1.442
1.373
1.225
1.149
1.476
1.182
1.762
1.195
0.951
1.353
1.632
0.949
1.534
1.502
0.971
1.556
1.022
1.403
1.843
1.434
1.758
0.898
1.329
1.570
1.593
1.385
1.208
1.668
1.427
1.211
1.279
1.057
1.082
0.958
1.014
1.246
0.965
1.035
1.465
1.550
1.523
1.328
0.998
1.438
1.236
1.512
1.352
1.431
1.033
1.035
0.939
0.895
0.948
0.998
1.210
1.033
1.448
1.050
1.276
1.474
1.498
1.283
1.368
0.988
0.920
1.397
1.270
1.290
1.039
1.595
1.054
1.473
1.098
1.519
1.200
1.313
1.434
1.588
1.262
2.806
1.282
1.673
0.928
0.943
0.980
0.955
1.367
1.402
0.944
1.221
1.618
1.587
1.553
0.894
1.282
0.988
1.433
1.013
1.558
1.490
1.195
1.590
1.365
1.494
1.275
1.100
1.426
0.925
1.531
1.000
1.235
0.936
1.000
0.936
0.956
0.918
1.031
1.381
1.001
1.417
1.165
1.653
0.892
1.433
1.146
1.324
1.286
1.212
1.052
1.389
1.155
1.405
1.672
0.920
1.226
1.280
1.633
1.619
1.572
1.518
1.175
1.023
1.063
1.323
1.547
1.346
1.469
1.290
1.487
0.964
1.338
1.452
1.684
1.347
1.334
0.902
1.214
1.301
1.063
1.458
1.205
1.183
1.005
1.258
0.907
1.097
1.225
1.347
1.571
1.219
0.951
1.355
1.307
1.237
1.441
1.135
1.598
0.907
1.030
1.440
1.271
1.532
1.058
0.996
1.092
1.051
1.372
1.185
0.960
1.123
1.659
0.892
1.430
0.926
1.017
1.527
1.503
1.690
1.458
1.268
1.398
1.302
1.231
1.487
1.663
1.326
1.752
1.301
0.999
0.944
0.963
0.926
1.419
1.218
1.064
1.118
1.030
1.252
1.757
1.346
1.296
1.664
1.358
1.280
1.270
1.101
0.937
1.453
1.279
0.955
1.385
1.080
0.990
0.998
0.959
1.241
1.291
1.652
1.229
1.582
1.382
1.475
1.365
1.638
1.087
1.338
1.264
1.488
1.022
1.364
1.003
1.508
1.245
1.022
0.893
1.153
1.358
1.424
0.944
1.556
0.941
0.980
1.486
1.492
0.871
1.388
1.460
1.024
1.430
1.415
1.274
1.228
1.274
1.358
1.238
1.414
1.325
1.404
1.243
1.229
1.207
1.305
1.312
1.426
0.950
1.386
1.624
0.935
1.582
1.478
1.023
1.186
0.999
1.075
1.371
1.422
1.001
0.970
0.941
1.359
1.260
1.461
1.216
1.518
1.017
0.942
0.900
0.884
1.483
1.208
1.660
1.481
1.402
1.099
0.867
0.966
0.964
1.530
1.307
1.548
1.205
1.537
1.111
1.001
0.933
1.504
1.097
1.815
1.277
1.499
1.429
1.459
1.479
1.566
1.576
1.021
1.329
1.360
1.438
1.317
1.388
1.346
1.401
1.379
1.391
1.456
1.012
0.982
1.583
1.038
1.600
1.188
0.949
1.747
1.557
1.001
1.082
1.798
1.328
0.949
0.942
1.431
1.220
1.058
1.612
1.095
1.387
1.268
1.062
1.007
1.638
1.067
1.533
1.371
1.617
1.092
1.318
1.409
1.460
0.938
0.966
1.317
1.387
1.344
1.180
1.531
1.286
0.952
1.616
1.320
1.216
1.146
1.474
1.640
0.925
0.906
1.481
1.597
1.105
1.229
1.506
1.376
0.941
1.400
1.003
1.102
1.434
1.414
1.001
1.379
1.070
1.427
1.082
1.652
1.091
1.248
1.289
1.202
1.117
1.003
1.543
1.350
0.991
1.589
1.271
1.485
0.944
1.567
1.214
1.005
1.120
1.674
0.959
0.947
1.352
1.453
1.289
1.057
1.598
1.018
1.880
1.494
0.929
0.929
1.435
1.449
1.457
1.321
0.983
0.904
1.638
1.050
1.250
0.921
1.571
1.062
1.566
1.378
1.318
1.154
0.956
0.919
1.567
0.915
1.107
1.396
1.308
0.961
1.149
0.939
1.011
1.215
1.561
1.624
1.407
1.230
1.435
1.405
1.075
1.466
1.576
1.018
0.914
1.178
1.236
1.005
1.380
1.571
1.299
1.029
1.784
0.918
1.462
1.482
1.739
1.285
1.454
1.050
1.322
1.344
1.235
0.974
1.037
1.497
0.951
0.898
1.335
0.911
1.091
1.301
0.957
1.596
1.113
1.368
1.307
1.609
1.293
1.040
1.246
2.085
1.600
1.081
0.898
0.945
1.176
1.049
1.604
1.031
1.373
1.030
1.244
0.976
1.495
1.505
1.349
1.062
1.267
1.637
1.471
1.382
1.277
1.632
1.165
1.360
1.090
1.216
1.410
0.986
1.361
1.367
1.260
1.309
1.449
1.608
1.308
1.578
1.340
1.268
1.373
0.991
1.028
0.960
1.083
1.328
1.496
0.991
0.977
1.024
1.364
1.265
1.090
0.988
1.302
1.188
0.905
1.689
1.415
0.967
1.266
0.970
1.641
1.311
1.553
1.487
1.639
0.959
1.591
1.459
1.159
1.394
1.565
1.519
0.990
1.304
1.477
1.395
0.957
1.122
1.293
1.614
1.141
0.893
0.966
1.570
1.808
1.310
1.009
1.374
1.518
1.624
1.415
1.509
1.039
1.301
1.213
0.964
1.549
1.621
1.230
1.442
1.260
0.996
1.199
1.018
1.264
1.405
1.417
0.981
0.909
1.140
0.938
0.995
1.144
1.540
1.319
1.411
0.948
1.044
1.325
0.989
1.200
1.116
0.089
1.286
0.973
1.412
1.289
1.591
0.995
1.569
1.267
1.623
0.882
1.369
1.446
1.231
1.011
1.544
0.979
1.071
0.995
1.182
1.227
1.424
1.411
0.934
1.128
1.193
1.426
0.989
1.381
1.419
1.308
1.298
0.921
0.971
1.289
1.246
0.956
1.225
1.231
0.956
1.322
0.872
1.298
1.167
1.382
0.947
1.089
1.260
1.460
1.311
1.226
0.922
1.075
1.178
1.411
1.397
1.458
1.387
1.566
1.026
1.456
1.004
0.960
1.045
0.966
1.339
1.367
1.316
1.231
0.993
1.701
1.628
0.931
0.927
1.128
0.984
1.345
1.397
1.342
1.342
0.987
1.041
0.849
1.265
1.904
1.192
1.383
0.886
1.055
0.932
0.893
0.928
1.308
1.398
1.550
1.700
1.585
1.382
1.310
1.004
0.943
0.971
1.559
1.352
1.089
1.316
1.802
0.925
1.061
1.488
0.985
0.924
1.197
1.072
1.998
0.955
1.182
1.198
1.062
1.281
1.243
1.347
1.304
1.452
0.905
1.343
0.942
1.542
1.265
1.225
1.321
1.447
1.684
1.313
1.438
1.554
1.290
1.451
0.953
1.184
1.149
1.025
1.572
0.973
0.947
1.215
1.578
0.989
1.359
1.289
1.170
1.402
1.388
1.256
1.496
1.315
0.949
1.097
1.513
1.086
1.262
1.607
1.074
1.103
1.019
1.011
1.432
1.370
1.496
1.430
1.455
1.074
0.978
1.273
1.066
0.955
1.105
1.593
1.629
1.483
0.878
1.029
1.020
1.393
1.313
0.996
1.281
0.881
1.287
1.176
1.190
1.483
1.652
1.491
1.258
1.065
1.055
1.111
1.258
0.917
0.971
1.099
1.337
1.254
0.952
0.967
1.000
1.459
1.406
1.304
1.166
1.343
1.460
1.232
1.173
1.340
1.134
1.411
1.367
1.219
1.390
1.714
1.002
1.125
0.918
0.985
1.408
1.244
1.384
1.276
1.389
1.034
0.937
0.957
1.313
1.480
0.958
1.488
1.242
0.978
0.961
1.057
1.799
1.357
1.251
1.211
1.135
1.015
1.521
1.023
1.392
0.914
0.919
0.935
0.906
1.073
0.922
0.970
1.272
1.473
1.106
0.952
1.427
1.008
1.184
1.320
1.094
1.679
1.845
1.065
1.339
1.227
1.681
1.203
1.160
1.295
1.046
1.376
1.240
0.875
0.972
1.736
0.912
1.576
1.149
0.879
1.444
1.095
1.466
1.553
1.639
0.977
1.360
1.931
1.447
1.284
1.376
1.547
1.016
0.988
0.984
1.240
1.341
1.088
0.982
0.946
1.530
1.089
1.287
1.340
0.905
1.354
0.904
1.413
1.304
1.273
1.308
1.509
1.352
1.124
1.287
1.375
0.963
0.868
0.907
1.226
1.512
1.477
1.307
0.896
1.173
1.183
1.500
1.229
1.392
1.119
1.460
1.862
1.483
0.998
1.506
1.468
1.267
1.349
1.589
1.401
1.482
1.635
1.401
1.512
1.350
1.398
1.047
0.911
1.301
1.252
1.332
1.377
1.380
0.925
1.046
1.323
1.538
1.252
1.200
1.005
0.935
1.598
1.410
0.995
1.494
1.064
1.386
0.939
0.998
1.199
1.289
1.001
1.584
1.406
1.482
0.951
0.996
0.997
1.008
1.485
1.278
0.919
1.273
1.514
1.323
1.390
1.541
0.967
1.313
0.934
1.555
1.035
0.961
0.943
1.384
1.453
1.007
1.439
0.995
1.800
1.339
1.317
0.983
1.538
1.068
0.909
1.278
0.889
1.612
1.202
1.052
1.022
1.238
1.427
1.137
0.997
1.066
1.334
1.321
1.246
0.930
1.154
1.446
1.308
1.577
1.414
1.233
1.559
1.425
1.440
0.967
1.019
1.375
1.341
1.725
0.939
1.403
1.256
0.961
1.288
1.261
1.415
1.278
1.145
1.009
1.316
0.970
1.496
1.585
1.082
1.131
1.370
1.466
1.187
1.246
0.974
1.540
1.109
0.985
1.088
1.246
1.372
0.972
1.001
1.044
1.312
1.022
1.563
1.263
1.182
1.366
1.251
1.193
1.023
1.146
1.385
0.970
1.443
1.214
1.364
1.318
0.925
1.422
1.389
0.933
0.963
1.521
1.193
1.385
0.936
1.545
1.589
1.551
1.134
1.547
1.210
1.095
0.936
1.557
1.296
1.533
1.273
1.025
1.295
1.504
1.502
1.462
1.478
1.087
0.962
0.913
1.048
1.130
0.940
1.351
0.972
0.953
1.462
1.387
1.155
1.002
1.050
1.420
1.455
1.354
0.874
1.204
1.062
0.881
1.239
0.925
1.490
0.958
0.962
0.998
1.497
0.877
1.685
1.394
1.156
1.208
1.314
1.481
1.193
1.081
1.352
0.953
1.362
1.278
1.354
1.306
1.204
1.289
1.699
1.336
1.007
1.393
0.892
0.927
1.290
1.233
0.929
1.330
0.905
1.432
1.305
1.354
1.391
1.369
1.056
1.378
1.171
1.266
0.886
0.971
0.992
1.290
1.307
1.478
1.008
1.296
1.252
1.427
1.019
1.019
1.512
1.690
1.256
0.997
1.215
0.935
1.181
1.476
1.337
1.329
0.909
0.925
1.556
1.012
1.103
1.146
1.352
1.519
0.980
1.214
0.031
1.372
1.004
0.976
0.963
1.190
1.253
0.876
1.208
1.417
1.450
1.459
1.454
0.994
1.460
0.911
1.217
0.966
1.208
1.473
1.167
1.247
1.305
1.008
1.277
1.302
1.028
1.317
1.527
1.200
1.473
1.200
1.143
1.202
1.231
1.130
1.283
0.969
1.546
1.313
1.385
1.108
0.944
1.002
1.437
1.436
1.320
0.916
1.473
1.399
0.929
1.322
1.090
1.344
0.918
1.423
1.332
0.922
1.608
0.920
1.288
1.363
0.987
1.541
1.257
1.414
1.010
1.364
1.572
1.407
1.308
1.193
1.326
1.271
0.994
1.542
1.766
1.181
0.947
1.529
1.412
1.235
1.051
1.262
0.996
1.520
0.905
1.552
1.020
1.332
1.298
1.135
1.372
0.960
0.933
1.350
1.315
0.899
1.325
1.282
0.979
1.456
0.979
1.240
1.253
1.012
1.531
1.395
0.994
1.300
0.950
1.191
1.063
0.915
1.185
1.616
1.232
1.673
1.065
1.180
1.219
1.567
0.946
1.224
1.184
1.413
0.980
1.426
1.194
1.397
1.580
1.414
1.336
0.951
0.970
0.990
1.079
1.370
1.220
0.902
1.287
1.202
0.906
1.419
1.515
0.895
1.111
1.109
0.944
1.113
1.014
1.649
1.103
1.045
1.230
1.433
1.589
1.409
1.079
1.190
1.439
0.982
0.989
1.364
1.619
1.352
1.517
1.386
1.328
1.357
0.942
1.017
1.241
1.467
0.995
0.930
1.510
1.378
1.112
1.156
1.369
1.453
1.249
0.964
1.332
0.960
1.039
0.942
1.543
1.139
1.141
1.353
1.550
1.188
1.270
1.393
0.976
1.395
0.965
1.283
1.157
1.405
1.537
1.413
1.492
0.989
1.299
1.218
1.071
0.984
0.824
1.500
1.642
0.915
1.500
1.474
1.007
1.067
1.314
1.281
1.194
1.269
0.989
0.973
1.290
1.186
1.186
0.993
1.354
1.004
1.277
1.004
0.977
1.641
1.223
0.903
1.508
1.485
0.913
1.375
1.364
1.055
1.320
0.943
1.119
1.176
1.152
0.984
1.595
0.972
1.351
0.917
1.421
1.078
1.104
1.414
1.265
0.935
1.509
1.292
1.041
0.959
0.944
1.439
1.244
0.924
1.362
1.545
1.378
1.019
1.460
1.191
1.236
1.007
1.405
1.429
1.328
1.354
1.050
1.281
0.965
1.261
1.084
1.027
0.930
1.195
1.430
1.163
1.456
1.177
1.066
0.868
1.377
1.190
1.321
0.896
1.106
1.249
1.232
0.883
1.503
1.512
1.359
1.328
1.334
1.228
1.135
1.828
1.266
1.115
1.233
1.202
1.110
1.153
1.187
1.152
0.909
1.010
1.218
1.396
1.438
1.334
0.920
1.048
1.602
1.572
0.933
1.674
1.321
1.282
0.999
1.269
0.913
1.728
1.267
1.083
1.084
0.928
1.143
0.937
1.225
1.510
1.390
1.684
1.195
0.920
1.392
1.190
0.947
0.928
1.423
1.379
1.135
0.992
0.993
1.368
1.178
1.341
1.467
1.244
1.348
1.220
1.406
1.063
1.503
1.220
1.514
0.867
1.448
1.304
1.283
1.316
1.191
1.065
1.026
1.243
1.334
1.310
1.540
1.176
1.530
1.274
1.289
1.368
1.414
0.986
1.026
0.994
1.535
1.479
1.383
1.200
0.967
1.438
1.443
1.500
1.466
1.271
1.357
1.413
1.359
0.940
0.953
1.535
1.191
1.271
1.243
1.425
1.063
1.237
0.909
1.141
1.327
0.900
1.421
0.875
1.182
1.362
1.272
1.264
1.213
1.361
1.466
0.967
1.076
1.234
1.201
1.037
1.393
1.269
0.962
0.958
1.186
1.407
1.059
1.359
0.989
1.016
1.501
1.178
1.057
1.508
1.146
1.191
1.307
1.445
0.909
1.021
1.468
1.361
1.511
1.068
1.234
0.924
1.323
1.344
1.246
1.077
1.341
1.066
1.259
1.393
1.494
1.365
0.940
1.321
1.217
0.863
1.252
1.404
1.426
1.210
1.177
1.588
1.308
1.427
1.014
1.673
1.539
1.287
0.942
1.213
1.615
1.168
1.527
1.456
1.580
1.059
1.308
1.319
0.917
1.441
1.467
1.309
1.224
1.253
1.193
1.364
1.032
1.426
1.352
0.990
1.261
1.417
1.376
1.324
1.321
1.471
1.336
1.637
1.326
1.658
1.361
0.973
1.514
1.577
1.294
1.111
1.007
1.188
1.394
1.381
1.017
1.219
1.193
1.572
0.942
1.169
1.844
1.195
1.021
1.496
1.081
1.005
0.900
1.277
1.283
1.346
1.180
1.548
1.507
0.929
1.165
1.364
1.280
1.404
0.924
0.912
0.928
1.495
1.455
1.270
0.945
1.356
1.292
1.289
1.275
1.448
1.184
1.121
1.216
1.373
1.087
1.345
1.387
1.222
1.370
0.899
1.507
0.909
1.058
1.014
1.635
1.695
1.563
0.924
1.490
1.557
1.282
1.019
1.626
1.218
1.191
0.961
1.399
0.959
1.209
0.964
1.246
1.448
1.295
1.355
1.404
1.280
1.357
1.367
1.020
1.391
1.206
1.571
1.423
1.601
1.505
1.127
1.087
0.927
0.898
1.366
1.359
0.987
1.426
1.517
0.990
1.357
1.337
1.534
1.313
1.278
1.110
1.686
0.938
1.416
0.955
1.046
1.479
0.957
1.265
1.389
1.190
1.557
1.690
1.145
1.168
1.233
1.520
1.379
1.644
0.874
1.201
1.086
0.995
1.386
1.391
1.309
1.321
1.413
1.114
1.395
1.310
1.583
1.070
0.922
1.368
1.194
1.231
1.615
0.907
1.260
1.280
0.998
1.534
1.608
1.240
1.247
1.346
0.941
1.389
1.597
1.590
1.047
1.262
1.367
0.972
1.153
1.171
1.185
1.510
1.154
1.468
1.425
1.371
1.106
1.159
0.938
1.429
0.992
1.460
1.373
0.935
1.268
1.575
1.181
1.086
1.336
1.253
1.512
1.370
1.391
0.951
1.483
1.334
1.437
1.377
1.255
1.371
0.938
0.965
1.097
1.356
0.908
1.291
1.021
1.380
1.414
1.377
1.417
0.986
1.302
1.713
1.270
1.443
1.147
1.232
1.285
1.047
1.011
0.930
0.914
1.184
1.527
1.486
0.936
1.751
1.539
1.439
1.178
1.778
1.367
1.018
0.899
1.140
1.320
1.367
0.924
1.331
1.449
1.033
1.394
0.948
1.714
1.506
1.233
0.997
1.261
0.933
1.393
0.957
1.308
1.546
0.926
1.093
1.331
1.144
1.446
0.992
1.167
1.294
1.337
1.077
1.213
0.968
1.110
1.110
1.602
1.159
1.505
1.366
1.289
1.379
1.407
1.476
1.506
1.286
0.911
1.096
0.903
1.356
0.877
1.375
1.347
0.981
1.382
1.044
1.495
1.240
1.380
1.254
0.988
0.936
1.420
1.579
1.402
1.394
1.471
1.360
1.366
1.617
0.951
1.362
1.484
1.336
1.467
1.007
1.255
1.429
1.035
0.929
1.420
1.409
0.868
1.161
1.578
1.416
1.125
1.334
1.279
1.220
1.233
1.220
1.530
1.155
1.500
1.462
1.517
1.868
1.062
1.282
1.532
1.325
0.939
1.740
0.997
1.416
1.010
0.965
0.962
1.366
1.313
0.985
0.941
1.589
1.327
1.390
1.025
1.508
1.090
1.459
1.335
1.727
1.502
1.381
1.233
1.219
1.364
1.016
1.345
1.277
1.459
1.605
1.420
1.330
0.936
0.956
1.027
1.352
1.485
1.476
1.224
0.869
0.911
1.036
1.177
1.528
1.068
0.914
1.405
0.960
0.972
1.404
1.394
1.200
1.057
1.451
0.922
1.466
0.983
1.441
1.305
1.126
1.440
1.136
1.096
1.628
1.426
1.670
1.414
0.819
1.352
1.491
0.932
1.213
0.973
1.555
0.970
1.213
1.402
1.370
1.036
1.355
1.263
1.233
1.310
1.152
1.517
1.427
1.355
1.413
0.920
1.521
1.446
1.405
1.228
1.309
1.388
1.313
0.894
1.108
1.590
1.149
1.285
0.955
1.191
1.312
1.485
1.342
0.921
1.639
1.115
1.366
1.366
0.982
1.458
1.374
1.491
1.558
0.991
1.224
1.726
1.355
1.549
1.517
1.502
1.024
0.965
1.393
1.134
0.955
1.207
1.181
1.281
1.461
1.186
1.240
1.069
1.419
1.030
0.898
0.940
1.106
1.339
0.900
1.672
1.421
1.010
1.408
1.029
0.975
1.579
1.237
1.541
1.286
1.546
1.237
0.965
1.448
1.703
0.913
1.580
0.895
1.493
1.010
0.915
1.643
1.721
0.924
1.479
1.420
1.169
1.630
1.571
1.350
1.391
0.899
1.278
1.445
1.071
1.392
1.019
1.243
1.340
1.595
1.116
0.882
1.426
1.277
0.978
0.909
1.221
1.453
1.220
1.397
1.284
1.329
0.854
1.016
0.924
1.178
1.354
1.160
1.026
1.296
1.300
1.304
1.403
0.995
0.993
1.282
0.940
0.915
1.566
0.917
1.285
1.311
1.183
1.242
1.570
1.390
1.277
1.281
1.483
1.538
0.864
1.613
1.109
1.485
1.501
0.989
1.274
1.357
1.326
0.950
1.494
1.203
1.347
1.128
0.972
1.408
0.902
1.138
1.401
1.275
1.029
1.767
1.358
1.374
1.108
1.264
1.425
0.967
1.269
1.481
1.465
0.949
1.025
1.438
0.908
1.274
1.303
1.449
1.416
1.452
1.362
1.672
1.210
1.298
1.036
1.436
1.325
1.126
1.268
1.693
1.313
1.078
1.007
1.529
0.941
1.112
0.953
1.245
1.510
1.316
1.446
1.001
1.293
1.296
1.219
1.550
1.103
1.437
1.402
0.896
1.392
0.984
0.995
1.453
1.254
1.201
0.960
1.130
1.296
0.960
1.250
0.903
0.979
1.488
1.386
1.318
1.444
0.888
1.085
1.627
1.370
1.495
1.061
1.571
0.956
1.209
1.587
1.181
1.361
1.317
1.241
1.347
0.979
0.936
1.301
0.989
1.434
0.915
1.160
1.165
0.910
1.004
1.453
1.369
1.152
1.189
0.973
0.993
0.935
1.000
1.448
0.903
0.927
0.994
1.537
1.248
1.269
1.412
1.401
1.223
1.389
0.940
1.330
1.484
0.918
1.372
1.147
1.525
0.957
1.222
1.452
1.313
1.518
1.453
1.624
1.159
1.338
1.481
0.968
1.488
1.419
1.612
1.233
0.968
1.223
1.255
1.432
1.389
1.421
0.919
1.247
1.103
1.019
1.474
0.936
1.334
1.286
1.467
0.967
1.413
1.710
0.953
0.948
0.956
0.975
1.127
1.403
1.017
1.018
1.479
1.290
1.374
1.284
1.350
1.188
0.888
1.208
1.391
1.009
0.953
1.537
0.922
1.395
1.187
0.992
1.253
1.456
1.631
1.131
1.710
0.993
1.374
1.430
1.246
1.195
1.223
0.909
1.526
1.351
0.932
1.441
1.387
1.017
1.353
1.272
1.388
1.416
1.271
0.940
0.900
1.089
1.116
1.353
1.296
0.872
0.824
0.954
1.423
0.963
1.235
1.415
1.386
1.531
1.277
1.401
1.338
1.637
1.210
1.377
1.420
1.189
1.300
0.908
1.184
1.568
1.081
1.258
1.160
1.464
1.208
1.225
1.329
1.527
1.456
1.251
1.318
1.481
1.358
1.327
1.603
1.508
1.242
1.457
1.351
1.320
1.355
0.928
1.129
1.631
1.557
1.241
1.219
1.320
1.445
1.278
1.646
0.952
1.589
1.247
1.407
1.056
1.453
1.413
1.069
1.628
1.340
1.349
1.771
0.957
1.416
1.292
1.444
1.345
1.196
1.506
1.189
1.169
1.371
1.118
1.257
1.306
0.935
1.566
0.982
1.164
0.955
1.367
1.387
1.227
1.351
1.043
1.417
0.926
0.853
1.255
0.969
1.416
0.941
1.539
1.144
1.337
1.006
1.024
1.003
1.615
1.065
1.308
1.012
1.002
1.084
1.601
1.476
1.259
0.958
1.562
1.042
1.237
1.017
1.625
1.503
1.308
1.376
1.528
1.611
1.309
1.347
0.948
1.312
1.125
0.939
0.947
1.142
1.769
1.183
1.068
1.522
1.422
1.282
1.208
0.942
0.994
1.141
1.119
1.138
1.407
0.962
0.899
0.943
1.044
1.217
1.299
1.194
0.958
0.915
0.901
1.037
1.139
1.334
1.577
1.420
0.952
1.222
1.415
1.519
1.248
1.144
1.389
1.425
1.458
0.955
1.064
1.466
1.529
1.389
0.894
1.496
1.141
1.428
1.685
1.043
1.142
1.055
0.976
1.334
1.399
1.220
1.235
1.574
1.095
1.200
1.410
0.924
1.307
1.399
1.250
1.506
1.202
1.027
1.373
1.375
1.576
1.164
1.304
1.314
1.548
1.254
1.713
1.106
0.881
1.323
1.325
1.455
1.120
1.087
1.049
1.359
1.570
1.041
1.582
1.043
1.303
1.332
1.196
1.272
1.490
0.957
0.914
1.255
1.621
1.130
1.243
1.426
1.173
0.901
1.273
1.199
1.480
0.930
1.569
1.604
1.837
1.034
1.404
0.892
1.392
0.881
1.427
1.466
0.890
1.434
1.002
1.184
1.202
1.366
1.243
0.999
0.880
0.994
0.888
1.343
1.109
1.243
1.222
1.226
1.357
1.262
0.946
0.915
1.316
1.312
1.200
1.018
0.898
0.961
1.115
1.216
1.120
1.279
1.288
1.360
1.407
1.008
1.237
1.024
1.374
1.536
0.760
1.109
1.486
1.090
1.047
1.462
0.983
0.968
1.263
1.063
1.207
1.111
1.623
1.175
1.470
1.256
1.245
0.984
0.956
1.479
1.339
1.383
1.000
1.287
1.290
1.301
1.298
1.284
1.555
1.374
1.066
1.564
1.650
1.338
1.404
0.962
0.916
0.885
1.615
1.452
1.023
1.403
1.017
0.907
1.577
1.206
1.443
1.362
1.345
1.412
1.638
0.956
0.876
1.448
1.047
1.587
0.931
1.043
1.025
1.429
1.303
1.519
1.266
1.079
1.034
0.967
1.490
1.291
1.616
1.256
1.506
1.179
1.031
1.375
1.200
1.156
1.589
1.224
1.242
1.760
1.371
1.218
0.978
0.971
1.159
1.226
1.309
1.444
1.527
1.527
1.326
1.183
1.208
1.508
0.960
1.003
1.367
1.405
1.527
0.976
1.486
1.116
1.695
1.048
1.371
1.147
1.000
1.343
1.321
0.879
1.156
1.468
1.307
1.404
1.381
1.478
1.551
1.212
0.917
1.617
1.569
1.522
1.194
1.152
0.987
1.528
1.411
1.046
1.509
1.303
1.246
1.369
0.949
1.273
1.235
1.318
1.123
1.129
1.332
1.332
1.242
1.207
1.627
1.367
0.954
0.942
0.933
1.428
1.583
1.252
1.342
1.197
1.393
0.940
1.293
1.398
0.944
1.366
0.987
1.467
1.099
1.575
0.933
1.713
0.922
1.362
1.678
1.189
1.557
1.316
0.883
1.285
1.081
0.959
1.376
1.081
0.959
1.436
1.454
1.019
1.512
0.924
0.975
1.219
0.994
0.937
0.935
1.265
1.042
1.389
1.269
0.944
1.048
1.318
0.929
1.555
1.217
1.390
1.513
1.166
1.419
1.266
1.360
1.366
1.061
1.146
0.908
1.009
1.534
1.291
1.327
1.246
1.478
1.449
1.066
1.331
1.350
1.001
1.325
1.067
1.526
1.392
1.091
0.984
1.554
1.100
0.931
1.016
1.042
1.468
0.865
0.896
0.926
1.462
1.181
1.055
1.324
1.418
1.189
1.004
1.253
1.011
1.323
1.328
0.996
1.612
1.469
1.325
0.976
1.696
0.866
1.481
1.031
1.268
1.074
1.522
1.033
1.291
1.319
1.205
1.839
1.759
1.313
1.374
1.310
1.031
1.425
1.404
0.876
1.364
1.521
1.335
1.191
1.224
1.433
1.131
0.865
0.962
1.227
1.075
1.431
1.214
1.140
1.142
1.369
1.220
1.842
1.540
1.192
1.326
1.421
1.442
1.130
1.122
1.093
1.628
1.077
1.370
1.483
2.871
1.435
1.332
1.327
1.019
0.992
1.077
1.483
0.879
1.247
0.996
1.360
1.063
1.541
1.309
1.516
0.911
1.334
1.593
1.295
1.499
1.035
1.230
1.460
1.230
1.408
0.916
0.932
1.251
0.986
1.630
0.871
0.938
1.124
1.171
0.908
1.453
1.315
0.956
0.887
1.495
1.386
1.000
1.126
1.033
1.502
0.906
1.463
1.368
1.252
1.263
0.917
1.251
1.345
1.499
1.382
1.050
1.632
1.361
0.876
1.052
1.037
1.419
1.290
1.031
1.340
1.107
0.890
1.349
1.379
1.284
1.069
0.918
1.346
1.196
1.237
1.450
0.920
1.483
0.890
0.971
1.565
1.469
1.464
1.674
1.430
1.513
1.032
0.876
0.039
1.377
0.870
1.022
1.454
0.907
1.097
1.391
0.917
1.595
1.428
1.231
1.309
1.379
1.353
0.854
1.487
1.547
0.982
1.302
1.494
1.250
1.255
1.399
0.972
1.211
1.381
1.020
1.394
0.925
1.578
1.206
0.936
1.875
1.410
0.969
1.519
0.914
1.082
1.632
1.360
1.496
0.971
0.955
1.484
1.176
0.966
0.996
1.349
1.303
1.188
0.879
1.295
1.085
1.729
1.057
1.149
1.280
1.591
0.993
0.988
1.170
1.505
1.031
0.909
1.193
0.951
1.221
0.995
1.643
0.876
1.478
0.904
1.068
1.448
1.142
1.237
1.364
1.234
0.989
0.933
1.345
1.357
1.306
1.344
0.956
1.336
1.074
1.398
1.272
1.363
1.654
1.496
1.442
1.496
0.902
1.618
1.488
1.675
1.586
1.606
1.188
1.047
1.387
1.389
1.518
0.814
1.388
1.023
1.215
1.307
1.004
1.188
0.942
1.472
1.191
1.409
1.118
1.296
1.037
0.995
1.324
1.372
1.304
1.176
1.102
1.361
1.266
1.137
1.214
1.442
0.959
1.064
1.692
1.555
1.025
1.397
0.978
0.919
1.298
1.425
1.181
1.335
0.952
1.581
0.932
1.823
1.292
1.033
1.259
1.342
0.932
1.323
0.934
1.464
1.295
1.350
1.016
0.924
1.558
1.023
1.375
1.400
1.533
1.283
1.414
1.488
1.508
1.230
1.423
1.612
1.823
1.396
1.426
0.862
1.160
1.074
0.843
1.066
1.193
1.132
1.378
1.100
1.346
1.300
1.264
0.897
1.396
1.205
1.049
1.524
1.036
1.011
1.477
1.365
1.085
0.999
0.925
1.017
0.964
0.965
1.444
0.952
0.959
1.026
1.483
1.162
1.184
0.896
1.280
1.399
1.272
0.956
1.345
0.950
0.918
1.342
1.480
0.954
1.231
1.300
0.967
1.493
1.406
1.207
1.427
1.006
1.406
1.508
1.364
1.427
0.924
1.454
1.021
0.885
0.941
1.355
0.985
1.270
1.206
1.576
1.437
1.515
1.430
0.955
0.926
1.104
1.024
0.975
1.336
1.106
1.047
1.277
1.004
1.058
1.246
1.438
1.425
1.568
1.420
1.062
1.046
1.410
1.640
0.996
0.936
0.087
1.413
1.388
0.910
1.077
0.881
1.168
0.902
1.457
0.906
0.909
1.070
0.934
1.286
1.339
1.607
1.503
1.310
1.285
1.499
1.563
1.256
1.172
1.493
1.222
1.349
1.005
1.293
1.297
1.098
1.195
1.227
1.196
1.068
1.046
1.286
1.472
1.110
1.361
0.995
1.366
1.560
1.305
1.169
1.274
1.310
1.147
1.266
0.982
1.647
1.480
1.324
1.242
1.473
1.370
1.063
1.446
1.488
0.984
1.469
1.033
1.227
1.583
1.573
1.199
1.398
1.481
1.354
1.148
1.225
1.339
1.352
0.908
1.372
1.591
1.460
1.445
0.862
1.360
1.467
1.329
1.194
1.210
1.542
1.020
1.327
1.482
1.290
1.204
1.590
1.023
0.861
1.466
1.533
1.630
0.944
1.212
1.540
1.020
1.422
1.365
1.184
1.164
1.334
0.906
1.079
1.010
1.571
1.357
1.258
1.207
1.239
0.976
1.132
1.021
1.482
1.171
0.991
1.305
0.961
1.175
0.965
1.526
1.037
1.204
1.318
1.239
1.478
1.587
0.959
1.255
0.868
0.987
0.859
1.001
1.037
1.337
1.364
1.591
1.612
1.288
1.078
1.073
1.275
1.369
1.349
1.292
0.933
1.202
1.268
1.109
0.870
0.969
1.246
1.519
1.380
1.506
0.889
1.046
0.977
1.155
0.995
1.049
1.214
1.035
1.298
1.129
1.146
1.211
1.158
1.502
1.037
1.743
1.375
1.218
1.099
1.313
1.553
1.215
1.546
0.916
1.032
1.018
1.255
1.238
1.275
1.261
1.503
1.174
1.304
1.564
1.188
1.327
1.421
1.638
0.908
1.418
1.327
1.192
0.978
1.159
1.018
1.274
1.374
0.929
1.459
1.324
1.172
1.430
1.426
0.938
1.280
1.478
0.953
0.912
1.421
0.997
1.252
1.485
1.511
1.288
1.247
1.494
1.586
1.100
0.916
0.939
1.366
1.570
1.470
0.888
1.412
1.542
0.886
1.371
1.451
1.204
1.236
1.008
1.504
1.008
1.343
0.940
0.956
1.236
1.268
1.258
1.096
1.526
0.965
1.162
1.479
1.137
1.476
1.225
1.172
1.475
1.359
1.745
1.040
1.379
1.196
1.190
1.325
1.073
1.191
0.972
1.002
1.420
1.223
0.884
1.578
1.379
1.140
1.416
1.395
0.982
1.177
1.116
1.018
0.827
0.988
1.489
0.976
1.567
1.702
0.900
1.281
0.873
0.914
1.300
0.921
1.030
1.517
1.314
1.124
1.232
1.141
1.155
1.454
1.263
1.201
0.980
1.180
1.460
1.164
1.108
1.525
1.335
1.107
1.532
1.398
1.016
1.444
0.963
1.276
1.226
1.336
1.554
1.104
1.289
1.540
1.673
1.254
1.013
1.486
1.287
1.293
1.314
1.287
1.344
1.223
1.249
1.340
0.944
1.730
1.357
1.416
1.346
0.950
1.626
1.244
1.207
0.998
1.109
1.432
1.403
1.432
1.256
1.252
0.930
1.582
1.212
1.102
1.525
1.421
1.223
1.271
1.000
0.990
1.103
0.915
1.434
1.309
1.245
1.276
1.028
1.062
1.042
1.229
1.572
1.632
1.463
1.436
1.297
1.321
1.334
1.559
1.176
1.327
1.543
1.305
1.221
1.242
1.369
1.500
1.393
1.336
0.892
1.020
1.346
1.293
1.289
1.397
1.561
0.865
0.871
1.299
1.424
1.393
0.938
1.280
1.212
1.272
1.445
0.979
1.357
1.726
1.269
0.911
1.236
0.988
1.360
1.347
1.005
1.359
1.072
1.262
1.244
0.979
1.001
1.093
1.074
0.937
1.297
1.165
1.244
1.384
1.440
1.179
0.982
1.262
0.918
1.631
1.314
0.892
1.432
1.495
1.324
1.234
1.115
1.175
1.543
1.383
1.531
1.001
1.469
1.425
1.056
0.930
1.401
1.476
1.099
1.413
1.253
1.769
1.240
1.570
1.265
1.318
0.870
1.477
1.144
1.236
1.304
1.247
1.563
1.290
0.977
1.313
0.992
0.962
1.407
0.926
1.483
1.368
0.910
1.185
1.538
0.950
0.936
1.187
1.412
0.898
1.372
1.496
1.132
1.186
1.270
1.517
1.355
1.179
0.963
1.444
1.414
1.332
1.374
0.956
1.347
1.563
1.419
1.135
0.903
1.292
1.041
1.445
1.137
0.975
1.302
1.149
1.265
1.362
0.894
0.936
1.650
1.243
0.894
0.957
1.070
1.020
1.437
0.943
1.194
1.038
1.005
1.462
1.055
1.436
1.246
1.425
1.006
1.476
1.297
1.263
1.057
1.089
1.325
1.381
1.236
1.203
1.109
0.977
0.907
1.385
1.375
1.407
1.278
1.290
1.339
1.232
1.653
1.484
1.337
1.715
1.424
0.807
1.046
1.444
1.160
1.363
0.973
1.605
1.039
0.955
1.513
1.296
1.201
0.927
1.258
1.085
1.438
1.098
0.970
0.947
1.339
0.934
1.417
1.586
1.487
1.014
1.449
1.047
1.284
1.028
1.134
1.346
0.938
1.187
1.250
1.179
1.159
1.399
0.961
1.153
1.229
1.374
1.308
1.034
1.326
1.489
1.020
1.053
1.267
0.968
1.745
0.970
1.388
0.903
0.953
1.478
1.486
0.972
1.060
1.226
0.905
0.900
1.572
1.157
1.583
1.196
1.647
0.930
1.321
1.026
1.228
0.910
1.218
1.288
0.937
1.676
1.307
1.037
1.488
1.199
1.448
0.920
1.319
1.287
0.958
0.980
1.535
1.374
1.670
1.399
1.266
1.289
0.977
0.935
0.974
0.991
1.023
0.920
1.377
0.930
1.215
1.393
1.266
1.471
1.318
1.220
1.324
1.282
1.643
1.264
0.882
0.927
1.483
1.256
0.940
1.349
1.549
1.306
0.896
0.954
0.902
0.917
1.140
1.260
1.075
1.168
1.388
1.200
1.066
1.376
0.898
1.219
1.083
1.295
1.334
1.255
0.945
0.825
1.392
1.248
1.064
1.132
0.907
1.446
1.267
0.994
1.428
1.398
1.078
1.361
1.389
0.912
1.401
1.394
1.384
1.031
1.363
1.766
0.967
1.394
1.570
1.214
1.303
1.443
0.940
1.061
0.905
1.566
1.556
0.983
1.532
1.416
1.491
1.462
1.239
1.030
1.547
1.262
1.401
1.677
1.537
1.163
1.401
1.125
1.017
1.459
1.397
1.342
0.958
0.884
1.159
0.967
1.364
1.316
1.269
0.971
0.983
1.474
1.218
0.948
1.616
1.232
1.603
1.437
0.913
0.920
1.117
0.947
1.493
1.490
1.490
0.993
1.002
1.045
1.659
0.925
1.140
1.276
1.324
1.727
1.024
1.314
1.056
1.601
1.547
0.837
1.344
1.351
0.899
1.191
1.169
0.922
1.129
1.622
0.918
1.309
1.340
1.086
1.248
1.005
1.008
1.316
1.171
1.336
1.311
1.091
1.369
1.337
1.372
1.393
1.508
1.292
1.412
1.671
1.277
1.232
1.279
1.217
0.976
0.966
1.261
1.518
1.244
1.050
1.151
0.916
1.578
1.439
1.415
1.183
1.131
1.237
1.541
1.203
1.428
1.454
1.203
0.963
1.222
0.889
1.426
1.388
1.476
1.263
1.177
1.199
1.030
1.310
1.421
1.397
1.131
1.099
1.122
0.937
1.453
1.219
1.418
1.365
0.933
1.159
1.682
1.067
0.869
1.220
1.074
0.908
1.403
0.926
1.385
0.947
1.062
0.952
0.919
1.066
1.314
1.593
1.329
1.506
1.136
1.337
1.088
1.292
1.597
1.040
1.304
1.470
1.202
1.070
0.900
1.303
1.313
1.414
0.923
1.264
1.578
1.178
1.493
1.522
0.978
1.149
1.330
0.924
0.838
1.606
0.927
1.326
0.913
1.580
1.270
0.893
0.943
1.243
1.530
1.203
1.181
1.061
1.214
1.250
1.270
1.186
0.900
1.372
1.374
1.426
1.122
0.933
1.402
0.957
1.185
1.136
1.463
1.362
1.113
1.338
1.317
1.513
1.441
1.169
0.901
0.987
1.311
1.014
1.403
1.005
1.286
1.582
0.939
1.137
0.951
1.347
1.293
1.158
1.419
0.877
1.269
1.390
1.373
0.911
1.105
1.043
1.479
1.709
1.244
0.927
1.025
1.351
0.907
1.232
1.438
1.311
1.035
0.980
0.917
1.352
1.095
1.395
0.895
1.236
1.068
0.893
0.937
1.317
1.336
1.001
1.042
1.563
0.900
1.152
1.364
0.938
1.619
1.021
1.549
0.960
1.296
1.337
1.350
1.497
0.906
1.862
1.395
1.390
1.396
1.047
1.249
1.322
0.968
1.457
1.269
1.277
0.883
1.543
1.183
1.494
1.347
1.257
1.296
1.397
1.149
1.419
1.246
1.392
0.997
0.971
1.218
1.087
1.307
1.497
1.346
1.177
1.289
2.446
0.974
1.306
1.566
1.135
1.084
1.046
1.272
1.123
1.314
0.996
0.933
1.138
1.458
1.338
1.314
1.054
1.029
0.941
1.321
1.173
1.138
1.539
1.412
1.365
1.317
1.304
0.901
0.916
1.282
1.165
1.162
1.071
0.940
1.497
1.237
1.244
1.252
0.940
1.243
1.317
1.029
0.886
1.592
1.294
1.095
1.497
1.298
0.973
1.472
1.294
0.958
1.741
1.509
0.884
0.827
1.308
1.323
0.964
1.850
0.908
1.323
1.441
0.914
0.889
1.296
1.206
1.503
1.359
1.128
1.023
1.247
0.971
1.265
0.881
1.828
1.251
1.042
1.095
1.395
1.425
1.175
1.236
1.256
1.030
0.921
1.141
0.975
0.952
1.588
0.916
0.974
1.222
1.615
1.132
1.001
1.281
1.227
1.384
1.471
1.651
1.247
1.027
1.381
0.984
1.227
1.161
1.389
1.390
1.378
1.494
0.928
1.516
1.237
1.065
1.282
1.044
0.989
0.937
0.928
1.383
1.296
1.089
1.249
1.391
1.194
1.720
1.113
1.686
1.437
1.322
1.238
1.271
0.956
1.457
1.198
1.457
0.905
1.235
1.098
1.484
1.001
1.546
1.032
1.341
1.207
1.475
1.294
1.318
1.031
1.549
1.390
0.897
1.266
1.410
0.858
1.269
1.205
0.942
1.293
1.309
0.937
1.154
0.851
1.629
1.308
0.933
1.581
1.556
1.140
1.297
1.009
1.139
1.163
1.170
1.408
0.897
0.979
0.939
1.005
0.985
0.969
1.359
1.281
1.063
1.000
1.340
0.904
1.575
1.260
1.522
1.136
1.140
1.183
1.099
1.034
0.948
1.289
1.306
0.907
1.336
1.583
1.566
1.414
1.221
1.517
0.987
1.170
0.940
1.536
1.399
1.251
1.024
1.350
1.021
1.564
1.227
1.541
1.255
1.358
1.291
0.933
0.920
1.352
1.210
1.118
1.004
0.987
1.614
0.947
1.244
1.142
1.166
1.705
1.288
1.560
1.238
1.223
1.244
1.498
0.893
1.259
1.416
4.079
1.352
1.650
1.526
0.909
1.178
1.147
1.222
1.189
1.250
1.475
1.489
1.629
0.939
1.200
0.952
1.288
1.318
1.288
1.010
1.163
1.113
1.099
1.152
1.327
1.090
1.580
1.407
1.081
1.246
1.197
0.928
0.955
1.455
0.981
1.280
1.521
1.438
1.530
1.125
0.922
1.331
0.969
1.271
1.386
1.075
1.030
1.485
0.973
1.365
1.153
1.416
1.646
1.301
1.276
1.490
1.166
1.330
1.369
1.123
1.156
0.958
1.736
1.583
1.024
1.394
1.345
1.429
1.387
1.346
1.100
1.363
1.316
1.311
1.322
1.012
0.943
1.189
0.923
1.263
1.220
1.341
1.537
0.932
1.333
1.429
1.460
1.276
0.898
0.864
1.485
0.919
1.066
0.961
0.957
1.478
0.902
0.967
1.158
0.909
1.403
1.095
1.436
1.195
1.186
1.396
0.958
0.924
1.007
0.940
0.965
1.362
1.307
1.480
0.973
1.516
0.909
0.909
1.082
1.027
1.554
1.042
1.175
1.084
1.051
1.742
0.989
0.989
1.504
1.357
1.057
1.318
1.364
1.399
0.879
1.536
1.279
1.226
1.110
1.327
1.265
0.929
1.036
0.867
0.921
1.188
0.941
1.046
1.316
1.022
1.118
1.186
1.006
1.399
1.346
1.370
1.315
1.310
1.718
1.417
1.175
1.673
1.430
0.965
0.908
1.309
1.329
1.253
1.083
1.385
0.948
0.907
1.490
1.344
1.025
1.290
1.158
1.229
1.384
1.036
1.323
1.228
1.206
1.560
1.383
1.023
1.336
0.949
1.466
1.581
1.039
1.654
1.195
1.055
1.578
1.429
1.372
1.333
1.443
1.501
1.098
1.695
0.979
1.421
1.214
0.950
1.162
1.097
1.490
0.929
1.371
1.179
1.321
1.400
1.474
1.489
1.432
1.514
1.428
1.201
1.008
0.911
1.315
1.354
1.416
1.327
1.684
1.262
0.896
1.229
1.037
1.531
1.589
1.415
1.155
0.925
1.313
0.895
1.232
0.862
1.385
1.427
0.955
1.357
1.089
1.344
1.219
1.219
1.300
0.886
1.481
1.398
1.567
1.222
1.187
1.186
1.131
0.925
1.245
1.054
1.530
1.243
1.365
1.274
1.243
1.009
1.004
1.269
1.324
1.410
1.009
0.942
1.281
0.952
0.994
1.439
1.249
1.098
1.254
1.493
0.993
0.986
1.474
1.713
1.143
0.904
0.944
1.387
0.972
1.435
0.889
1.544
1.397
1.019
1.279
1.089
1.521
1.172
1.535
1.117
1.303
0.980
0.979
0.921
1.344
0.879
1.417
1.553
0.958
1.228
1.075
0.915
1.469
1.389
1.406
1.317
1.500
1.254
1.119
1.222
1.404
1.537
0.936
0.943
1.067
1.227
1.386
1.550
1.433
0.910
0.962
0.967
1.125
1.398
1.010
0.952
1.422
1.089
0.849
0.970
1.359
1.608
1.575
1.377
0.928
0.944
1.283
1.031
1.442
1.293
1.239
0.994
1.323
0.968
1.183
1.387
1.127
1.134
1.267
1.212
1.445
1.552
1.506
1.420
1.008
1.230
1.350
1.406
1.290
1.210
1.129
1.472
1.013
1.701
1.279
1.535
1.355
1.433
1.406
1.660
1.091
1.397
0.918
1.259
1.384
1.007
1.498
1.096
1.270
1.460
1.324
0.959
1.654
1.150
0.972
1.273
1.250
0.866
0.956
0.954
0.975
1.420
1.605
1.562
0.864
1.285
1.541
1.296
1.213
1.266
1.383
1.497
0.921
1.089
1.166
1.142
1.329
1.262
1.318
1.325
0.948
1.014
1.421
0.924
1.017
1.189
0.990
1.391
1.275
1.412
1.162
1.214
1.417
1.299
1.275
1.020
1.243
1.072
0.969
0.894
1.204
1.294
1.378
0.993
1.022
1.040
0.957
1.449
0.957
1.251
1.180
1.114
1.249
1.472
0.923
1.456
1.234
1.249
1.027
1.026
0.876
1.133
1.404
1.162
1.267
1.220
0.958
1.340
1.332
0.102
1.358
1.419
1.224
1.653
1.423
1.542
1.267
0.940
1.050
1.306
1.293
1.470
1.224
1.532
0.927
1.395
1.469
1.024
1.256
1.359
1.062
1.298
1.720
0.923
1.336
1.203
1.287
1.433
1.201
1.515
1.197
1.397
0.947
1.503
1.342
1.332
1.509
0.957
1.055
1.375
1.103
1.189
1.307
0.949
1.022
1.214
1.112
0.973
1.402
1.721
1.551
1.237
1.243
1.596
1.279
1.244
1.214
1.007
1.213
1.142
1.121
1.219
1.184
1.169
1.128
1.218
1.594
1.020
1.378
0.864
1.229
1.010
1.227
1.004
1.407
0.904
1.251
1.368
0.952
1.394
1.323
1.515
1.284
0.910
1.307
1.242
1.184
1.060
1.021
1.445
1.119
1.217
1.134
1.655
1.439
1.360
1.539
0.894
1.092
1.326
1.295
1.755
1.103
1.054
1.738
1.263
1.369
1.299
1.463
0.824
0.910
1.636
1.295
1.318
1.268
0.974
0.864
1.016
1.246
1.549
1.352
1.013
1.528
1.418
1.390
1.017
1.281
1.183
1.012
1.396
1.016
1.234
1.137
0.876
1.408
1.303
1.430
1.015
1.555
1.383
1.420
1.454
0.909
1.487
0.963
1.586
0.837
1.218
1.526
1.493
1.223
1.181
1.417
0.920
1.441
1.516
1.221
1.007
1.263
0.934
1.237
1.064
1.314
1.225
1.128
0.882
1.640
1.236
1.109
1.377
0.995
1.413
1.511
1.445
0.963
0.916
0.867
0.942
1.348
1.639
1.262
0.908
1.576
1.020
1.262
0.959
1.273
1.483
1.531
1.427
0.957
1.248
0.928
1.483
1.360
1.542
1.146
1.397
0.955
1.275
0.919
1.466
1.050
0.930
1.446
1.489
0.874
0.906
1.171
0.938
1.056
1.254
1.431
1.398
1.208
1.431
1.268
1.089
0.905
1.421
1.585
0.977
1.678
1.633
1.084
1.543
1.210
1.101
1.535
1.336
1.210
1.626
1.383
0.838
1.274
0.888
1.383
1.415
0.932
1.419
1.534
1.563
0.938
0.989
1.340
1.206
1.501
1.230
1.295
1.329
1.121
1.423
0.998
0.933
1.466
1.498
0.900
1.301
1.463
1.414
0.953
1.354
0.984
0.917
0.952
1.317
1.420
1.610
1.197
0.966
1.482
1.508
1.009
1.278
0.833
0.940
1.254
1.644
0.978
0.992
1.293
1.097
1.421
1.002
1.290
1.692
1.194
1.016
1.324
0.912
0.993
0.989
1.227
1.231
0.901
0.924
1.651
1.427
1.496
1.315
1.211
1.334
1.352
1.317
0.947
1.121
1.225
1.385
1.568
1.197
0.981
1.709
1.279
1.344
1.375
0.996
1.883
1.389
1.077
1.391
1.271
1.473
1.039
1.435
1.330
1.105
0.808
1.004
0.931
1.049
1.009
1.387
1.238
1.261
0.888
0.909
1.320
0.886
0.900
1.203
1.668
1.055
1.279
1.213
1.288
1.194
0.971
1.314
1.219
1.306
1.493
1.284
1.264
0.964
1.527
1.192
1.446
1.250
1.227
1.204
1.060
1.042
1.243
1.440
0.914
1.050
1.351
0.914
1.277
0.945
0.976
1.347
1.326
1.184
1.009
1.300
0.969
1.012
0.979
1.234
1.125
1.213
0.978
1.364
1.134
1.326
1.535
1.386
1.079
1.113
1.597
0.909
1.329
1.296
1.360
1.574
1.019
1.319
1.012
0.907
1.537
1.218
1.548
1.297
0.975
1.373
1.187
0.888
0.969
1.230
1.196
1.511
0.980
0.958
1.212
1.518
1.189
1.060
1.669
0.922
1.321
1.156
1.444
1.329
1.342
1.083
1.368
1.441
1.176
1.258
1.105
1.426
1.464
1.032
1.468
1.402
1.022
1.019
1.195
1.408
1.310
1.368
1.220
1.577
1.518
0.894
0.874
1.561
1.063
1.240
1.273
1.172
1.258
1.506
1.046
1.030
0.953
1.452
1.076
1.181
1.621
1.053
1.204
1.541
1.488
1.517
1.029
0.907
0.944
1.416
0.999
1.200
1.003
1.460
1.263
1.358
1.215
1.307
1.324
1.273
1.324
1.481
1.216
0.872
1.555
0.898
1.196
1.630
1.160
1.390
1.420
0.903
0.952
1.242
1.479
1.237
1.288
1.415
1.475
1.126
0.959
0.914
1.101
1.705
1.301
1.284
1.266
0.988
1.673
1.529
1.478
1.281
1.169
0.890
1.363
0.980
1.239
1.103
1.445
0.037
1.385
0.925
0.962
1.255
0.993
1.091
1.109
1.135
1.363
0.956
0.996
0.900
0.890
1.240
1.471
1.715
1.349
1.440
1.180
1.535
0.874
1.111
1.321
0.966
1.544
0.893
0.980
1.147
1.399
1.704
0.917
0.911
1.049
0.902
1.665
0.883
0.892
1.150
1.374
0.953
1.248
1.154
1.357
0.854
1.188
1.351
1.549
1.004
1.418
1.313
1.190
1.493
1.621
0.927
1.292
0.995
1.457
1.142
1.286
1.269
1.107
0.995
1.541
0.838
1.558
0.995
1.523
1.147
0.976
1.624
1.060
1.204
0.976
1.201
1.199
1.084
0.934
1.428
1.316
0.975
1.197
1.137
1.235
1.292
1.266
0.916
1.008
1.391
1.195
1.439
1.265
1.348
1.016
1.509
1.321
0.956
1.367
1.022
1.152
1.075
0.947
0.913
1.177
1.388
0.875
1.332
1.270
1.122
1.598
1.409
0.920
1.150
1.338
1.290
1.311
1.674
1.562
1.113
1.376
1.197
1.305
1.335
1.221
1.097
1.329
1.377
1.038
1.277
0.905
1.288
1.328
1.326
0.992
1.455
1.488
1.405
1.345
1.474
1.363
1.314
1.082
1.022
1.010
1.269
1.304
1.568
1.357
1.438
1.437
1.306
1.156
1.323
0.936
1.286
1.367
0.996
0.994
1.391
0.916
1.379
1.415
1.159
1.118
1.166
1.370
1.422
1.477
1.321
0.800
1.075
1.293
1.174
0.807
1.073
1.496
1.378
1.449
0.899
0.949
0.886
1.421
1.242
0.986
1.562
1.181
1.230
0.910
1.454
1.193
1.733
1.401
0.868
0.970
1.395
1.385
0.897
1.477
1.106
0.961
1.020
1.442
1.179
1.454
1.136
1.221
1.050
1.447
1.340
0.975
1.376
1.644
1.038
1.150
1.106
1.325
1.289
0.900
1.170
1.384
1.419
1.226
1.434
0.993
1.262
1.239
1.420
0.898
1.395
1.436
1.175
0.939
1.290
1.291
1.062
0.923
1.105
0.977
1.199
1.349
0.891
1.192
0.883
0.988
1.043
1.180
1.003
1.022
1.301
1.394
0.982
1.477
0.915
0.993
1.115
1.140
1.397
0.887
0.976
1.415
0.900
1.393
1.214
1.312
1.531
1.143
1.171
0.879
1.000
0.980
1.041
1.471
1.052
0.865
1.554
1.178
0.970
1.320
1.456
1.370
1.213
0.902
0.991
0.897
1.572
1.261
1.451
0.942
1.257
0.982
1.182
1.427
0.930
1.008
1.085
1.231
1.500
1.247
1.347
1.315
0.898
1.249
1.715
1.528
1.538
1.664
1.422
0.976
1.280
1.213
1.221
0.932
1.259
1.007
1.345
1.283
0.970
1.042
0.990
1.024
1.072
1.302
1.488
1.127
0.972
1.298
1.406
0.946
1.149
0.968
1.421
1.347
0.895
0.911
1.511
1.189
1.385
0.918
1.313
1.282
1.206
1.392
1.754
1.272
1.355
0.979
0.939
0.960
1.328
1.512
1.026
1.292
0.957
1.361
1.412
1.062
1.530
1.014
1.271
1.417
0.908
1.358
1.464
1.386
1.165
1.035
1.214
0.968
1.029
1.107
1.396
1.333
1.505
1.288
0.942
1.216
1.288
1.001
1.660
1.412
1.807
1.300
0.891
1.156
1.347
1.301
1.216
1.393
0.848
1.404
1.407
1.009
1.386
0.954
1.100
1.168
0.882
0.953
0.986
1.000
1.228
1.037
1.508
0.918
0.979
0.911
1.330
1.313
1.528
0.915
0.967
1.275
1.582
1.349
1.206
1.209
1.055
0.920
1.300
1.432
0.953
1.122
1.507
1.242
1.542
1.536
1.249
1.401
1.412
1.433
1.343
0.970
0.958
0.980
1.468
0.983
0.981
1.442
1.283
1.245
1.704
0.991
1.479
1.265
0.947
1.160
0.946
1.344
1.268
1.199
0.957
1.227
1.275
1.233
1.402
1.601
1.181
0.958
1.353
1.576
1.439
1.258
0.914
1.065
1.018
1.357
1.100
1.277
1.144
0.960
0.910
0.950
1.075
1.530
1.167
0.894
1.621
1.288
0.977
0.962
1.354
1.537
1.038
0.944
0.924
0.988
1.334
0.903
1.280
1.320
1.372
1.375
1.280
0.930
1.072
1.101
1.500
1.318
1.007
1.065
1.594
1.496
1.315
1.244
1.133
1.175
1.158
1.267
1.383
1.422
1.356
1.238
1.024
1.211
1.538
1.210
1.049
1.345
0.981
1.183
1.499
1.249
0.977
0.904
0.927
1.344
1.168
1.406
1.396
0.961
1.495
1.258
1.644
1.159
1.288
0.877
1.426
1.230
0.940
1.286
1.022
1.372
1.062
1.406
1.181
1.045
0.983
1.531
1.149
1.584
1.395
1.277
1.296
1.324
1.110
1.360
1.506
1.148
1.473
1.405
1.349
0.882
0.893
1.131
0.929
1.451
1.633
1.281
1.289
1.264
0.884
1.033
1.224
1.269
0.906
1.018
1.347
1.701
0.875
0.970
1.229
0.929
1.136
1.470
1.042
0.913
1.196
1.324
1.187
1.538
1.489
1.758
1.207
1.370
1.531
1.324
1.287
1.442
0.846
0.918
1.380
1.223
1.362
1.618
1.303
0.952
1.427
1.335
1.267
1.213
1.408
1.076
1.420
1.345
0.986
0.961
1.870
1.591
1.366
1.487
1.532
1.336
0.971
0.981
1.283
1.013
1.278
1.200
1.212
1.438
1.618
0.995
1.378
1.055
1.502
1.422
1.325
0.947
1.413
0.929
1.048
0.904
1.378
1.704
1.030
0.946
1.353
1.322
0.905
1.488
0.872
0.963
1.703
1.197
1.231
1.019
1.462
0.771
1.166
0.920
1.202
1.312
1.493
0.893
1.262
1.228
1.269
0.929
1.655
0.892
0.925
0.980
1.425
1.441
1.430
1.477
1.326
1.121
0.951
1.295
1.422
0.883
1.075
0.982
1.445
1.750
1.298
1.291
1.367
0.946
1.446
0.978
1.526
1.386
1.289
1.453
0.973
1.464
0.864
1.265
1.369
1.369
0.946
1.368
0.941
1.256
1.263
1.398
1.132
1.576
0.978
0.918
1.697
1.380
1.529
1.246
1.177
1.182
1.243
1.431
0.949
0.969
1.160
1.601
0.989
1.389
0.918
1.174
0.888
1.293
1.047
1.401
1.245
1.046
1.316
0.813
1.078
0.930
1.463
1.279
0.934
1.014
0.944
1.323
1.545
1.132
0.975
1.148
0.991
1.395
1.218
1.054
1.385
0.948
1.185
1.099
0.848
0.922
0.902
1.329
0.971
0.946
1.257
1.059
0.976
0.947
0.874
1.375
1.572
1.321
1.334
0.941
1.455
1.752
1.267
1.181
1.399
1.133
1.351
1.171
1.462
1.131
1.225
1.176
0.041
1.314
1.324
1.349
0.952
1.082
1.332
1.146
1.030
1.585
1.248
1.533
1.405
1.158
1.464
1.125
1.280
1.390
1.145
1.322
1.425
1.186
1.148
1.693
1.076
1.398
1.419
1.219
1.338
1.650
0.949
1.119
1.493
0.930
1.774
1.305
0.975
1.340
1.590
1.475
1.332
1.180
1.455
1.062
1.408
1.689
1.132
1.753
0.969
1.419
1.391
1.477
1.455
0.937
1.421
1.032
1.430
1.285
1.386
1.184
1.224
1.391
1.419
1.313
1.308
1.147
0.940
0.879
1.207
1.137
1.244
1.432
0.989
1.350
1.606
1.541
0.961
1.030
1.448
1.116
0.982
1.255
1.458
1.145
1.023
1.069
1.306
1.656
0.965
1.453
1.309
1.309
1.554
1.545
1.272
1.463
1.329
1.462
0.855
1.217
1.539
1.411
1.454
0.946
1.059
1.538
1.283
1.426
1.121
1.297
1.271
1.256
1.014
0.961
1.480
1.642
1.277
1.332
1.005
1.047
1.104
1.217
0.988
1.540
1.501
0.920
1.315
0.940
1.474
0.926
1.400
1.142
0.972
1.076
0.942
1.317
1.261
0.938
1.456
1.239
1.273
1.397
1.439
1.499
1.298
1.434
1.372
1.350
1.234
1.282
0.896
1.105
1.556
1.182
1.206
1.142
0.936
1.145
1.183
1.348
1.118
1.438
0.861
0.941
0.906
1.338
0.946
1.078
1.393
1.367
1.023
1.355
0.907
1.195
0.961
0.998
1.228
1.339
1.296
1.019
1.421
1.255
1.135
1.421
0.992
1.500
0.992
1.096
1.299
2.100
1.593
0.959
1.013
1.527
1.329
1.179
1.610
1.279
1.266
1.212
1.066
1.334
1.490
0.880
1.314
1.381
0.940
1.593
1.167
1.510
1.121
1.498
1.475
1.562
1.205
1.281
1.425
1.034
0.933
1.214
1.741
1.320
1.066
0.929
1.034
0.897
0.993
1.491
1.399
0.945
0.905
1.084
1.363
0.902
1.291
0.921
1.173
1.570
0.967
0.902
1.174
1.426
1.272
1.473
1.403
1.317
1.155
1.447
1.097
1.010
1.408
1.390
1.402
1.331
1.034
1.172
1.443
1.294
1.357
1.134
1.402
1.216
0.993
1.350
1.293
0.896
1.223
1.446
1.436
1.334
1.137
1.372
1.082
0.931
1.154
1.503
1.412
1.445
0.954
1.370
1.251
0.983
1.511
0.949
1.416
1.400
1.399
1.342
1.229
1.340
1.518
1.274
1.230
1.402
1.144
1.322
1.541
1.366
1.287
1.147
1.352
1.542
1.570
1.013
0.909
1.351
1.663
1.373
1.094
1.050
1.563
0.868
1.226
0.956
1.083
1.389
1.033
1.492
1.294
1.453
1.470
0.939
0.947
1.370
1.084
0.990
1.393
1.325
1.593
1.707
1.252
1.419
0.964
1.294
1.650
1.439
1.378
1.624
1.409
1.494
1.360
0.984
0.941
1.071
1.425
1.580
1.349
1.271
1.284
1.593
1.300
1.042
1.234
1.368
1.303
1.303
1.134
1.212
1.442
1.094
1.551
1.227
1.145
1.306
1.393
1.485
1.010
0.973
1.491
0.914
0.976
1.212
1.279
0.963
1.489
1.292
1.208
1.064
1.335
1.074
1.424
0.923
1.289
1.268
0.859
1.664
1.323
1.272
1.350
1.320
1.171
1.125
1.244
0.896
1.169
1.638
0.921
1.235
1.003
1.467
1.539
1.224
1.397
1.378
1.164
1.260
1.187
0.998
1.446
1.564
1.150
1.085
1.039
1.171
0.980
1.243
1.366
0.970
0.877
1.331
1.448
1.189
1.563
1.399
1.349
1.447
1.592
1.234
1.727
1.553
1.137
1.144
1.007
1.363
1.051
1.432
1.015
1.162
1.151
1.559
1.154
1.303
1.556
1.305
1.409
1.548
1.301
1.371
1.210
0.876
1.236
1.316
1.488
0.880
1.378
1.319
1.348
1.666
1.450
1.232
1.229
1.326
0.973
0.896
1.318
1.507
1.318
1.280
1.308
0.890
1.299
1.466
1.013
1.383
1.258
1.494
1.222
1.488
0.951
1.268
1.295
1.077
1.366
1.272
1.557
1.129
1.054
0.933
1.595
1.144
1.579
0.873
0.966
1.114
1.351
1.371
1.377
1.370
1.294
1.534
1.466
0.858
1.452
1.453
1.675
1.274
1.096
1.089
1.310
1.423
1.237
0.922
0.908
1.189
0.936
1.281
1.047
1.008
1.862
1.419
1.371
1.467
1.255
1.336
1.146
1.125
1.550
0.915
1.270
1.044
1.261
1.463
0.982
1.342
0.863
1.444
0.963
1.334
0.913
1.202
0.906
1.641
1.246
1.599
1.348
1.354
0.869
1.254
1.413
1.724
1.522
1.305
1.475
1.014
1.550
1.452
1.278
1.003
1.191
1.514
1.403
1.691
1.241
1.292
0.917
1.288
1.322
1.406
1.091
1.493
1.251
1.435
0.896
1.174
0.959
0.928
1.202
1.332
1.023
1.109
1.443
1.023
0.939
1.355
1.302
1.279
1.203
1.147
1.415
1.134
1.144
1.008
1.389
1.348
1.321
1.510
1.155
1.464
1.346
1.248
0.941
0.866
1.218
1.277
1.110
1.186
1.208
1.170
1.632
0.868
1.117
1.069
0.941
0.925
1.415
0.841
1.070
1.227
1.056
1.351
0.938
0.987
1.343
1.279
1.320
1.030
1.335
1.437
1.219
1.044
0.865
1.027
1.469
1.270
1.389
1.654
0.943
0.989
1.276
1.669
0.946
1.249
1.513
1.408
1.032
1.432
1.384
0.932
1.385
1.020
0.876
0.911
1.209
1.056
1.403
1.003
1.358
1.485
1.430
0.923
1.317
1.470
1.151
1.245
1.565
1.060
1.216
1.267
1.129
1.084
0.865
1.332
1.493
1.336
1.181
0.944
0.903
1.015
1.258
0.920
0.873
1.250
1.184
0.949
0.897
1.268
1.471
1.209
1.536
1.560
1.026
0.924
0.924
1.470
0.936
1.561
1.280
1.418
1.404
1.200
1.063
1.229
1.156
0.051
0.909
1.543
1.370
1.351
1.188
1.404
0.988
0.977
0.878
1.446
1.314
1.290
1.270
1.123
1.028
1.430
1.220
1.064
0.919
1.420
1.285
1.303
0.949
1.285
1.208
1.470
0.989
1.436
1.309
1.228
1.030
0.977
1.295
1.282
0.969
1.429
1.242
1.283
1.061
1.324
1.338
0.904
0.999
1.032
0.935
1.204
0.935
1.235
1.465
1.271
1.294
1.176
1.225
1.499
1.527
1.404
1.347
1.498
1.422
1.285
1.022
0.914
1.166
1.447
0.986
1.315
1.506
1.389
1.499
1.630
0.976
0.905
1.410
1.284
1.368
1.448
0.986
1.440
1.360
1.323
1.468
1.281
1.180
0.990
1.248
1.324
1.362
1.453
1.527
1.362
1.450
0.942
1.205
1.125
0.994
0.872
1.154
1.453
1.170
0.987
0.987
1.165
0.978
1.573
1.109
1.164
1.371
1.265
1.058
0.963
0.915
0.891
1.461
1.350
1.413
1.389
0.917
0.874
1.002
1.164
1.493
0.934
1.554
1.275
1.285
1.401
1.075
1.285
1.377
1.518
1.359
0.979
1.355
1.329
0.982
1.220
1.176
1.195
0.985
1.504
0.997
1.332
0.997
1.364
1.085
0.897
1.299
1.607
0.903
1.032
0.985
0.989
1.408
1.372
1.350
1.422
0.995
1.456
1.574
1.336
0.959
1.261
1.363
1.298
1.501
0.910
1.447
1.382
1.069
1.235
1.392
1.139
0.910
1.550
1.303
1.334
1.028
1.370
1.351
1.519
0.938
1.027
1.005
1.150
1.318
0.997
1.224
1.490
1.011
1.312
1.301
0.930
1.192
1.425
1.477
1.362
1.325
1.141
1.381
1.075
0.924
1.206
1.152
1.069
1.337
0.981
0.947
1.411
1.221
1.243
0.903
0.925
0.832
1.332
1.448
1.183
1.152
0.932
0.928
1.422
1.398
1.335
1.366
0.922
0.951
1.201
1.308
1.192
0.993
0.999
1.724
1.572
1.122
1.517
1.105
1.306
1.428
1.456
1.312
1.205
1.013
0.965
0.855
0.970
0.860
1.401
1.303
1.427
1.368
1.330
1.068
1.281
0.978
0.884
0.986
1.225
0.881
1.166
1.403
1.382
1.544
1.007
1.073
0.962
0.880
0.925
1.196
1.516
1.327
1.198
1.573
0.879
1.422
1.269
1.180
1.010
1.549
1.402
1.326
0.975
1.144
0.883
1.271
1.042
1.235
0.921
1.458
1.317
1.275
0.955
1.386
1.463
1.460
1.162
1.364
1.610
1.684
1.189
1.193
1.139
1.036
1.295
1.247
0.926
1.265
1.284
1.317
1.017
0.912
0.928
1.328
1.191
1.277
1.000
1.303
0.998
1.291
1.286
0.870
1.162
1.390
1.551
1.379
1.362
0.983
0.919
1.141
1.431
1.597
1.524
1.310
1.218
1.445
1.356
1.398
1.409
1.307
1.072
1.224
1.449
1.136
1.267
1.237
1.520
0.994
0.927
1.300
1.180
1.202
1.275
1.401
1.092
1.261
1.455
0.996
1.397
1.623
1.150
0.985
1.433
1.367
0.958
0.925
0.977
1.007
1.304
1.512
1.255
0.905
1.314
1.293
0.901
1.078
1.585
0.870
0.906
1.246
1.427
1.015
1.398
1.287
1.640
1.190
1.053
1.541
1.168
1.322
1.407
1.441
1.097
1.629
1.444
1.410
1.036
0.957
0.882
1.205
1.096
1.550
1.339
0.983
0.861
1.076
1.319
0.999
1.338
1.052
1.340
0.913
1.294
1.402
1.198
1.025
1.251
1.293
1.246
1.394
1.202
1.046
1.302
0.979
1.375
1.275
0.940
1.359
1.344
1.073
1.361
1.322
1.561
1.413
0.883
1.362
1.312
1.297
1.277
1.336
1.329
1.043
1.339
1.250
1.353
1.587
1.176
0.922
0.915
1.265
1.160
1.315
0.868
1.020
1.068
0.967
0.989
1.620
1.254
0.889
0.881
1.240
1.380
1.614
0.865
1.283
1.318
1.177
1.156
1.451
1.366
1.266
1.442
1.021
0.933
1.382
0.938
1.179
1.122
1.571
1.541
1.467
1.442
1.492
1.573
1.389
1.207
1.250
1.000
1.512
1.121
0.963
1.260
1.537
1.306
1.047
1.500
1.386
0.989
1.052
1.296
1.617
0.999
1.288
0.988
1.210
1.027
1.375
0.937
1.319
0.941
0.922
1.235
1.095
1.172
1.345
1.365
1.286
1.233
1.539
1.308
1.401
1.180
1.592
1.474
1.129
0.965
1.183
1.094
1.232
0.920
1.485
1.270
1.281
1.129
1.504
1.438
1.272
1.047
0.910
0.997
1.243
1.454
0.964
0.980
1.194
1.030
1.287
1.256
0.862
1.293
0.993
1.109
1.290
1.537
1.003
0.962
1.471
1.507
1.162
1.170
1.238
1.409
1.176
1.423
0.919
0.917
1.012
0.944
1.554
1.324
1.006
1.022
1.311
1.307
1.339
1.326
1.535
1.463
0.927
1.460
1.345
1.256
0.986
1.390
1.494
1.220
1.449
0.918
1.393
0.932
1.452
0.985
1.148
1.067
1.457
1.292
1.183
1.479
1.006
1.002
0.855
1.219
0.962
0.961
1.395
0.941
1.132
1.533
1.068
1.345
1.404
0.873
1.252
1.548
1.210
1.326
1.231
1.425
0.978
1.338
1.032
0.882
0.952
1.006
1.007
1.491
1.262
0.923
1.522
1.479
1.538
0.932
1.169
1.592
1.308
1.145
1.407
0.973
1.310
1.499
1.511
1.557
1.688
1.009
1.122
1.308
1.219
1.208
1.102
1.025
0.998
1.010
1.344
1.352
1.591
0.998
1.322
1.084
0.956
1.388
1.194
1.576
0.900
0.933
1.123
1.162
1.578
1.348
0.942
1.299
0.898
1.384
0.912
1.195
0.902
1.260
1.391
1.347
0.923
1.058
0.999
1.143
0.902
1.550
1.480
0.905
1.320
1.262
1.601
1.259
1.262
1.072
1.345
1.559
1.365
1.227
0.871
1.259
0.903
1.245
1.425
1.149
1.228
1.236
0.991
1.315
1.481
0.959
1.131
1.292
1.001
1.236
1.214
1.311
1.044
1.164
0.886
1.388
1.364
1.550
1.227
1.767
1.401
1.308
1.044
1.042
1.420
1.096
1.483
1.142
1.277
1.457
1.377
0.913
1.422
0.960
0.957
0.935
1.390
0.983
1.216
1.294
1.269
1.168
0.882
1.403
0.948
1.353
0.976
1.210
1.242
0.967
1.289
1.531
0.981
1.459
1.301
0.937
1.267
1.596
1.590
1.426
0.912
1.138
1.156
1.376
1.221
0.970
1.337
1.280
1.322
1.070
0.939
1.386
0.793
1.532
1.185
1.333
1.511
1.479
1.104
1.478
0.950
0.919
1.043
0.989
1.209
1.228
1.034
1.221
1.143
1.569
1.376
1.238
0.955
1.304
1.144
1.184
1.608
1.135
1.005
1.156
1.287
1.266
1.010
0.910
1.035
1.019
1.221
0.942
0.891
1.657
1.298
1.310
1.142
1.479
1.763
0.964
1.677
1.166
1.545
1.189
0.940
0.923
1.136
1.319
1.162
1.095
1.470
0.889
1.274
1.411
1.347
0.958
1.016
1.100
1.232
1.333
1.566
1.071
1.168
1.364
1.272
1.480
1.477
1.431
0.895
0.995
1.635
1.386
0.909
1.414
1.155
1.342
1.338
1.189
1.112
1.138
1.465
1.242
1.444
1.067
1.603
1.585
1.243
1.303
1.418
1.406
1.431
1.179
0.965
1.559
0.891
0.996
1.041
2.889
0.965
1.362
1.330
1.303
1.299
1.193
1.528
1.182
1.263
0.923
1.496
0.948
1.494
1.323
0.935
1.406
1.173
1.100
0.928
1.440
1.499
1.082
1.678
1.234
1.234
1.178
1.171
1.501
0.933
0.919
0.895
1.237
1.570
1.463
1.349
1.250
0.917
0.869
1.442
1.305
0.977
1.069
1.176
1.057
1.350
1.185
1.575
1.006
1.326
0.882
1.260
1.517
0.980
1.119
0.860
1.217
1.304
1.283
1.369
1.358
1.379
1.221
1.503
1.504
1.400
1.196
1.162
1.121
0.966
0.940
0.937
1.420
0.981
1.369
1.032
1.083
1.523
1.282
1.554
1.054
1.106
1.397
0.931
1.368
0.927
1.222
0.886
1.256
1.153
0.946
1.244
0.941
1.308
1.421
0.933
1.190
1.450
1.371
1.675
1.365
1.300
1.123
1.447
1.077
0.941
0.882
1.462
1.069
1.229
1.419
1.322
1.378
1.092
1.276
1.260
1.048
1.360
1.111
1.443
1.068
1.204
1.419
1.072
1.351
1.099
1.381
1.458
1.219
1.452
1.284
1.416
1.514
1.083
1.427
0.936
1.257
1.128
1.232
1.247
1.318
1.264
0.878
1.403
1.505
1.342
1.281
1.377
1.381
1.223
0.900
1.712
1.322
0.875
1.560
1.016
1.458
1.281
1.504
1.500
1.255
0.984
1.488
1.086
1.538
0.911
1.324
1.235
1.327
1.256
0.963
0.982
0.883
1.092
1.800
0.925
1.491
1.350
0.902
1.264
0.904
1.417
1.452
1.323
1.594
1.550
1.543
0.953
1.108
0.977
0.926
1.330
1.465
1.226
0.933
1.018
1.475
0.881
1.312
1.314
1.249
1.167
1.156
1.114
1.064
1.361
1.517
1.246
1.343
0.917
1.499
1.586
0.951
1.265
0.948
1.372
1.326
0.071
1.310
1.453
1.237
1.140
1.250
1.316
1.051
1.346
1.255
1.459
1.311
1.403
1.394
0.932
0.899
1.376
1.268
0.992
1.261
1.203
1.146
0.989
1.237
1.590
1.311
1.716
0.896
1.297
1.225
1.439
1.198
1.083
1.047
1.029
1.401
1.458
1.128
1.232
1.486
1.258
0.938
1.277
1.149
1.287
1.476
1.338
1.394
0.857
0.949
1.485
1.314
0.979
1.314
1.022
1.377
0.997
1.294
0.975
1.162
1.566
1.280
1.555
1.625
1.389
0.914
1.033
1.094
1.308
1.035
1.625
1.445
1.291
0.864
1.008
0.920
1.218
1.343
1.529
0.949
1.271
0.920
1.233
1.329
1.393
1.574
0.897
1.619
1.125
1.254
1.075
1.158
1.338
1.158
1.325
1.195
1.151
1.108
1.462
1.545
1.388
1.045
1.110
1.574
1.254
1.222
0.989
1.247
1.349
1.511
1.256
1.160
1.424
1.409
1.004
1.160
1.040
0.974
0.894
1.140
1.118
1.339
1.064
1.372
1.216
1.050
1.089
1.376
1.223
1.040
1.244
1.131
1.113
1.521
1.273
1.042
1.228
1.363
1.215
0.875
1.007
1.626
1.422
1.517
0.874
0.882
1.190
0.958
1.316
1.399
1.056
1.446
1.427
1.339
1.164
1.227
1.474
1.005
0.922
0.977
1.079
1.131
0.957
0.965
1.205
1.330
1.220
1.045
1.163
0.973
1.023
0.878
1.263
1.009
1.163
1.191
1.246
1.508
0.965
0.905
0.934
1.245
0.947
1.467
1.034
1.075
1.237
0.996
0.037
0.899
1.376
1.392
1.299
1.325
1.121
0.925
1.298
1.085
1.383
1.189
1.263
1.181
1.319
1.302
0.901
1.454
0.901
1.173
1.310
0.868
1.356
1.430
1.059
1.156
1.279
1.088
0.978
0.927
1.268
0.916
1.003
1.447
1.109
1.020
1.187
1.050
1.493
1.184
1.358
1.317
1.365
1.242
1.157
1.270
1.269
0.867
1.373
1.464
1.279
1.116
1.219
1.146
0.903
1.036
1.297
1.351
1.338
1.202
1.200
1.114
1.007
1.179
1.265
1.304
1.498
1.336
0.965
1.307
1.294
1.460
1.022
1.700
1.512
1.058
1.345
1.293
1.489
0.933
0.981
1.270
1.465
1.558
1.337
1.180
1.463
1.584
1.342
1.122
0.976
1.287
1.018
1.284
1.010
1.517
1.130
1.171
1.448
1.236
1.077
0.979
1.211
1.251
1.001
0.861
1.517
1.642
1.160
0.902
0.956
0.937
1.376
1.253
1.064
1.477
1.354
1.201
1.186
1.087
1.354
1.423
1.282
1.418
1.189
1.055
0.901
1.215
0.934
1.453
1.245
1.590
1.265
1.398
1.572
1.335
1.240
1.270
0.915
1.352
1.457
0.910
1.222
1.160
0.966
0.882
1.124
1.244
1.377
1.591
0.947
1.400
0.903
0.922
1.590
1.496
1.341
1.609
1.112
2.401
1.406
1.233
1.517
1.076
1.449
1.007
1.472
1.086
1.151
0.931
0.908
1.677
1.141
1.031
1.068
1.270
1.417
0.928
1.359
1.373
1.573
1.259
1.414
1.270
1.001
1.249
0.925
1.584
1.111
1.285
1.302
0.931
0.972
1.335
1.651
1.230
1.168
1.236
0.954
1.350
1.119
0.938
0.828
0.934
1.317
1.319
1.022
1.206
1.269
1.291
1.599
1.512
1.471
1.141
1.024
1.042
0.899
1.230
0.937
1.297
0.911
1.522
1.053
1.271
1.465
0.929
1.256
0.966
0.929
0.891
1.234
1.059
1.121
0.879
1.402
1.218
1.228
1.351
1.720
1.295
1.290
0.847
0.894
1.431
1.185
0.898
0.885
1.276
1.244
0.908
1.442
0.736
1.140
0.955
1.042
0.948
1.138
1.500
1.387
1.275
0.947
1.499
1.335
1.678
1.189
1.631
1.469
1.187
1.227
1.393
1.443
0.958
0.946
1.214
0.996
1.517
1.344
1.213
0.827
1.099
1.374
1.067
1.299
1.250
0.866
0.993
1.623
0.922
1.063
0.916
1.260
1.382
1.173
1.036
1.343
1.543
0.929
1.074
0.985
1.469
0.905
1.230
1.615
1.048
1.581
0.983
1.339
1.354
1.030
0.912
1.420
1.297
0.985
1.330
1.207
1.262
1.525
1.350
0.972
1.495
1.304
0.998
1.379
1.135
1.178
1.211
0.952
1.341
0.953
0.975
1.233
1.750
1.309
0.906
1.268
0.849
1.011
1.487
1.339
0.940
1.378
1.117
1.342
0.912
1.296
1.457
0.987
1.073
0.904
1.204
1.495
1.328
0.925
1.504
1.293
1.507
1.525
1.339
1.514
1.561
0.906
1.262
0.999
0.919
0.918
1.316
1.343
1.343
1.446
0.962
1.571
1.296
1.115
1.212
1.069
1.284
1.401
1.078
1.407
1.044
1.087
1.444
1.340
1.299
1.038
1.236
1.423
1.241
0.947
1.324
1.452
0.929
1.232
1.049
1.397
1.360
1.419
1.309
1.474
1.401
1.132
1.059
1.434
1.379
1.317
1.153
1.088
1.684
1.481
1.219
1.316
1.191
1.470
0.866
0.912
1.584
1.465
0.963
1.201
1.541
1.434
1.206
1.488
1.628
1.645
1.415
1.529
1.453
0.985
1.485
0.976
1.414
1.256
1.467
1.759
1.430
1.111
1.370
1.547
0.895
1.073
1.578
1.164
1.311
0.930
1.165
1.499
1.610
1.205
1.150
1.568
1.017
1.269
1.315
0.916
1.472
0.960
1.018
1.187
0.900
1.025
1.167
0.907
0.877
1.406
1.243
0.923
1.008
0.992
1.264
1.118
0.927
1.327
1.417
1.163
1.262
1.692
1.221
0.962
0.875
1.269
0.932
1.425
1.179
1.296
1.753
1.183
1.380
1.362
1.227
0.976
1.477
1.350
0.973
1.088
1.273
1.584
1.398
1.384
1.385
1.103
1.167
1.395
1.376
1.498
1.188
1.120
1.184
1.382
1.020
1.415
1.322
1.004
1.350
1.430
1.301
1.370
1.014
1.172
0.943
0.983
1.623
1.360
1.169
1.371
1.454
1.372
0.861
0.975
1.354
1.235
1.375
1.502
1.364
0.938
0.859
1.011
0.884
1.305
1.109
0.998
1.470
0.972
1.020
0.919
0.881
1.632
1.424
1.202
0.950
1.255
1.206
1.062
0.918
1.505
1.243
1.413
1.292
1.214
1.280
1.273
1.348
1.477
0.887
1.359
1.448
1.296
0.941
1.568
0.963
1.452
1.285
0.046
0.983
1.480
1.420
0.960
1.481
1.350
0.879
1.546
1.323
1.348
1.140
0.914
1.369
1.314
1.242
0.849
0.922
1.392
1.421
1.416
1.101
1.318
1.285
1.360
0.825
1.196
1.293
1.260
0.950
0.905
1.242
1.075
1.086
1.648
0.901
0.969
1.508
1.244
0.853
1.083
1.238
1.374
1.248
1.497
1.006
1.472
1.058
1.645
0.861
1.525
1.377
1.242
1.093
0.878
1.409
1.347
1.340
1.021
1.003
0.919
1.516
1.273
1.209
1.765
1.392
1.372
1.077
1.396
1.278
1.294
1.399
0.948
1.237
1.312
1.426
1.563
0.878
1.345
1.118
1.194
1.561
0.959
1.307
0.887
1.301
0.996
1.181
1.348
1.208
1.488
0.968
1.440
1.569
1.009
1.370
1.173
1.259
1.191
1.184
0.963
0.938
2.020
1.484
1.176
1.425
1.248
1.548
0.996
1.541
1.686
1.466
1.153
1.213
1.468
1.588
0.939
1.322
1.066
1.621
1.396
1.374
1.279
1.136
0.926
1.169
1.316
0.910
0.915
0.898
1.422
1.332
1.456
0.960
1.248
0.926
0.863
1.559
1.444
1.213
1.453
1.265
1.224
1.701
1.746
1.306
0.960
1.346
1.742
1.113
1.539
0.878
1.376
1.529
1.265
1.547
1.496
1.067
1.130
0.939
1.679
1.018
1.651
1.351
1.350
1.392
0.909
1.137
1.476
0.923
1.112
0.840
1.489
0.963
1.424
1.570
1.340
0.944
1.532
1.163
1.352
0.988
1.098
0.976
1.025
1.263
0.948
0.985
1.340
1.374
1.224
1.316
1.369
0.974
1.341
1.099
1.490
1.326
0.948
1.285
1.556
0.937
0.926
1.116
1.003
0.904
1.431
0.982
1.310
0.838
1.157
1.374
1.175
1.262
0.990
1.467
0.875
1.404
1.369
1.206
1.140
1.237
1.249
1.000
1.417
1.016
1.266
1.230
1.458
1.065
0.995
0.945
1.552
0.941
1.413
1.750
0.958
1.006
0.940
1.102
1.605
1.273
1.260
1.315
0.922
1.501
1.105
0.981
1.525
1.189
1.117
1.497
1.120
1.021
1.344
0.993
1.422
1.496
0.958
1.303
1.003
1.334
1.333
1.490
1.203
1.433
1.224
1.527
1.111
0.829
1.105
1.019
1.430
1.071
1.318
1.374
1.265
1.295
0.885
1.078
0.966
1.466
1.398
1.003
1.525
1.534
1.130
1.084
1.379
0.875
1.258
1.558
1.300
1.386
1.252
1.503
1.436
1.014
1.107
0.990
1.369
1.403
1.387
1.531
0.870
0.916
1.025
0.972
1.436
1.055
1.380
1.367
1.125
0.949
1.024
1.413
1.038
0.932
1.567
1.581
1.447
1.281
1.189
1.114
1.399
1.638
1.240
1.095
1.215
1.203
1.493
1.398
1.405
0.863
1.552
1.549
1.322
1.077
0.900
0.989
0.999
0.943
1.426
0.895
1.058
0.965
1.597
1.368
1.203
1.212
1.283
0.930
1.256
1.437
1.262
0.933
1.165
0.929
1.371
1.551
0.938
1.426
1.168
1.061
1.224
1.524
0.984
1.374
1.244
1.321
1.279
1.156
1.298
1.293
1.439
0.952
1.174
1.396
1.251
1.228
1.024
1.363
1.076
0.991
1.010
1.692
1.293
1.392
1.175
1.392
1.234
1.307
1.512
0.995
1.358
1.562
1.228
1.229
1.221
1.421
1.405
1.415
1.128
1.183
1.588
1.336
1.348
0.936
1.358
1.451
0.911
1.469
1.309
1.148
0.975
1.492
0.895
1.502
1.202
1.066
1.018
0.976
1.061
1.846
1.661
0.996
1.746
1.288
0.909
1.347
1.045
0.919
1.299
1.222
1.426
0.947
1.321
1.278
1.420
0.883
1.765
0.974
1.106
0.997
1.014
1.329
1.322
1.388
1.403
1.376
0.831
1.291
1.177
1.408
1.346
1.347
1.164
1.338
1.253
0.867
1.028
1.198
1.397
1.381
0.971
1.187
0.981
1.282
1.154
1.388
1.354
0.971
1.406
1.190
1.345
0.994
1.348
0.877
1.382
1.326
1.223
1.462
1.317
1.209
1.340
1.357
0.933
0.830
0.944
1.215
0.990
1.006
1.227
1.543
1.023
1.258
1.676
1.351
1.309
1.312
1.298
1.010
1.371
1.064
1.579
1.000
1.577
1.052
1.017
1.501
1.340
1.336
1.250
1.363
1.608
1.373
1.354
0.938
1.303
0.956
1.393
1.422
1.248
1.264
1.333
0.903
1.168
1.312
1.161
1.052
1.644
0.932
1.444
0.964
0.865
1.317
1.139
1.125
0.929
0.904
1.224
0.977
1.377
0.860
1.188
1.645
0.998
1.097
1.224
1.389
1.161
0.832
1.098
1.361
1.219
1.440
1.271
1.455
1.727
1.465
0.870
1.525
1.298
1.383
1.232
1.108
1.468
1.160
1.151
0.897
1.124
0.990
0.882
1.314
0.941
1.112
0.964
1.230
1.040
1.013
0.920
1.268
1.303
1.626
0.919
0.912
1.256
0.933
1.669
0.966
1.083
1.353
1.400
1.448
1.456
1.282
1.441
1.346
1.519
1.021
1.260
0.961
1.333
1.518
1.332
1.345
0.962
1.464
1.293
1.453
1.474
0.792
1.526
1.200
1.402
0.961
1.042
1.167
1.549
1.159
1.332
0.947
1.025
1.466
1.337
1.360
1.464
1.034
1.367
1.457
1.612
1.064
1.033
0.956
1.455
1.443
1.197
1.100
1.500
1.499
0.906
0.877
1.433
1.315
0.902
1.468
1.449
1.234
1.028
1.387
1.277
1.393
1.493
0.914
0.994
0.884
1.301
1.252
1.138
1.107
0.847
1.232
1.199
1.294
1.379
1.365
1.062
0.954
1.237
1.086
1.317
1.287
1.046
1.557
0.914
1.419
1.516
1.278
1.294
0.978
1.433
0.973
1.240
1.116
1.007
1.388
1.311
1.339
1.461
1.154
1.587
0.903
1.170
0.989
1.777
0.899
1.212
1.635
1.038
1.037
1.623
0.987
1.399
1.010
1.351
1.158
0.945
1.270
1.455
1.193
1.025
1.322
1.123
1.326
1.316
1.542
1.384
1.554
1.412
1.274
1.099
1.265
1.531
1.215
0.930
0.962
1.101
0.917
1.226
1.264
1.057
1.571
1.370
1.371
1.230
1.347
1.435
1.288
1.005
1.242
0.925
1.387
1.461
1.343
1.043
1.218
1.234
0.968
0.963
0.940
1.383
0.956
1.454
1.516
1.121
1.235
1.332
1.577
1.545
1.180
1.439
0.901
1.171
1.333
1.010
1.288
1.101
0.959
1.502
1.193
1.275
0.972
1.259
0.897
1.015
1.287
1.560
1.333
1.439
1.024
1.246
1.298
1.643
1.058
0.963
1.014
1.389
1.085
1.317
1.835
1.138
1.274
1.495
1.159
0.977
1.359
1.204
1.153
1.542
0.928
1.232
1.045
1.036
0.989
0.981
1.633
0.955
1.271
0.972
0.965
1.121
1.412
1.449
0.877
0.899
1.262
1.466
1.561
1.241
0.984
1.413
0.953
1.418
1.147
1.005
1.212
1.249
1.318
1.213
1.278
1.171
1.654
1.448
1.090
1.427
1.323
1.372
1.332
0.977
0.951
0.996
1.340
1.250
1.127
0.860
1.367
0.915
1.402
1.184
0.899
1.418
1.188
1.080
1.440
1.463
1.325
1.682
1.434
1.106
1.523
1.194
1.386
1.257
1.318
0.957
1.208
0.995
1.240
0.916
1.353
1.167
0.868
1.002
1.381
0.965
0.901
1.101
0.876
0.981
1.068
1.171
0.987
1.262
1.135
1.390
1.019
1.303
1.509
0.994
1.376
1.320
0.891
1.197
1.219
1.202
0.892
1.140
1.321
0.899
1.296
1.195
1.402
1.633
1.017
1.049
0.880
1.384
1.065
0.945
0.957
0.930
1.513
0.903
0.968
1.222
1.497
1.020
0.944
1.610
1.471
1.036
1.574
0.924
1.041
1.256
1.382
1.040
1.316
1.114
1.467
1.422
1.168
1.161
1.805
1.087
1.427
1.094
1.302
1.115
1.158
1.395
1.222
1.195
1.015
1.251
0.843
1.300
0.933
1.402
1.041
0.948
1.026
1.117
1.229
1.369
1.186
1.341
1.289
0.981
1.461
1.092
1.303
1.221
1.587
1.073
1.327
0.920
1.110
0.929
1.395
0.912
1.385
1.197
1.521
0.959
1.406
1.427
0.910
1.157
1.205
1.393
1.623
1.134
1.293
1.216
1.255
1.501
1.456
1.292
1.356
1.150
1.188
1.506
0.883
1.151
0.920
1.480
1.323
1.132
1.530
1.147
1.392
1.429
1.299
0.869
1.453
1.221
1.559
1.428
1.129
1.570
1.328
0.952
1.382
0.942
0.949
1.385
1.288
1.204
1.140
1.303
1.152
1.089
0.854
1.013
1.289
1.033
0.933
1.267
1.243
1.474
1.295
1.390
1.183
1.181
0.990
1.540
1.003
1.375
1.164
1.169
0.993
0.915
0.908
1.519
1.413
1.446
0.915
1.302
1.467
1.336
1.318
0.897
1.259
1.589
1.586
1.303
1.089
1.246
1.117
1.443
1.858
1.340
1.375
1.556
1.136
1.271
0.853
1.128
1.527
1.357
1.311
1.327
0.911
1.533
0.988
1.555
1.145
1.106
1.678
0.863
0.987
1.264
1.209
1.419
0.928
1.414
1.324
1.194
0.971
1.368
1.360
1.241
1.279
1.037
0.915
1.251
1.178
0.919
1.264
1.251
1.457
0.949
0.877
0.950
1.673
1.415
1.406
0.956
0.938
1.406
1.079
1.316
0.978
1.235
1.226
1.263
1.349
1.396
1.224
0.973
1.128
1.046
1.035
1.426
1.424
0.921
1.218
1.023
1.137
1.536
1.165
1.262
1.280
1.363
0.975
1.307
1.233
1.270
1.257
1.115
0.983
1.042
1.402
1.157
1.469
0.922
1.424
1.146
1.056
0.928
0.933
1.230
1.354
1.457
1.378
1.196
1.327
1.455
0.967
1.100
1.297
1.305
0.938
0.898
0.877
1.420
0.931
1.357
1.465
0.923
0.953
1.186
1.417
1.327
1.256
1.412
1.139
1.366
1.495
1.574
1.206
1.021
1.173
1.295
1.677
1.159
1.249
0.969
1.215
1.057
0.915
0.841
0.976
1.316
1.198
1.545
1.196
0.926
0.994
1.273
1.496
1.320
1.193
1.001
1.480
0.947
0.939
0.982
1.027
1.267
1.745
1.479
1.192
1.564
1.367
1.667
1.032
1.121
1.423
1.291
1.189
1.349
0.963
1.094
1.037
1.061
1.064
1.350
0.927
1.507
0.924
1.555
1.491
1.501
1.154
1.261
1.298
0.904
1.432
1.265
1.423
1.111
1.350
1.313
1.353
1.146
1.143
1.399
1.299
1.380
1.272
1.272
1.047
1.192
1.270
1.193
0.877
1.200
0.922
1.586
1.250
1.138
1.527
1.439
1.502
1.331
0.983
0.932
1.301
0.966
1.448
1.081
1.270
1.332
1.319
1.765
1.676
0.939
1.399
1.007
0.935
1.500
0.939
1.501
1.135
1.169
1.285
1.575
0.880
0.981
1.249
0.907
1.395
1.385
1.156
1.363
1.075
1.452
1.601
1.276
1.191
1.472
1.382
1.394
1.294
0.996
1.611
1.504
1.366
1.318
1.303
1.520
0.923
0.988
0.831
1.342
0.935
0.890
1.316
0.885
1.405
1.223
1.300
1.423
1.506
1.177
1.142
1.318
1.009
0.965
1.000
1.004
1.250
1.324
1.382
1.336
1.107
1.487
1.352
1.386
1.417
1.278
0.950
1.534
1.397
1.182
1.160
1.296
1.015
1.185
0.862
1.269
1.344
1.329
0.966
1.417
1.306
1.064
1.230
0.882
1.158
1.624
0.874
1.435
1.134
1.160
1.277
0.895
0.924
1.026
0.938
1.552
1.399
0.954
1.496
1.251
1.406
1.175
0.928
1.351
1.143
0.880
1.126
1.160
1.313
1.484
1.423
1.231
1.021
1.230
1.388
1.138
1.396
1.026
1.616
1.171
0.909
1.607
1.335
1.416
0.990
1.317
1.446
0.995
0.930
1.233
1.388
1.005
1.678
1.517
0.989
1.121
1.479
0.914
1.298
1.090
1.295
1.186
0.861
1.008
1.603
0.893
0.937
1.420
1.622
1.420
1.034
1.251
1.315
0.943
1.000
0.907
1.374
1.236
0.920
1.350
0.940
1.500
1.023
0.920
1.021
1.160
1.251
1.218
1.463
1.041
1.163
1.454
1.103
1.073
1.288
0.909
1.172
0.874
1.356
0.951
1.264
1.428
1.270
1.012
1.528
1.330
1.303
1.594
1.299
1.543
0.992
1.174
1.117
1.604
1.406
0.876
0.858
1.634
1.482
1.431
0.923
0.979
1.088
1.214
1.295
1.508
0.957
1.316
1.552
1.131
1.121
1.427
1.180
1.585
1.250
1.060
1.429
1.609
1.330
1.448
1.092
1.026
1.349
1.520
1.284
1.346
1.192
1.305
1.329
1.343
1.262
1.451
1.312
1.205
1.323
1.217
1.490
1.331
1.149
1.103
1.574
1.004
1.319
1.218
0.918
1.417
1.234
1.337
1.585
1.100
1.302
1.398
1.138
1.134
1.156
1.422
1.226
1.493
1.124
1.020
1.647
1.004
1.427
1.213
1.154
0.931
1.451
0.955
1.266
0.951
1.379
1.285
1.397
1.410
1.009
1.256
1.757
0.937
1.600
1.421
1.215
1.390
1.112
1.558
0.982
1.010
1.045
1.316
1.299
1.458
1.360
1.378
1.213
1.071
1.751
0.896
0.925
1.060
1.549
1.128
1.439
0.849
0.939
1.309
1.158
0.975
0.908
1.041
1.508
1.094
1.402
1.325
1.423
1.210
1.411
1.210
1.073
1.473
1.043
0.910
1.457
1.687
1.361
1.384
1.209
1.290
1.533
1.116
0.920
1.074
0.990
1.324
0.977
1.239
0.929
0.899
0.940
1.217
1.407
1.459
1.334
1.157
1.372
1.297
0.943
1.219
1.320
1.343
1.372
1.406
1.329
1.669
0.937
0.946
1.475
1.260
1.272
0.969
1.331
1.531
1.421
1.064
1.420
0.987
1.143
1.025
1.227
1.107
1.348
1.449
1.209
1.213
0.913
1.007
1.484
1.243
1.403
1.296
1.224
1.338
1.520
1.470
0.885
1.122
1.328
1.052
1.185
1.210
1.531
1.402
1.365
0.967
1.103
1.413
1.487
0.890
1.016
1.462
1.132
0.953
0.942
0.892
0.966
0.905
1.254
1.589
1.213
1.303
1.233
1.324
1.126
0.941
1.087
1.167
1.585
1.471
1.486
1.162
1.207
1.375
1.625
1.375
1.096
1.335
1.284
0.937
1.423
1.304
1.311
1.001
1.656
1.175
0.986
0.919
1.303
0.967
0.810
1.366
1.030
0.924
1.316
1.266
1.397
1.168
1.312
1.363
1.645
0.928
1.349
1.065
1.437
0.926
1.738
1.167
0.968
0.915
1.222
1.322
1.262
1.370
1.238
1.101
1.162
1.619
1.297
1.582
1.827
1.616
1.357
1.025
1.360
1.317
1.690
1.267
1.260
1.107
1.138
1.187
1.491
1.005
1.182
1.172
1.378
0.993
1.574
1.069
1.316
1.417
1.107
0.980
1.068
1.546
1.259
1.470
0.928
1.310
0.904
1.295
1.398
1.527
1.565
1.136
1.115
0.960
1.470
1.304
1.471
1.408
1.300
1.150
1.243
1.105
0.887
1.054
1.466
1.087
1.072
1.465
0.927
1.226
1.313
1.523
1.056
0.954
1.479
1.316
1.380
1.020
1.307
0.905
1.427
0.975
1.455
1.374
0.917
1.270
1.095
1.140
1.063
1.036
1.310
1.190
1.213
1.154
1.292
1.430
0.989
0.938
1.006
1.130
0.998
1.198
1.608
1.425
1.076
1.274
1.332
1.134
1.244
1.186
1.325
1.318
0.944
1.412
1.257
1.257
1.273
0.924
1.249
1.470
1.252
0.919
1.054
0.997
1.261
1.368
0.880
1.093
1.414
1.609
1.347
1.405
1.298
1.485
1.505
1.268
0.970
1.005
1.204
1.200
1.044
1.455
1.091
1.340
1.079
0.862
0.924
1.197
1.492
0.949
1.363
1.510
1.104
1.254
1.268
1.220
1.376
1.143
1.470
1.001
1.024
0.914
1.213
1.471
1.242
1.022
1.120
1.306
1.170
0.985
1.416
1.473
1.494
0.976
1.535
1.538
1.514
1.306
1.208
1.170
1.339
1.223
1.386
0.961
1.259
1.215
1.395
1.254
1.632
1.024
1.143
1.068
1.153
1.368
1.071
1.514
1.167
0.954
1.050
1.361
2.498
1.639
1.329
1.008
0.853
0.896
1.496
0.976
1.343
1.175
1.404
1.100
0.965
1.208
1.211
1.324
1.252
0.970
1.520
1.007
1.144
1.185
0.936
1.480
1.357
0.919
1.631
1.287
0.992
1.559
1.462
1.442
1.423
1.148
1.269
0.885
1.302
1.218
1.070
1.283
1.626
1.375
1.156
1.221
1.422
1.563
1.207
1.383
0.836
1.332
1.289
0.887
1.138
1.144
1.320
1.286
1.067
1.393
1.297
1.106
1.452
1.118
1.021
1.346
1.505
0.918
1.146
0.929
1.698
1.428
1.378
1.351
1.154
1.212
0.898
1.472
1.334
1.216
1.469
1.173
1.399
1.699
0.982
1.348
1.280
1.131
1.582
0.926
0.881
1.106
1.000
1.421
1.316
1.006
0.905
1.082
1.365
1.019
1.017
1.538
1.677
1.025
0.997
1.452
1.285
0.961
1.297
1.518
1.192
0.972
1.605
0.868
0.895
1.329
1.178
0.938
1.163
1.462
1.226
0.978
1.743
1.184
0.896
1.255
1.347
0.979
1.080
0.906
1.368
1.371
1.375
1.039
1.336
1.321
1.309
1.595
1.154
0.932
1.019
0.868
1.601
1.352
1.395
1.826
1.322
1.279
1.440
1.395
1.461
0.781
1.579
1.196
0.987
1.231
1.416
0.928
1.307
1.191
1.323
1.064
1.555
1.327
1.217
1.224
1.288
0.970
1.069
0.898
1.257
1.298
1.160
1.210
1.626
0.987
1.538
1.339
1.032
1.496
0.965
0.884
1.071
0.876
1.396
0.957
1.575
0.975
1.023
0.934
1.383
1.045
1.235
1.338
1.417
1.274
1.389
1.378
1.317
0.886
0.962
1.290
0.984
1.275
1.456
0.843
1.191
1.123
0.880
1.179
1.106
1.275
1.117
1.479
1.209
0.869
1.329
1.260
0.888
0.918
1.288
1.270
1.202
0.964
0.951
1.085
1.390
1.261
1.121
1.427
1.739
0.876
0.910
1.430
1.474
1.328
1.495
1.398
1.623
1.640
1.035
1.661
0.934
1.126
1.633
1.284
1.420
0.915
0.938
1.702
1.364
1.102
1.298
0.998
1.378
1.232
1.333
1.166
0.840
1.219
0.905
1.220
1.305
1.532
0.932
1.393
0.935
0.942
0.991
1.261
1.095
1.260
1.605
1.362
1.357
0.934
0.872
0.895
1.469
0.969
1.354
0.969
0.978
1.055
1.494
1.325
1.264
1.199
1.261
1.261
1.290
1.574
1.156
1.408
1.135
1.077
1.169
1.363
1.142
1.337
0.998
1.394
1.280
1.218
1.378
1.315
0.913
1.440
1.089
0.910
1.238
0.936
1.346
1.249
1.480
0.969
0.873
1.463
0.879
1.236
1.192
1.308
1.120
1.349
0.920
1.256
1.274
1.364
1.365
1.014
1.424
0.910
0.959
1.019
1.282
1.072
1.266
0.869
0.909
1.062
1.004
1.374
0.929
1.040
0.928
1.152
1.285
1.267
1.308
1.339
1.177
0.942
1.680
1.383
1.411
1.003
1.058
1.302
1.237
1.414
0.963
1.282
1.435
0.949
1.390
1.249
1.395
1.386
1.281
1.456
1.279
1.158
1.214
1.295
1.287
1.070
1.306
0.956
1.395
0.914
0.936
1.516
1.298
1.167
1.350
1.161
1.450
1.163
1.155
1.141
1.156
1.240
1.468
1.445
1.182
1.442
1.228
1.199
1.393
1.544
1.039
0.994
1.167
0.970
1.372
1.307
1.079
1.088
1.105
1.331
1.217
0.910
1.349
1.193
1.218
1.543
1.071
0.934
1.133
1.139
1.276
1.040
1.498
1.179
1.205
1.343
1.198
1.384
1.328
1.272
1.347
1.386
1.289
1.408
0.929
1.289
1.531
1.159
1.454
1.366
0.870
1.330
0.982
1.126
1.261
1.483
1.652
1.409
1.156
1.355
1.367
1.365
0.874
0.943
0.936
1.303
1.385
1.152
1.012
1.096
1.484
1.372
1.300
1.025
0.936
1.237
1.543
1.461
1.150
0.951
1.147
1.555
0.945
1.024
1.196
1.037
1.488
0.889
0.933
1.123
1.509
1.308
1.176
1.356
1.123
1.270
1.474
1.237
1.187
1.282
1.474
0.940
1.124
1.393
1.355
1.368
1.398
1.018
1.400
1.048
1.043
1.130
1.499
1.323
1.423
1.427
1.542
1.164
1.312
0.913
1.264
1.165
0.941
1.394
1.561
1.136
1.118
1.315
1.304
1.471
1.148
0.902
1.480
1.559
1.231
1.348
1.208
1.326
1.216
1.640
1.361
1.118
1.328
1.142
1.612
1.144
1.215
0.913
1.047
1.101
1.272
0.946
1.046
1.201
1.472
1.311
1.497
1.200
1.183
1.036
0.897
0.929
1.234
0.950
0.939
1.428
1.613
1.289
1.439
1.403
1.305
1.440
1.287
1.479
0.948
0.981
1.370
1.183
1.522
1.430
0.954
1.459
1.270
1.009
1.062
1.202
1.209
1.275
1.529
0.893
1.235
0.940
0.932
1.196
1.338
1.166
1.290
1.282
1.294
0.816
1.469
0.884
1.314
0.951
1.482
1.249
1.218
1.460
1.564
1.179
0.951
1.327
1.127
0.944
1.019
1.015
1.324
1.405
0.912
0.964
1.325
1.340
1.498
1.308
0.925
1.360
0.898
1.320
0.856
1.882
1.475
1.468
1.280
1.236
0.898
1.068
0.998
0.958
1.389
0.821
1.258
1.533
0.942
1.266
1.265
0.975
1.513
1.281
1.006
1.055
1.247
1.401
1.173
1.306
1.221
1.073
1.406
1.048
1.006
1.432
1.132
1.240
0.953
1.330
0.952
1.296
1.371
1.186
1.329
1.233
1.322
1.286
1.371
1.242
1.661
1.479
1.478
1.613
1.340
1.366
1.481
1.502
1.433
1.335
1.475
1.298
1.275
1.395
1.295
1.348
1.060
1.029
0.943
1.336
1.476
1.295
0.924
1.304
0.823
1.236
1.130
1.286
0.868
1.246
1.242
1.211
1.401
1.154
1.256
1.419
1.327
0.911
0.968
1.005
1.650
0.909
1.316
1.413
1.185
1.213
1.481
1.403
0.857
1.449
1.158
0.927
1.490
1.645
1.010
1.313
1.380
1.494
0.948
1.313
1.139
1.746
1.320
1.587
0.979
1.019
1.040
1.012
1.314
1.467
1.648
1.137
1.417
1.317
0.923
1.413
1.451
1.345
1.251
1.417
1.024
1.537
1.255
1.136
1.195
0.920
1.519
1.460
1.236
1.096
1.216
0.956
0.921
1.358
1.048
1.036
1.532
0.935
1.654
1.515
1.503
1.220
1.357
1.100
0.975
1.477
1.216
1.156
1.056
1.206
1.185
1.301
0.939
1.348
1.260
1.463
1.082
0.949
1.269
1.450
1.160
1.330
1.510
1.423
1.050
1.336
1.046
1.336
0.944
1.319
0.979
0.972
0.896
0.957
1.191
1.438
1.127
0.939
1.043
0.887
1.107
0.838
1.083
1.425
0.926
1.155
0.879
0.979
0.954
1.050
1.468
1.584
1.218
1.378
1.054
0.960
0.978
1.412
0.955
1.335
1.397
1.299
1.377
1.353
1.082
0.889
1.430
0.914
1.008
1.085
1.361
1.184
1.114
1.259
1.548
1.317
1.339
1.099
1.288
1.307
1.166
0.985
1.171
1.510
1.295
0.871
0.978
1.312
0.993
1.393
1.299
0.863
1.219
1.582
1.380
1.294
1.015
1.467
0.897
1.008
1.434
1.239
1.230
1.287
1.358
1.266
0.874
1.005
0.039
1.134
1.263
0.952
1.226
1.248
1.519
0.996
0.968
1.256
1.536
1.358
1.272
1.673
1.422
1.018
0.882
1.464
0.978
1.340
1.324
1.143
0.858
0.962
0.899
1.379
1.410
1.201
1.130
1.565
1.384
1.197
0.939
0.907
0.957
1.195
1.635
1.572
0.901
1.398
1.276
1.141
1.189
1.427
1.009
1.080
1.280
1.362
1.340
1.110
2.192
1.605
0.892
1.236
1.007
1.736
1.381
1.282
1.012
0.944
1.715
1.135
1.136
1.110
1.292
1.491
0.897
1.368
1.466
0.889
1.259
1.223
1.345
0.995
1.478
1.364
0.862
1.264
0.909
1.350
1.385
1.215
1.326
1.064
0.903
1.134
1.249
1.602
1.301
0.939
1.430
1.177
1.086
0.827
1.411
1.200
1.429
1.273
0.881
1.149
1.209
1.190
1.418
0.974
1.055
0.870
1.212
1.199
0.899
1.453
1.302
1.578
0.907
1.354
1.296
1.066
1.057
1.380
0.918
1.657
1.319
1.058
1.422
1.094
1.172
1.350
1.765
0.993
1.672
1.186
0.943
1.251
1.254
0.888
1.303
1.464
1.201
0.927
1.397
1.076
1.271
1.500
1.252
1.246
1.359
0.850
1.328
1.566
1.060
1.019
1.549
1.261
0.876
1.222
1.264
1.242
1.000
1.100
1.058
1.130
1.492
0.919
0.996
1.208
1.283
0.902
0.914
1.020
1.004
1.100
1.401
0.943
0.891
1.162
1.306
0.966
1.346
1.024
1.117
1.316
1.249
1.029
1.446
1.102
1.200
0.939
1.474
1.649
1.453
1.492
1.238
0.905
1.345
0.978
1.243
1.284
0.959
0.985
1.269
1.331
1.460
0.979
1.515
0.990
1.473
0.897
1.390
0.731
1.061
1.071
1.405
1.344
1.532
1.584
1.167
1.446
0.894
0.998
1.514
1.510
1.328
1.227
0.966
1.312
1.392
0.985
1.455
1.626
1.237
1.366
1.537
1.352
1.594
1.350
1.167
1.155
1.321
0.907
0.981
0.907
1.259
0.949
1.358
1.483
1.488
1.058
1.307
1.442
1.294
1.212
1.248
1.004
1.422
0.903
1.565
1.397
0.966
1.339
1.089
1.325
1.454
1.467
1.344
1.078
1.376
1.202
0.882
1.160
1.248
1.242
1.063
1.443
1.265
1.187
1.480
0.907
0.955
1.456
1.258
1.187
1.181
1.219
0.944
1.531
1.566
1.295
1.167
1.281
1.465
1.325
1.253
1.397
1.240
1.322
1.381
0.926
1.254
1.563
1.059
1.195
1.089
1.301
1.178
1.230
1.432
1.196
1.034
1.169
1.492
1.149
1.114
0.943
1.381
1.390
1.026
1.222
1.412
1.002
1.289
1.536
1.250
1.348
1.303
1.522
1.377
1.498
1.125
1.332
1.123
1.043
1.242
1.351
1.443
0.928
1.324
1.296
1.130
2.202
0.968
0.984
1.168
1.481
1.053
1.181
1.281
1.307
1.135
1.213
1.120
1.458
0.891
1.091
1.434
1.343
0.993
1.353
0.927
0.832
1.126
1.344
1.364
1.288
0.927
0.861
1.378
1.065
0.914
1.171
1.470
1.356
0.895
0.912
1.083
0.909
0.967
1.072
1.372
1.222
1.157
1.347
0.974
1.011
0.979
0.966
1.145
1.351
1.255
1.423
1.427
1.476
1.514
0.939
1.060
1.007
1.222
0.934
0.889
1.526
1.416
1.691
1.484
0.937
0.914
1.359
0.921
1.194
1.168
1.185
1.217
1.274
1.377
1.330
0.917
1.313
1.541
1.407
1.600
1.130
0.973
0.966
1.360
0.964
1.294
1.266
1.213
1.260
1.882
1.306
1.248
1.269
1.196
0.810
1.200
1.600
0.955
1.006
1.331
1.159
1.455
1.388
1.191
1.105
1.374
1.226
0.955
1.155
1.473
1.109
0.910
1.112
1.203
0.932
1.567
1.222
1.259
1.231
0.915
1.480
1.460
1.130
0.918
1.374
1.149
0.940
0.931
0.880
1.042
1.377
1.407
0.929
1.425
0.887
1.301
1.809
1.515
1.641
1.335
1.604
1.657
1.178
1.076
1.442
1.451
1.148
1.624
1.309
1.374
1.272
1.065
1.088
0.912
1.258
1.604
0.873
0.929
1.356
1.372
1.436
0.903
1.089
0.924
1.285
1.357
1.206
1.099
1.236
1.216
1.628
1.531
1.511
0.941
1.293
0.988
0.930
1.252
1.333
1.403
1.241
1.282
1.301
1.142
1.500
1.646
1.044
1.443
1.463
1.558
1.337
1.217
0.996
0.892
1.050
0.944
1.135
0.982
0.874
0.940
1.150
1.107
1.104
1.363
1.439
1.571
1.421
1.253
0.883
1.601
1.286
1.115
1.208
1.410
1.298
0.926
1.465
0.921
1.346
0.891
1.246
1.727
1.409
1.373
1.344
0.938
1.351
1.457
0.941
1.461
0.945
1.083
1.431
1.034
0.889
1.386
1.169
1.256
1.575
1.212
1.328
1.297
1.330
0.967
1.279
1.146
1.539
0.892
0.894
1.634
1.253
1.210
0.835
1.270
1.533
1.046
0.907
1.383
0.990
0.899
0.863
1.217
1.028
1.302
1.578
1.381
0.895
1.308
1.129
1.208
1.342
1.260
1.229
1.392
1.455
1.480
1.169
1.140
1.424
1.469
1.484
1.319
1.027
1.575
1.264
1.439
1.231
1.368
1.556
1.075
1.069
1.371
1.019
0.939
0.952
0.973
1.601
1.490
1.156
0.970
1.230
1.446
0.943
1.372
1.422
0.943
1.367
1.187
1.229
1.321
1.258
1.294
0.952
0.791
0.979
1.163
1.277
0.966
0.984
1.575
1.415
0.915
1.325
1.306
1.343
1.037
1.677
0.945
1.605
0.874
0.941
1.440
1.685
1.146
0.903
1.214
1.068
1.393
1.422
1.227
1.221
1.023
0.916
1.376
0.929
0.898
1.608
1.226
0.884
1.593
1.274
1.303
1.192
0.922
1.026
1.327
1.073
1.223
1.391
1.604
1.042
0.936
1.262
1.345
1.516
1.364
0.962
1.290
0.940
0.912
1.392
1.489
1.262
0.981
1.032
1.354
1.551
1.024
1.475
1.150
1.053
1.624
1.367
0.902
1.110
0.849
1.563
0.885
1.404
1.195
1.441
1.379
1.250
1.189
1.002
1.575
1.083
1.476
1.309
1.468
1.249
1.259
0.909
1.555
0.990
1.471
1.356
0.971
1.084
1.255
1.170
1.707
1.086
1.380
1.471
1.657
1.321
0.989
1.249
0.868
0.952
1.007
1.882
1.424
1.403
1.348
1.205
0.969
1.407
1.153
1.193
1.238
0.927
1.578
0.965
0.950
1.298
1.361
1.340
1.375
1.378
1.016
1.170
1.162
1.374
0.942
1.378
1.136
1.038
1.380
1.489
1.297
0.955
1.176
1.335
1.139
1.063
1.553
1.157
0.949
0.974
1.377
1.192
1.086
1.278
1.220
1.361
1.201
1.123
1.272
1.835
1.017
1.662
0.921
1.556
1.670
1.595
1.543
1.463
1.435
1.571
1.554
1.468
1.074
1.000
1.186
1.298
1.553
1.313
0.886
1.280
1.316
1.102
1.201
0.977
1.208
1.038
1.152
1.231
1.440
1.237
1.495
1.180
0.954
1.102
1.074
0.988
0.945
1.230
1.033
1.031
0.932
0.999
1.436
0.903
1.144
1.441
0.949
1.222
1.361
1.359
1.515
0.955
0.942
0.950
1.435
0.979
1.081
1.059
1.117
1.199
1.088
0.937
0.985
1.662
1.498
1.295
1.856
1.002
0.895
1.324
1.202
1.379
1.287
1.162
1.041
1.506
1.181
1.176
1.507
0.967
0.971
0.936
0.904
0.967
1.005
1.080
1.660
1.306
1.353
1.625
1.509
1.617
1.459
1.554
1.217
0.916
1.116
1.005
0.879
0.876
1.180
0.970
1.080
1.558
1.370
1.292
1.270
1.404
1.528
1.239
1.457
1.660
1.438
1.417
1.096
1.040
1.100
1.597
1.003
1.416
1.573
0.957
1.184
1.007
1.545
1.254
1.278
1.367
0.935
1.156
1.216
0.920
1.010
1.126
1.295
1.041
1.332
1.050
1.306
0.994
1.344
1.489
1.055
1.478
1.335
1.155
1.291
0.940
1.340
1.405
1.277
0.906
1.368
0.973
1.523
0.975
1.032
1.474
1.328
0.996
0.989
1.424
1.002
1.423
1.534
1.198
0.958
1.190
1.520
1.295
1.287
1.146
1.157
0.922
1.326
1.916
1.371
1.323
0.950
1.426
1.181
0.975
1.299
1.457
1.160
1.114
1.256
1.307
1.162
0.949
1.189
0.878
1.559
1.586
1.126
1.643
0.991
1.087
1.020
1.287
0.987
1.377
1.341
1.427
0.929
0.935
0.924
1.570
1.345
1.540
1.203
1.264
1.354
1.341
1.445
0.939
1.205
1.206
1.375
1.183
0.939
1.198
1.401
0.870
1.081
1.270
1.334
1.334
1.298
1.869
1.601
1.013
1.593
1.319
1.064
1.104
0.924
1.567
1.305
1.366
1.170
1.332
1.331
1.263
1.263
1.044
0.931
1.394
1.179
1.312
1.327
1.369
1.357
1.431
0.915
1.291
1.411
1.225
0.929
1.276
1.217
1.561
1.132
1.609
1.534
1.188
1.002
1.057
1.480
1.167
0.985
1.521
1.624
1.040
1.174
1.464
1.420
0.961
1.335
1.165
1.255
0.893
0.934
1.354
1.467
1.073
0.993
1.210
0.978
1.433
1.330
1.109
0.902
1.041
0.928
1.284
1.435
1.464
1.411
1.405
1.183
1.408
1.414
1.367
1.274
1.492
1.457
0.909
1.271
1.335
1.328
1.419
1.684
0.880
1.084
0.806
0.872
1.494
1.469
1.462
0.943
1.498
1.499
0.929
0.884
1.049
1.389
1.151
1.314
1.202
1.425
1.356
0.934
0.991
1.459
1.489
1.199
1.379
1.467
1.335
1.052
1.132
1.248
1.585
0.997
0.921
1.576
1.449
1.470
1.085
1.048
1.356
1.301
1.111
1.254
1.073
1.048
1.355
1.246
1.317
1.034
1.422
1.604
1.557
0.940
1.801
1.077
1.084
1.350
1.106
1.073
1.413
1.485
1.517
1.071
1.025
0.925
1.433
1.354
1.570
1.410
1.130
1.188
1.404
1.379
1.323
0.984
1.417
1.469
0.981
1.294
0.973
1.701
0.911
1.200
0.977
1.281
0.852
0.964
1.384
0.976
0.897
1.173
1.203
1.367
0.879
0.827
1.344
0.944
1.008
1.490
1.134
1.281
1.406
1.151
1.293
1.030
1.503
1.313
1.189
1.384
1.233
1.055
1.097
1.029
1.057
1.590
1.441
1.312
1.393
1.659
0.941
1.198
2.699
1.330
1.485
1.602
1.448
1.284
1.426
0.919
0.959
1.372
1.059
1.286
1.696
1.283
1.496
1.422
1.129
1.031
1.520
1.034
0.942
0.934
1.422
1.449
0.922
1.523
0.963
1.444
1.046
1.028
1.199
1.031
1.227
1.242
0.940
0.935
0.982
0.845
1.068
1.166
1.285
0.938
1.121
1.067
0.975
1.101
1.502
0.916
1.200
1.243
1.043
1.309
1.487
1.688
0.957
1.029
0.844
1.544
1.227
1.094
1.381
1.543
1.302
1.380
1.228
1.647
1.234
1.732
1.064
1.358
1.204
0.984
1.327
0.914
1.318
1.533
1.304
1.303
1.375
0.953
1.473
0.985
0.962
1.052
1.131
1.564
1.222
1.572
1.542
1.260
1.317
1.414
1.126
1.152
1.495
1.349
1.463
1.492
1.112
1.531
0.913
1.539
0.964
1.424
1.620
1.395
1.044
1.269
1.466
0.986
1.516
1.032
0.999
1.445
1.011
1.079
1.348
1.127
1.009
1.583
1.364
1.228
1.051
1.577
1.337
