1.123
1.310
1.319
1.465
1.470
1.523
1.028
0.980
1.323
1.479
1.396
1.522
1.023
1.000
0.960
1.417
1.570
1.494
0.977
1.436
1.404
1.453
0.977
1.003
1.405
1.377
1.168
1.357
1.009
1.231
1.213
1.178
0.916
1.020
1.208
1.105
1.076
0.945
1.627
1.291
0.983
0.985
1.396
1.072
0.923
0.988
1.482
1.438
1.697
1.490
1.298
0.909
1.411
1.126
1.459
1.114
1.243
1.350
1.255
1.683
1.492
0.933
1.047
1.425
1.424
1.556
1.381
1.227
1.416
1.066
1.454
1.428
1.502
1.567
0.951
1.393
1.562
1.091
1.042
1.219
0.921
1.049
1.108
1.317
1.408
1.254
1.265
1.477
1.116
1.073
1.521
1.198
1.233
1.529
1.137
1.311
1.534
1.457
1.679
1.123
1.310
1.061
1.612
1.044
0.913
0.938
1.385
1.673
1.136
0.971
1.125
1.375
1.527
1.108
1.382
1.501
1.781
1.259
1.036
1.412
1.483
1.813
1.186
1.678
1.434
1.000
1.303
1.349
1.262
1.452
1.222
1.277
1.091
1.263
1.270
1.364
1.087
1.066
1.011
1.058
1.498
1.322
0.956
1.012
1.224
1.246
1.178
0.977
1.413
1.250
1.218
1.511
1.384
1.439
1.435
0.946
1.353
1.571
1.219
1.410
1.477
1.172
0.982
1.053
1.421
1.097
1.600
1.365
1.822
1.074
1.205
1.523
1.005
1.367
0.952
1.410
1.044
1.091
1.402
1.038
1.125
1.339
1.491
1.067
0.994
1.459
1.019
0.969
1.538
1.671
1.697
1.134
1.544
1.648
2.069
1.691
1.396
1.240
1.300
1.308
1.583
1.095
1.334
1.639
1.480
1.236
1.349
1.002
0.933
1.144
1.359
0.970
1.351
1.404
1.187
1.449
1.031
1.329
1.316
1.238
1.097
1.756
1.229
1.372
1.062
1.405
1.291
0.946
0.959
1.314
1.131
1.511
1.584
1.073
1.379
1.190
0.895
1.498
1.463
1.162
1.443
1.444
1.649
0.923
1.544
1.554
1.267
1.356
1.559
0.916
1.618
1.570
1.346
1.325
1.272
0.965
1.278
1.366
1.522
1.141
1.421
1.100
1.573
1.613
1.273
1.042
1.509
1.448
1.027
1.461
1.097
1.511
1.659
1.513
0.181
1.493
1.324
0.927
1.162
1.475
1.779
1.614
1.546
1.242
1.765
1.062
1.752
0.996
1.044
0.972
1.681
1.395
0.997
0.999
1.554
1.485
1.670
1.011
0.958
1.251
1.033
1.524
1.337
0.972
1.459
0.959
1.056
1.393
1.346
1.221
2.836
1.629
1.296
1.406
1.315
1.257
0.877
1.086
1.432
1.690
1.013
1.338
1.123
1.414
1.006
0.985
1.094
1.889
1.383
1.412
1.327
1.135
1.511
1.469
1.272
1.492
1.515
1.050
1.227
1.567
1.706
1.343
1.614
0.932
1.462
0.911
1.538
1.478
1.267
1.178
1.262
1.018
1.523
1.044
1.481
1.079
1.540
1.208
1.605
1.498
1.379
1.651
0.948
1.394
1.250
1.356
1.541
1.446
1.584
1.362
1.525
1.580
1.464
1.378
1.274
1.588
1.516
1.544
1.268
0.895
1.158
1.425
1.394
1.586
1.509
1.008
1.224
1.237
1.531
1.046
1.560
1.276
1.373
1.378
1.302
1.834
1.044
0.973
1.100
1.208
0.984
1.455
0.887
1.113
0.973
1.023
1.531
1.090
1.216
1.016
1.523
1.003
1.035
1.028
1.570
1.017
1.465
1.427
1.442
0.908
0.941
1.232
1.377
0.953
1.261
0.916
1.542
0.912
0.966
1.364
0.910
1.236
1.265
0.917
1.008
1.687
1.440
0.968
1.604
1.367
1.030
0.903
1.512
1.532
1.583
1.188
1.284
0.940
1.264
1.004
1.001
1.556
1.002
1.210
1.456
1.632
2.049
1.586
1.478
1.500
1.862
1.731
1.606
1.101
1.175
0.903
1.253
1.197
1.023
1.417
0.996
1.391
1.414
0.933
1.461
1.288
1.504
1.478
1.555
1.236
1.074
1.372
0.935
1.582
1.425
1.021
0.959
1.645
1.339
1.361
1.306
1.417
1.002
1.444
1.742
0.955
1.051
1.348
1.392
1.208
1.553
1.003
1.176
1.370
1.359
1.469
1.035
1.240
1.475
1.401
1.358
1.672
1.143
1.291
0.979
1.582
1.638
1.289
1.023
0.946
1.285
1.344
1.285
1.333
1.383
1.379
1.329
0.922
1.346
1.410
1.527
1.725
0.983
1.143
1.067
1.214
1.213
1.072
1.440
0.978
1.181
1.299
1.080
0.865
1.540
1.123
1.480
1.284
1.256
1.383
1.352
1.341
1.594
0.916
1.287
1.341
1.449
1.349
1.646
1.239
1.564
0.949
0.963
1.203
0.954
1.033
1.150
1.120
1.424
0.927
0.947
1.024
1.281
1.562
1.615
1.186
1.290
0.945
0.931
1.329
1.576
0.914
0.991
1.185
1.395
1.382
1.801
0.955
1.355
1.412
0.915
1.348
0.958
1.060
1.417
1.120
1.485
0.931
0.929
1.137
1.490
1.277
1.116
1.273
1.303
1.488
1.197
1.641
1.169
1.295
1.740
1.151
1.283
0.958
1.374
0.993
0.914
1.247
1.000
1.592
1.088
1.477
1.098
0.993
1.129
0.896
1.617
1.386
1.403
1.273
1.192
1.423
1.599
1.425
1.314
1.426
1.545
1.444
1.557
1.375
1.003
1.241
1.300
1.188
1.550
1.072
1.480
1.570
1.053
1.385
1.214
1.000
1.213
0.911
1.236
1.471
1.160
1.358
1.201
1.312
1.480
1.475
1.419
1.041
1.193
1.320
1.497
1.614
1.410
1.216
1.006
0.890
0.948
1.176
1.359
1.458
1.189
1.313
1.662
1.639
1.471
0.941
1.216
1.288
1.100
1.509
1.475
1.525
1.413
1.438
1.316
1.388
1.069
1.605
1.349
0.977
1.513
1.429
1.065
1.464
0.941
1.596
0.926
0.929
1.693
1.341
1.600
1.181
1.330
1.563
0.965
1.382
1.142
1.216
1.622
1.354
1.088
1.321
1.076
0.995
1.021
1.062
1.253
1.046
0.924
1.187
1.169
1.643
0.953
1.714
1.391
0.990
1.211
1.334
0.970
1.292
1.288
1.426
1.531
1.280
1.033
1.138
1.110
1.050
1.383
1.078
1.391
1.457
1.548
1.136
0.838
1.062
1.143
1.163
1.394
1.354
1.293
1.581
1.270
1.313
1.282
1.367
1.024
1.187
1.499
1.081
1.251
1.682
1.246
1.069
1.309
1.393
1.318
1.215
1.328
1.018
1.450
1.549
1.399
0.903
0.983
1.266
0.990
1.293
1.243
0.907
0.945
1.579
1.298
1.499
0.945
1.178
1.350
1.238
0.963
1.005
0.961
1.227
1.551
0.909
0.958
1.488
0.944
1.553
1.231
1.512
1.312
1.572
1.440
1.387
1.282
1.328
1.169
1.248
1.155
1.436
1.593
1.264
1.040
1.648
1.369
1.418
1.399
1.635
1.391
1.225
0.956
1.204
1.297
1.264
1.346
1.630
1.482
0.951
1.251
1.187
0.974
1.633
1.289
1.198
1.043
1.056
0.860
1.115
1.652
0.939
1.030
1.384
1.210
1.196
1.384
0.939
1.057
1.351
1.081
1.519
1.120
1.466
1.324
0.903
1.467
1.440
1.358
1.412
0.974
1.213
1.330
1.490
1.303
1.032
1.220
1.457
1.110
0.984
1.329
1.055
1.156
1.370
0.950
1.018
1.284
1.445
1.245
1.268
1.611
1.328
1.191
0.943
0.933
1.839
1.100
1.280
1.414
1.270
1.646
1.350
1.512
1.448
1.133
1.311
1.290
1.629
1.228
0.915
1.027
1.028
1.547
1.402
0.985
1.258
1.503
0.927
1.688
1.296
1.414
1.158
1.050
1.392
0.973
0.942
1.328
0.920
1.167
1.315
1.396
0.948
0.892
1.450
1.525
1.198
1.643
1.401
0.894
1.279
0.968
1.268
0.971
1.646
1.099
1.304
1.445
0.912
0.862
1.128
1.625
1.329
1.375
1.227
1.470
1.676
1.406
1.318
1.220
1.349
1.525
1.291
0.980
0.889
0.990
1.553
1.355
0.902
1.156
1.188
1.423
1.464
0.942
1.502
1.195
1.543
1.164
1.160
1.146
1.578
1.513
0.884
1.225
1.195
1.713
0.985
1.568
1.366
1.257
1.014
1.081
0.951
1.246
0.933
1.312
1.791
1.295
1.259
1.171
1.503
1.153
1.125
1.345
1.246
1.172
0.931
1.632
1.232
1.054
1.079
1.002
1.268
1.321
1.495
1.503
1.454
1.167
1.106
1.142
1.227
1.571
1.323
1.135
1.501
1.434
1.002
1.218
1.083
0.998
1.139
1.373
1.387
1.366
0.999
0.984
1.731
1.373
1.621
1.296
1.220
1.200
1.270
1.211
1.410
1.009
1.513
1.324
0.949
1.124
1.324
1.030
0.990
1.597
1.580
1.467
1.838
1.719
1.452
1.219
1.328
0.909
0.974
1.579
1.416
1.392
1.410
1.269
1.012
1.409
0.949
0.961
1.161
0.995
1.291
0.982
1.315
1.129
1.277
1.591
0.920
1.481
1.002
1.545
1.000
1.239
0.993
0.890
1.173
0.927
1.210
1.147
1.005
1.481
0.937
1.024
1.372
1.577
1.455
1.457
1.357
0.963
0.899
1.265
1.221
1.385
1.355
1.029
0.986
1.332
1.544
1.291
0.983
1.545
1.440
1.594
1.265
1.308
0.967
1.435
1.278
1.372
1.507
0.886
0.974
0.953
1.022
1.343
1.149
1.344
1.318
1.262
1.326
1.403
1.419
0.946
1.241
1.598
1.067
1.132
1.397
1.319
1.454
1.482
1.038
1.456
1.422
0.983
1.297
1.545
1.436
0.951
1.004
1.304
1.287
1.602
1.058
1.632
1.238
0.991
0.909
1.249
1.286
1.840
0.941
1.008
0.952
1.052
0.920
0.861
1.586
1.247
1.479
0.929
1.095
0.923
1.042
1.274
1.444
1.298
1.146
1.394
0.960
1.610
0.936
0.944
1.276
1.162
1.139
1.767
0.903
1.002
1.450
1.297
1.261
1.351
1.433
1.137
1.578
1.484
1.555
1.168
1.312
0.975
1.603
1.088
1.494
0.960
1.854
1.481
1.044
1.061
0.958
1.407
1.433
1.203
1.352
1.253
1.434
0.900
1.568
1.496
1.334
1.269
0.950
1.432
1.119
1.303
1.443
1.216
1.642
1.586
0.909
0.905
1.335
1.646
1.180
1.079
1.016
1.440
1.295
1.502
1.301
1.556
1.018
1.471
1.377
1.386
1.020
1.413
1.388
1.310
0.935
1.173
1.193
0.996
1.104
1.253
1.027
1.149
1.403
0.921
1.335
1.354
0.987
0.883
0.892
1.070
0.965
1.454
1.598
1.389
1.185
1.062
1.531
1.335
1.403
1.208
1.811
1.213
1.423
1.209
1.371
1.136
1.030
1.282
1.358
1.445
1.349
0.968
1.079
1.507
1.189
1.383
1.523
0.884
1.100
1.487
1.499
1.388
0.889
1.062
1.199
0.975
0.966
1.233
0.927
1.111
1.334
0.969
0.980
1.206
1.389
1.218
1.503
1.046
1.388
1.011
1.376
1.470
1.297
0.985
1.361
1.043
1.271
0.941
1.299
1.161
1.023
1.218
1.331
1.349
1.193
1.186
1.296
1.464
0.959
1.166
1.497
1.806
1.092
0.927
1.073
1.291
1.061
1.068
0.942
0.932
1.308
1.253
1.249
1.330
1.507
0.933
1.296
1.458
1.395
0.882
1.343
1.027
1.298
1.091
1.041
1.351
1.615
0.951
0.939
1.387
1.207
1.339
1.558
1.596
0.947
1.210
1.750
1.457
0.979
1.403
1.308
1.010
1.264
1.296
1.234
1.410
1.206
0.946
1.367
1.525
1.410
0.950
1.544
1.327
0.880
1.212
1.284
0.920
1.181
1.325
1.209
0.986
1.261
1.197
1.292
1.082
1.102
0.925
1.415
1.373
0.902
1.030
1.362
1.055
0.951
0.991
1.408
1.311
0.935
1.314
1.065
1.411
1.721
1.451
0.934
1.438
1.149
1.441
1.023
1.437
1.191
1.422
1.113
1.185
1.330
1.171
1.197
1.042
1.078
0.972
1.226
1.224
1.358
1.381
1.286
1.257
1.477
1.226
1.572
1.269
0.908
1.245
1.556
1.735
1.159
1.126
1.219
1.099
1.449
1.628
1.096
1.272
0.943
0.998
1.209
1.234
1.184
1.163
1.318
0.918
1.539
0.888
0.923
1.414
1.027
1.442
1.364
1.326
0.956
1.525
1.301
1.317
1.307
0.931
1.192
1.345
1.483
0.913
1.228
1.510
1.674
1.510
1.594
1.330
1.295
1.441
0.933
1.257
1.191
1.459
1.239
1.094
1.317
1.330
1.265
0.996
1.084
1.066
1.375
0.941
1.001
1.166
1.106
1.464
1.500
1.228
1.372
0.979
1.192
1.013
1.454
0.964
1.251
1.369
0.940
0.899
0.868
1.655
0.918
1.150
1.511
1.382
1.644
1.368
1.366
1.351
0.863
1.425
1.067
1.422
0.987
1.466
1.420
0.920
1.096
1.364
1.618
1.461
1.123
1.258
1.397
1.347
1.129
0.976
0.953
1.349
1.447
0.959
0.885
1.451
0.944
1.484
0.982
1.119
1.186
1.849
1.280
1.533
1.031
1.274
1.476
0.916
1.031
0.986
1.626
0.978
1.246
1.423
1.340
0.910
1.456
1.159
0.928
1.550
1.461
1.150
1.478
1.527
1.352
1.196
1.079
0.966
1.179
1.051
0.967
0.993
1.078
1.052
1.560
1.773
0.920
1.240
1.000
0.878
1.225
1.678
1.416
1.429
1.566
0.942
1.251
1.213
1.433
0.974
1.383
1.439
0.946
1.028
0.951
1.641
1.205
1.011
1.289
1.364
1.644
1.313
1.485
0.925
1.382
1.010
1.086
1.585
0.906
1.383
1.482
1.554
1.485
1.378
1.235
0.940
1.325
0.981
0.984
0.931
1.487
1.307
1.327
1.461
1.655
1.414
0.994
1.002
1.212
1.274
1.539
0.943
1.391
1.313
0.986
1.345
1.621
1.060
1.146
1.211
1.351
1.256
1.394
1.214
1.359
0.865
1.421
0.920
1.202
0.975
1.496
1.005
1.261
1.197
1.346
0.870
1.243
0.922
0.998
1.445
1.289
1.357
1.694
1.031
1.260
0.964
1.457
1.267
1.286
1.050
1.541
1.000
1.306
1.500
1.257
1.367
0.987
1.535
1.126
0.958
1.151
1.548
1.395
1.332
1.238
1.221
1.391
1.447
1.189
1.377
1.473
1.320
1.188
1.438
0.936
1.428
0.999
1.295
1.056
1.341
1.616
0.976
1.042
1.490
1.070
1.560
1.587
1.444
1.586
0.901
1.693
1.188
0.950
1.373
1.040
1.224
0.995
1.407
1.018
1.000
1.315
1.336
1.721
1.263
1.109
1.272
1.235
0.928
1.252
0.960
1.009
1.052
1.055
1.323
1.380
1.129
1.272
0.904
1.423
1.061
1.012
1.471
1.550
0.882
1.271
1.277
1.113
1.283
1.483
1.222
1.323
1.350
1.098
1.034
1.134
1.465
1.492
1.423
1.493
1.131
1.569
1.009
1.451
1.180
1.256
1.163
1.403
1.544
1.020
1.312
1.382
1.327
1.870
0.889
1.352
0.977
1.375
1.188
1.219
1.148
0.990
1.587
1.261
0.856
1.318
1.524
1.437
0.953
1.606
0.948
1.254
1.076
1.011
1.267
1.036
0.914
1.159
1.180
0.920
1.144
1.560
0.946
1.005
1.334
1.495
1.387
1.341
1.183
1.394
1.178
0.950
1.159
1.356
1.518
1.370
1.462
0.925
0.992
1.105
1.533
0.968
1.260
1.531
1.337
1.370
1.076
1.257
1.120
1.453
1.129
1.033
0.993
1.049
1.514
1.622
1.018
1.219
1.195
0.936
1.247
1.235
1.494
0.932
0.870
0.941
1.302
1.195
1.308
1.587
1.151
1.359
1.381
1.322
1.273
0.949
1.350
1.005
1.049
1.030
1.214
1.323
1.456
1.527
1.187
1.495
0.883
1.315
0.902
1.055
1.369
1.144
0.962
1.368
1.102
0.088
0.961
1.234
1.312
1.448
0.876
0.967
1.393
1.083
1.453
1.116
0.953
1.514
1.525
1.181
1.167
0.960
1.507
1.425
0.946
1.456
1.343
1.245
1.093
1.352
1.258
1.016
1.273
1.487
1.372
1.263
1.324
1.377
1.077
1.354
1.228
1.117
1.322
1.294
1.289
1.249
1.169
0.973
1.023
0.963
0.983
0.931
1.475
1.199
1.223
1.169
1.276
0.948
0.939
1.163
0.933
1.404
0.870
0.980
0.934
1.377
0.943
1.457
1.630
1.457
1.225
1.372
1.384
1.029
1.377
1.365
1.280
1.464
1.427
1.224
0.900
1.152
0.949
0.965
0.878
0.930
0.911
1.120
1.384
1.333
0.936
1.253
1.155
1.010
1.447
1.001
1.209
1.488
1.425
1.270
1.019
1.523
1.387
1.183
0.908
0.938
1.291
1.411
1.284
1.316
1.294
1.160
1.208
0.954
1.104
1.469
0.919
0.941
1.385
1.232
1.345
1.455
0.975
1.334
1.400
1.395
1.082
0.901
1.368
0.911
0.948
1.438
1.093
1.497
1.242
1.608
1.519
1.720
1.107
1.319
1.185
0.996
1.136
1.047
1.367
1.038
1.139
1.360
0.963
1.300
0.948
1.452
1.155
1.679
1.063
0.829
1.222
1.054
1.393
1.459
0.950
1.192
1.364
1.650
0.906
1.270
1.591
1.531
1.413
0.994
1.610
1.477
1.485
1.434
0.942
1.419
0.970
0.975
1.061
1.386
1.236
1.251
0.969
0.875
1.530
0.913
0.967
1.461
1.284
1.523
1.398
1.246
1.342
1.245
1.361
0.971
1.152
1.357
1.349
1.214
1.398
1.064
1.494
1.499
1.193
0.990
1.267
1.559
1.461
1.581
0.980
1.191
1.384
1.340
1.372
1.461
1.304
0.982
1.224
1.549
1.294
1.029
1.653
1.040
1.305
1.238
1.532
1.319
1.188
0.978
1.537
1.444
1.501
1.246
0.885
0.951
1.499
0.882
1.240
1.343
1.117
1.508
1.281
1.314
1.177
1.241
0.961
0.976
1.689
1.002
1.310
1.186
1.071
1.295
0.959
1.236
1.252
1.297
1.530
1.509
1.420
1.268
1.339
1.406
1.461
1.283
0.985
1.080
0.857
1.254
1.144
1.587
1.479
1.153
1.055
0.972
1.036
1.379
0.904
0.945
1.085
1.212
1.356
1.322
1.105
1.220
1.192
1.484
1.021
0.904
1.362
1.388
1.518
0.930
1.279
1.167
0.997
1.155
1.208
1.220
1.341
1.985
1.536
1.060
1.337
0.868
1.199
1.510
0.966
1.402
1.337
1.219
1.010
0.987
1.192
1.006
1.288
1.284
1.011
1.299
1.435
1.570
1.301
1.140
1.416
1.828
1.213
1.408
1.536
1.024
1.393
1.328
1.198
1.293
1.597
1.056
1.077
0.911
1.307
1.288
1.052
1.286
1.478
1.534
0.994
0.987
1.254
1.225
1.536
1.564
0.948
0.926
0.951
0.907
1.174
1.229
0.930
1.371
1.587
0.996
1.386
1.206
0.950
0.894
1.499
1.554
1.439
1.148
1.237
0.965
1.423
1.383
1.398
1.369
1.450
1.501
1.345
1.233
0.957
0.979
1.542
1.350
1.525
1.247
1.344
1.488
1.396
1.199
1.192
1.368
1.478
1.161
1.144
1.097
1.001
0.971
1.197
1.350
1.336
1.372
0.987
1.042
0.904
1.374
1.456
0.907
1.229
0.925
1.348
0.924
1.399
0.998
1.403
1.341
1.014
1.012
1.437
0.916
0.917
1.355
1.381
1.228
1.043
1.234
1.423
1.071
1.415
0.887
1.257
1.419
1.313
1.241
1.299
1.095
1.258
1.433
1.398
1.276
1.019
1.206
1.245
1.626
1.661
1.428
1.532
1.075
1.000
0.921
1.280
1.266
1.074
0.924
1.016
1.545
1.629
1.350
1.474
0.976
1.503
1.192
1.573
1.480
1.081
1.156
1.167
1.174
1.306
0.864
1.218
1.192
1.285
1.484
1.211
1.286
1.321
1.237
1.290
1.496
1.540
0.962
1.206
1.082
1.589
1.276
1.093
0.936
0.981
0.935
1.271
0.897
1.208
1.348
0.985
1.415
0.964
0.999
1.515
1.438
0.944
0.984
1.257
1.109
1.191
1.353
1.108
0.907
0.901
1.352
0.977
1.256
1.393
1.543
0.938
1.123
1.131
1.370
1.365
1.666
0.895
1.682
1.364
0.972
1.079
1.011
1.282
1.306
1.480
0.933
0.964
1.147
1.567
1.468
0.912
1.395
1.264
0.945
1.184
1.028
1.544
0.948
0.910
1.303
1.000
0.969
1.186
0.867
1.417
1.362
0.879
1.342
1.451
0.979
1.302
1.388
0.902
1.246
1.368
1.387
1.250
1.500
0.948
1.231
1.307
1.282
0.988
0.900
0.897
1.137
1.152
0.986
1.276
1.356
1.426
1.150
1.255
1.332
1.292
1.367
1.003
1.259
1.563
1.120
0.936
1.088
1.663
0.953
1.370
1.235
1.320
1.156
1.115
1.366
0.905
1.583
1.323
1.584
1.081
1.531
1.315
1.305
1.454
1.378
1.596
1.181
0.979
1.364
1.173
0.963
0.919
1.429
1.421
1.228
1.434
1.532
0.974
1.370
1.590
1.395
1.207
0.930
1.317
1.292
1.598
1.007
1.517
1.207
1.705
1.528
1.470
1.124
1.093
1.306
1.520
0.881
0.967
1.298
1.716
1.540
1.383
1.008
1.446
1.022
1.092
0.949
1.413
1.216
1.474
1.200
1.366
0.994
1.269
1.033
1.254
1.456
1.494
1.373
1.450
1.507
1.208
1.298
1.364
1.125
1.263
1.329
1.183
0.867
1.831
1.108
1.579
1.398
0.972
1.515
1.464
1.569
0.995
0.974
1.229
1.319
1.314
0.985
1.277
1.309
1.269
1.123
0.907
0.946
1.367
1.178
1.420
0.872
0.952
1.403
1.220
1.119
1.117
0.962
1.364
0.970
1.297
0.897
0.930
1.145
1.396
0.961
1.126
0.922
1.412
0.931
1.205
1.194
1.340
1.212
0.944
1.193
1.018
0.916
0.981
1.429
1.012
1.352
1.150
1.511
1.535
1.431
0.871
0.945
0.883
0.951
0.904
1.259
1.275
0.937
1.042
1.421
1.626
1.450
1.305
0.949
1.752
1.235
1.200
1.269
1.316
1.264
1.195
1.264
1.344
0.928
1.222
1.377
1.113
1.195
1.076
1.851
1.297
1.431
1.024
1.575
1.557
1.170
1.165
0.966
1.481
1.387
1.167
1.201
1.198
0.031
1.456
0.951
1.264
1.523
0.941
0.986
0.902
0.900
1.047
1.209
1.350
1.303
1.412
1.020
0.966
1.246
1.103
1.485
0.941
1.400
0.961
0.922
1.846
1.001
1.364
1.366
1.478
1.249
0.929
1.295
1.750
0.986
1.274
1.265
1.175
1.037
1.546
1.283
1.400
1.356
1.018
1.286
1.351
1.000
1.512
1.617
1.362
1.185
0.949
1.325
1.168
0.928
1.459
1.524
1.202
1.583
1.353
0.939
1.015
1.422
1.004
1.475
1.136
1.669
1.381
1.613
0.923
1.228
1.341
0.948
1.454
1.627
0.931
1.354
1.465
1.338
1.454
1.353
0.980
1.260
1.755
0.930
1.289
0.980
1.574
0.939
1.374
1.765
1.111
1.261
1.447
1.008
1.090
1.398
1.618
0.973
0.917
1.321
1.185
1.416
1.358
1.170
1.192
0.998
1.400
1.526
1.429
1.631
1.118
1.172
1.731
1.070
1.346
1.171
0.889
1.197
1.369
1.328
1.064
0.987
1.162
1.116
1.246
1.171
0.915
1.016
1.319
0.944
1.341
1.030
1.148
1.375
1.004
0.971
0.998
0.900
1.288
0.996
1.356
1.264
0.874
1.362
0.998
0.982
1.569
1.273
0.914
1.258
1.478
1.494
1.412
1.376
1.082
1.024
0.980
0.938
1.218
1.571
0.973
1.513
0.967
0.951
0.989
1.045
1.015
1.347
1.556
1.502
1.445
1.372
0.867
1.172
1.498
1.294
1.322
1.020
1.416
1.241
1.059
1.327
1.315
1.326
1.476
1.741
0.993
1.304
1.426
1.422
1.024
1.221
1.048
1.730
1.520
1.260
1.397
0.973
1.410
1.477
1.414
1.301
1.352
1.220
0.948
0.963
0.991
0.914
0.943
1.351
1.083
1.110
1.219
1.677
0.953
1.374
1.486
1.064
0.991
1.289
1.265
1.122
1.312
0.916
1.216
0.962
1.266
1.391
1.242
1.025
1.326
0.924
1.401
1.511
1.205
1.530
1.408
1.485
1.162
1.622
1.353
0.959
0.879
1.567
0.981
1.486
0.981
1.318
1.023
0.999
1.169
0.913
1.253
1.002
1.206
0.925
0.890
0.966
1.024
1.368
1.269
1.353
1.223
1.191
1.341
1.220
0.898
1.259
1.128
1.435
1.060
1.349
1.213
1.672
1.298
1.520
0.919
1.169
0.917
1.353
1.510
0.958
0.947
1.386
1.274
1.528
1.162
1.237
1.495
1.493
0.920
1.449
1.010
0.978
0.835
1.305
0.997
0.967
1.457
0.902
0.916
0.951
0.888
1.165
1.343
0.931
1.451
0.916
1.379
1.176
1.056
1.118
1.185
1.398
1.226
0.993
1.239
1.487
1.389
0.907
1.291
1.362
1.550
1.411
1.369
1.385
1.364
1.523
1.224
1.246
1.589
0.894
1.242
1.373
1.026
1.065
0.951
1.195
1.542
1.018
1.267
1.382
1.006
1.379
1.397
0.906
1.241
1.052
1.742
0.964
1.245
1.354
1.314
1.498
1.691
1.041
0.916
1.358
1.101
0.952
1.290
0.911
1.065
1.775
1.174
0.993
1.403
1.421
1.525
0.934
1.452
1.223
0.956
1.237
1.044
1.319
1.138
1.283
0.860
0.924
0.970
1.478
0.876
1.139
0.899
1.367
1.331
1.141
1.483
0.954
1.328
1.470
0.915
0.907
0.898
1.279
0.970
1.622
0.982
1.072
1.461
1.499
1.142
0.938
1.509
1.340
1.037
1.415
1.263
1.572
1.480
1.328
1.415
1.015
1.215
1.400
1.060
1.519
0.911
1.016
0.979
1.364
1.095
1.398
0.818
1.362
1.214
1.517
1.196
1.307
1.302
1.038
1.204
1.256
1.591
1.307
0.990
1.254
0.953
1.586
1.216
1.327
1.177
1.371
1.404
0.973
1.551
0.917
1.365
1.317
0.984
1.391
1.273
1.134
1.410
0.957
1.300
1.417
1.401
1.101
1.348
1.445
1.175
1.421
1.240
1.052
1.713
0.945
1.335
1.379
0.928
0.893
1.576
1.171
0.920
1.555
1.391
0.950
1.614
1.030
0.933
1.457
1.066
1.051
1.277
0.892
1.324
1.447
0.915
1.053
1.329
1.078
1.277
1.200
0.914
1.202
1.203
1.041
1.200
1.198
1.266
1.511
1.537
1.262
1.444
1.348
1.107
0.933
1.390
1.410
1.489
1.043
1.246
1.106
0.920
1.251
1.499
1.450
1.327
1.242
1.402
1.162
1.380
0.985
1.032
1.189
1.163
0.887
0.885
1.188
1.350
1.163
0.970
1.381
1.070
1.054
1.238
1.231
1.196
1.023
1.227
1.295
1.549
1.391
1.070
0.906
1.176
1.348
0.998
1.437
1.408
1.194
1.259
1.641
1.268
1.119
1.181
1.405
1.246
1.036
0.893
0.985
1.303
1.405
1.290
1.406
1.443
1.379
1.267
1.248
0.865
1.661
1.760
1.383
0.980
1.508
1.374
1.221
1.602
1.253
0.886
0.989
1.413
1.161
0.986
1.252
0.882
0.941
0.929
1.408
1.152
1.468
1.177
0.980
1.242
0.938
1.160
1.501
1.471
1.309
1.379
1.377
1.061
1.347
1.406
1.380
0.915
0.927
1.463
1.042
1.294
1.449
1.487
1.483
1.012
1.071
1.393
0.995
0.911
1.132
0.942
0.874
0.955
1.507
1.126
1.258
1.329
1.380
1.202
0.922
1.421
1.240
1.494
1.230
1.039
1.343
1.363
1.891
1.371
1.357
1.002
0.928
1.260
1.263
1.203
1.411
1.452
1.259
1.109
1.348
0.887
0.960
1.266
1.115
1.363
1.253
1.377
1.011
1.371
1.226
1.466
1.397
1.078
1.281
1.021
1.624
1.247
1.347
0.906
1.130
1.376
0.857
1.244
1.128
1.340
0.954
1.401
0.950
1.225
1.526
1.476
1.146
1.777
1.354
0.902
1.193
1.144
1.270
1.140
1.299
1.300
1.148
1.207
1.384
0.980
0.902
1.472
1.424
0.980
1.342
1.284
1.354
1.396
1.216
0.971
1.207
0.897
1.511
1.546
1.636
0.949
1.461
1.460
1.543
1.161
1.045
1.631
1.166
0.912
1.543
1.627
1.062
0.972
1.317
1.565
1.362
1.394
0.932
1.358
0.971
0.882
1.603
1.253
1.005
1.559
0.918
1.390
1.244
1.349
1.044
1.000
0.927
1.540
0.960
1.373
1.406
1.416
1.525
1.263
1.182
1.201
1.300
1.668
1.510
0.936
1.171
1.656
1.251
0.869
1.298
1.605
1.698
0.898
1.642
1.243
0.886
1.516
1.345
1.414
0.944
1.028
0.958
1.497
1.270
1.167
1.093
1.285
1.640
1.378
1.123
1.155
1.238
1.034
1.201
0.909
1.528
0.960
1.080
1.024
1.319
0.904
1.129
1.408
1.481
0.897
1.342
1.312
0.922
0.988
0.998
1.398
1.044
1.453
1.132
1.312
1.022
1.019
0.923
1.418
1.011
1.398
1.426
1.322
0.878
0.936
1.599
1.266
1.356
1.313
1.224
0.961
1.356
0.963
1.293
0.988
0.969
0.939
0.919
0.917
0.896
1.288
0.967
1.169
0.910
0.864
1.055
0.983
1.408
0.879
1.455
0.982
1.134
1.040
1.037
1.504
1.467
1.534
1.358
1.484
1.230
1.344
0.999
0.913
1.303
1.413
1.509
1.358
1.326
0.950
1.485
1.248
0.922
1.472
1.230
0.896
1.319
1.329
1.380
1.155
1.147
1.448
1.286
1.332
1.401
1.336
1.488
1.349
1.394
1.705
1.335
1.201
1.067
0.910
1.363
1.350
1.284
1.404
1.561
1.632
0.822
1.505
1.097
0.930
1.000
1.206
1.627
1.206
1.479
1.516
1.361
1.326
0.994
1.369
1.054
1.070
1.248
0.948
1.314
1.501
0.971
1.359
0.987
1.208
1.245
1.100
1.060
1.238
1.394
1.436
1.269
1.498
0.984
1.319
1.487
1.274
1.346
1.527
1.416
1.372
1.409
1.240
1.001
1.305
1.080
1.525
1.400
1.183
1.498
1.109
1.298
1.643
1.637
1.508
1.140
0.990
1.289
1.512
0.957
1.547
1.221
1.425
1.498
1.035
1.472
1.251
1.339
1.214
1.343
1.116
1.526
1.260
1.510
0.996
1.015
1.056
1.215
1.041
0.939
1.424
0.901
1.399
1.022
1.376
0.843
1.243
0.957
1.618
1.329
1.046
0.881
1.580
1.318
1.416
1.357
1.771
1.126
1.494
1.142
1.194
1.121
1.028
1.275
1.023
1.037
1.424
0.993
1.269
1.487
1.532
1.403
1.014
1.197
1.503
1.061
1.405
1.242
1.201
1.371
1.512
1.484
1.251
0.986
1.057
1.511
1.552
0.960
1.212
0.993
1.107
1.336
1.660
0.954
1.164
1.614
1.063
1.009
1.071
1.575
1.407
1.416
1.569
1.181
1.074
1.201
1.351
1.317
1.380
1.028
1.318
1.368
1.260
1.215
1.756
1.345
1.241
1.383
1.447
1.199
1.391
1.491
1.475
1.354
1.337
1.473
1.472
0.848
1.287
0.901
0.944
1.093
1.329
1.526
0.967
1.025
0.945
1.406
1.608
1.329
0.960
1.445
1.451
1.432
1.198
1.395
1.213
0.906
1.306
1.200
1.185
1.187
1.276
0.942
0.995
0.971
1.013
1.048
1.532
1.341
1.197
1.364
1.048
1.314
1.327
1.433
1.363
1.309
1.290
1.324
0.978
0.974
1.588
0.887
1.299
1.196
1.510
0.967
1.113
0.997
1.375
1.213
1.363
1.370
1.366
0.952
1.417
1.270
1.470
1.033
1.719
1.072
0.957
1.335
1.079
1.195
1.216
1.513
1.241
1.175
1.569
1.029
0.959
0.932
0.965
1.320
1.335
1.375
0.944
1.334
1.487
0.934
1.444
1.002
0.934
1.575
1.494
1.297
1.106
1.352
1.172
0.968
1.442
1.218
1.237
1.118
1.088
1.499
1.514
1.425
1.255
1.475
1.359
1.137
1.227
0.888
1.428
1.269
1.604
1.537
1.395
1.030
1.248
1.311
1.388
1.015
1.361
1.001
1.507
1.114
1.016
1.209
1.178
1.353
1.217
1.478
1.580
1.577
1.261
1.688
0.972
1.084
0.927
1.070
1.066
1.485
0.920
0.965
1.272
1.703
1.106
1.575
0.907
1.396
1.156
1.734
1.331
1.250
1.712
1.394
0.893
1.446
1.558
1.124
1.045
0.962
1.312
1.502
1.425
1.766
1.478
0.950
1.837
1.080
1.489
1.305
1.170
1.243
1.450
1.491
0.879
0.922
1.311
1.526
1.569
1.249
1.495
1.416
1.241
0.876
1.488
1.550
1.188
0.898
0.998
1.116
1.119
1.395
1.133
1.491
1.112
0.989
1.111
1.301
1.511
1.021
0.889
0.911
1.358
1.391
0.980
1.020
0.978
0.948
1.448
1.591
1.221
1.401
1.224
0.969
1.419
1.395
1.283
1.102
1.442
0.959
1.243
1.366
1.426
1.222
1.006
1.568
1.627
0.983
0.912
1.223
1.559
1.256
1.225
1.450
1.206
1.236
1.246
0.957
0.943
1.299
1.494
1.330
0.858
1.454
0.910
0.862
1.330
1.276
1.430
1.349
1.102
1.049
1.343
0.992
1.148
0.966
1.397
1.165
1.191
1.082
0.968
1.542
1.459
1.191
0.994
1.519
0.950
1.217
1.323
1.013
1.419
1.215
1.391
1.017
1.521
1.497
1.332
1.446
1.336
0.988
1.508
1.281
1.018
1.018
0.988
1.475
1.369
1.224
1.324
1.173
1.371
1.463
0.868
1.030
1.474
1.505
0.931
1.197
1.246
1.426
1.188
0.972
1.345
0.965
1.399
1.114
1.501
1.467
1.260
0.910
1.425
1.466
1.429
1.042
1.198
1.346
1.020
1.398
1.235
1.679
1.333
1.334
0.957
1.628
1.287
0.944
0.931
1.342
1.408
1.400
1.310
1.399
1.325
1.138
1.397
1.498
0.972
1.324
1.047
0.981
1.046
1.401
1.109
0.957
1.039
1.166
1.141
1.545
1.675
1.376
1.218
1.273
1.384
0.928
1.311
1.477
1.423
1.320
1.151
1.409
1.211
0.892
1.251
1.358
0.970
1.425
1.062
1.834
1.178
1.602
0.921
1.189
1.129
0.873
0.958
1.382
1.357
1.033
1.361
1.687
0.986
0.905
1.542
1.458
0.859
1.204
1.365
1.336
1.016
1.533
1.574
0.991
0.905
1.321
0.942
0.894
1.030
1.390
0.911
1.473
0.967
0.963
1.444
1.195
1.488
1.103
1.192
0.979
1.048
1.262
1.248
1.584
1.490
1.298
1.258
1.538
1.373
1.016
1.246
1.014
1.389
1.160
1.223
0.944
1.503
0.040
1.059
0.988
1.109
1.132
1.197
1.199
1.348
1.275
1.327
1.085
0.957
0.949
1.721
1.102
1.029
1.865
1.340
1.691
1.273
1.672
1.493
1.716
1.630
1.300
0.953
1.424
0.946
0.942
1.515
1.127
1.243
1.362
0.944
1.337
1.248
0.957
1.567
1.130
1.544
1.079
1.662
1.107
1.011
1.441
1.372
1.563
1.401
0.938
1.069
1.395
1.501
1.135
1.474
0.912
1.268
1.387
1.355
0.930
1.178
1.512
1.344
1.224
1.535
1.579
1.550
1.151
1.057
1.057
1.380
1.186
1.327
1.416
1.450
1.276
1.585
1.045
1.377
1.173
1.451
1.515
1.248
0.900
0.955
1.458
1.423
1.499
1.358
0.917
1.231
1.265
1.431
1.006
1.854
0.895
1.478
1.698
0.942
1.285
1.420
0.995
1.253
1.233
1.597
1.005
1.034
1.013
1.391
1.231
0.909
1.115
1.292
1.283
0.920
1.376
0.853
0.881
1.450
1.018
1.237
1.075
0.994
0.898
1.289
0.976
1.201
1.049
1.278
1.041
1.386
1.475
1.484
1.727
1.348
1.434
0.088
1.603
1.358
1.113
1.303
0.923
1.400
1.348
1.265
1.243
1.357
1.451
0.913
1.881
1.359
0.976
1.006
1.584
1.120
1.096
0.919
1.415
1.437
0.894
0.914
1.511
1.643
0.927
1.389
1.507
1.309
1.247
0.975
1.468
1.098
1.319
1.230
1.451
1.146
1.170
1.364
1.153
0.933
1.446
1.451
0.956
0.996
1.475
1.048
1.018
1.504
1.298
1.454
1.375
1.015
1.595
1.176
1.274
0.855
1.418
0.948
1.594
1.455
1.370
0.970
1.313
1.166
1.484
1.407
1.230
1.284
1.464
1.532
0.923
1.355
1.236
1.386
1.216
0.895
1.197
1.365
1.284
1.418
1.156
1.213
0.907
1.356
1.519
1.233
1.481
1.156
1.382
0.863
0.924
1.340
1.130
1.051
0.904
0.916
1.471
1.432
1.526
0.875
1.189
1.515
0.971
1.330
1.008
1.559
1.113
1.325
1.380
1.385
1.478
1.414
1.501
0.911
1.590
1.400
1.356
1.376
0.955
1.208
1.206
0.950
1.304
0.885
1.256
1.418
1.283
1.480
1.537
1.251
1.086
1.431
1.299
0.967
1.370
1.582
1.018
1.382
1.117
1.016
0.976
1.760
1.423
1.369
1.142
1.256
1.368
0.901
1.274
1.106
1.280
1.223
1.390
1.574
1.121
1.256
0.958
1.023
1.533
1.317
1.689
1.054
1.418
1.301
1.024
1.447
1.308
1.014
1.514
1.519
1.639
1.255
1.590
1.029
1.236
1.636
1.093
1.245
1.303
1.008
1.177
1.213
1.330
1.424
1.006
1.607
1.294
1.564
0.994
0.889
1.324
1.530
1.078
1.362
1.219
1.538
1.408
1.132
1.616
1.245
0.941
0.939
1.280
1.407
1.034
1.237
0.950
1.044
1.050
1.271
0.872
0.929
1.292
1.341
1.439
0.910
1.437
1.377
1.069
1.398
1.245
0.952
1.166
1.221
1.024
1.050
0.871
1.376
1.454
1.422
1.251
1.519
1.073
1.286
1.292
1.632
0.968
1.049
1.158
1.065
1.178
1.134
1.437
1.051
1.337
1.439
1.268
1.178
0.936
1.259
1.100
1.300
1.354
1.197
0.879
1.331
1.209
1.441
0.916
1.298
1.194
1.612
1.443
1.226
0.952
1.269
1.124
0.932
0.945
1.446
1.666
1.289
1.593
1.364
1.188
1.318
1.577
1.292
1.368
1.154
0.989
0.920
1.082
1.081
1.132
1.091
0.962
1.042
1.441
1.024
1.296
0.996
1.356
0.986
1.362
1.422
1.400
1.332
1.359
1.480
1.302
1.526
1.458
0.926
1.554
0.930
0.876
1.476
1.606
1.346
1.510
1.013
1.096
1.558
1.220
1.076
1.649
1.367
1.472
1.155
1.214
1.363
1.446
1.439
0.987
0.961
0.935
1.625
1.156
1.485
0.925
0.926
1.550
1.001
2.913
0.895
1.002
1.415
1.436
1.351
1.037
1.396
1.518
1.613
1.537
0.927
1.244
1.156
1.496
1.284
0.889
1.321
1.195
1.490
1.451
1.200
1.094
1.632
1.026
1.274
1.274
1.392
0.894
1.389
0.984
1.294
1.410
1.143
1.465
1.305
1.270
0.922
1.577
1.384
1.098
1.277
1.218
1.313
1.141
0.924
1.618
1.249
1.113
1.047
0.896
0.753
1.253
0.992
1.633
0.872
1.060
1.427
1.167
1.762
1.086
1.167
1.424
1.288
1.524
1.215
1.220
1.298
1.106
0.948
1.563
1.543
1.307
0.895
1.341
0.950
1.295
1.023
0.893
1.630
1.585
1.330
0.957
1.209
0.816
1.582
1.508
1.571
1.292
1.348
1.374
1.314
1.312
0.991
1.102
1.357
1.066
1.037
1.416
0.909
1.092
1.389
1.292
1.605
0.923
0.948
1.339
1.155
1.622
0.998
1.305
0.935
1.411
1.572
0.970
1.244
1.460
1.152
1.287
1.532
1.495
1.095
1.297
0.916
1.234
1.306
1.371
1.426
1.224
1.260
0.905
1.500
1.201
0.944
1.544
0.954
1.693
1.488
1.564
1.690
1.279
1.259
1.272
1.554
1.034
1.002
1.083
1.555
1.067
1.247
0.943
0.873
1.314
1.601
1.311
1.235
1.592
1.262
1.487
1.226
1.305
1.006
1.367
0.984
1.273
1.510
1.443
0.965
1.399
0.905
1.304
1.208
1.473
1.248
1.273
0.871
0.923
1.118
1.023
1.313
1.234
1.536
1.432
1.356
1.448
1.015
1.307
1.555
1.193
1.563
1.402
1.110
1.063
0.904
0.913
1.191
0.982
1.322
1.158
1.262
1.359
1.158
1.524
1.432
1.401
0.910
0.945
1.337
1.343
1.235
1.054
0.942
1.357
0.976
1.143
1.463
1.297
1.432
0.857
1.033
0.904
1.095
0.938
1.146
1.414
1.401
0.984
1.295
1.248
1.005
1.050
1.305
1.322
1.230
1.514
0.930
1.311
1.103
0.962
1.373
1.388
1.019
1.266
1.163
1.163
1.222
1.163
1.384
1.086
1.310
1.232
1.016
1.285
1.489
1.225
0.872
1.406
1.355
1.030
1.143
1.436
1.261
0.978
1.043
1.204
1.236
1.409
0.939
1.260
1.262
1.384
1.007
1.172
1.398
1.175
1.437
1.112
1.263
0.918
0.948
1.250
1.097
1.813
1.296
1.379
1.314
1.347
0.914
1.277
1.527
1.280
1.347
1.609
1.236
1.208
1.124
1.375
1.586
1.542
1.409
1.500
1.009
1.232
1.564
1.159
1.296
1.429
1.392
1.532
0.970
1.042
1.229
1.252
1.321
1.145
1.248
0.922
0.962
1.021
1.009
1.116
1.058
0.954
1.101
0.967
1.261
0.939
1.546
1.636
1.351
1.233
1.634
1.294
0.904
1.447
1.142
0.973
1.350
1.076
0.979
1.169
1.171
1.254
1.532
1.381
0.940
1.042
0.901
1.249
1.393
0.944
1.294
1.145
1.257
1.213
1.547
1.452
1.172
1.420
1.567
1.539
0.875
0.964
1.461
1.221
1.462
1.482
1.254
1.052
1.019
1.448
0.933
1.695
1.173
1.253
0.908
1.178
1.282
1.569
1.433
1.337
0.993
1.302
0.990
0.922
1.133
1.440
1.367
1.213
1.240
1.331
1.588
1.323
1.155
1.021
1.668
1.437
1.504
1.403
1.236
1.299
0.917
1.414
1.207
1.299
1.393
1.417
1.254
1.344
1.580
1.351
1.001
1.119
0.905
0.984
1.317
1.411
1.558
0.981
0.925
1.406
1.020
1.274
1.383
0.993
1.419
1.112
1.333
1.375
1.358
1.537
1.300
1.049
1.073
1.149
0.894
1.461
1.525
1.121
1.350
1.317
1.279
1.007
1.804
1.319
0.919
1.465
0.993
1.606
1.330
1.483
1.443
0.895
1.575
1.526
1.320
1.231
1.179
0.900
0.971
0.890
1.238
1.171
1.220
1.394
0.927
1.171
1.265
1.007
1.298
1.630
0.959
0.948
1.336
0.940
1.518
1.512
0.977
1.021
1.407
1.557
1.059
1.102
1.058
1.254
0.912
1.775
0.936
0.964
1.322
1.638
1.552
1.405
1.439
1.565
0.949
0.887
1.329
0.953
1.319
1.418
1.570
1.208
1.233
1.053
1.196
1.391
1.146
1.259
1.591
1.031
1.250
1.315
1.195
0.961
1.509
1.302
1.240
1.186
0.951
1.235
0.889
0.935
1.266
1.076
1.365
0.950
1.472
1.446
1.117
1.242
1.323
1.353
1.514
1.296
1.658
0.970
0.938
0.922
1.627
1.319
1.103
1.395
1.279
1.300
0.969
1.073
1.427
1.303
1.028
1.534
1.669
1.380
1.021
1.470
1.347
1.018
1.431
1.411
0.953
1.234
1.570
1.501
1.235
1.359
1.348
1.368
1.108
1.074
1.502
1.420
1.355
1.168
0.922
0.976
1.464
1.320
1.695
1.155
1.058
1.418
1.361
1.410
0.845
1.212
0.893
0.887
1.297
1.017
1.171
1.406
1.325
1.260
0.851
1.747
1.313
1.389
1.138
1.469
0.958
1.165
1.333
0.961
0.953
1.139
0.930
1.359
0.926
1.116
1.237
0.974
1.277
1.041
1.111
1.364
1.467
1.296
1.338
0.940
1.342
1.402
1.310
1.073
0.967
1.265
1.335
0.981
1.102
0.993
1.401
1.043
1.220
1.447
1.509
1.439
0.885
1.203
1.681
1.677
1.258
0.931
1.494
1.075
1.137
1.343
1.300
0.962
1.130
1.538
1.004
1.128
1.185
1.545
1.021
0.962
1.299
1.452
1.359
0.951
1.360
1.369
1.280
1.490
1.311
1.409
0.904
0.945
0.929
1.179
1.371
1.739
0.909
0.962
0.982
0.991
1.258
0.960
1.413
1.775
1.325
1.608
0.918
1.618
1.411
1.527
0.927
0.972
1.412
1.190
1.457
1.399
1.249
1.725
1.111
1.476
1.193
1.291
1.263
0.966
4.183
1.300
0.956
0.907
1.453
1.182
1.308
1.224
1.516
1.046
0.933
1.306
1.214
0.840
1.077
1.083
1.461
1.760
1.506
1.275
1.797
1.477
1.415
1.202
1.303
1.762
1.518
1.244
1.440
0.813
1.441
1.034
0.995
1.561
0.965
1.098
1.493
0.999
1.311
0.968
1.054
1.115
0.963
1.531
1.212
0.967
1.381
1.355
1.338
1.232
0.978
1.102
1.336
0.936
1.019
1.384
0.912
1.243
1.656
1.389
1.243
1.319
1.431
1.132
1.019
0.919
0.991
1.278
1.280
1.347
1.158
1.449
1.782
1.300
1.653
1.188
1.341
1.330
1.037
0.911
1.573
1.310
1.452
0.906
1.242
1.273
1.027
0.963
1.111
0.932
0.980
1.449
0.906
1.548
0.896
1.217
1.437
0.981
1.209
1.254
1.667
1.408
1.602
1.130
1.482
0.953
1.202
1.766
1.394
1.461
1.358
1.566
0.988
1.130
1.430
1.411
1.465
0.998
0.995
1.451
1.366
1.609
1.346
1.169
1.228
1.027
1.559
1.264
1.330
1.034
0.897
0.908
0.969
1.255
1.216
1.350
1.703
1.417
1.572
1.887
0.922
1.070
1.441
1.782
1.396
1.200
0.951
1.223
1.422
1.389
1.013
1.577
0.955
1.152
1.675
1.286
1.592
1.091
1.294
1.437
1.545
1.189
0.919
1.361
1.479
1.673
1.085
1.050
1.402
0.873
1.285
1.448
1.318
0.942
1.270
0.928
1.279
1.723
1.000
1.345
1.297
1.175
1.431
1.422
0.997
1.267
1.500
1.362
1.284
1.284
0.931
0.965
1.161
1.416
1.378
1.576
1.062
1.401
1.676
1.294
1.148
0.997
1.378
0.936
1.402
1.379
0.954
1.060
1.305
1.536
0.964
1.478
0.979
1.225
1.411
1.139
1.324
1.408
1.290
1.473
1.583
1.199
1.228
1.170
1.413
1.094
1.088
1.141
0.992
1.427
1.157
0.905
1.288
1.146
1.151
1.071
1.082
1.369
1.500
1.316
1.105
1.238
1.192
1.424
1.035
1.344
1.448
1.287
1.327
1.018
1.405
1.397
1.199
0.846
1.695
1.242
1.031
1.159
1.209
1.482
1.298
1.242
1.157
1.438
1.287
1.685
1.407
1.350
1.025
1.256
1.466
0.959
1.209
0.996
0.877
1.549
1.351
1.034
1.406
0.874
1.482
1.280
0.924
0.974
1.324
1.753
1.078
1.633
1.153
1.518
1.343
1.465
0.944
1.297
1.290
0.834
1.304
1.049
1.079
0.916
0.872
1.034
1.173
1.217
1.333
1.191
1.249
1.415
1.010
0.970
0.919
1.304
1.684
1.126
1.424
1.253
1.280
1.206
1.007
1.275
1.135
0.906
1.123
1.566
1.284
1.386
1.621
1.146
1.277
1.241
1.364
0.888
0.937
1.397
0.897
1.468
1.310
1.088
1.119
1.185
1.252
1.416
1.246
0.914
1.322
1.145
1.142
1.473
1.161
1.225
1.018
1.346
1.420
0.952
1.421
1.220
0.916
1.393
1.000
1.681
1.001
0.909
0.912
1.340
0.926
1.348
1.172
1.183
1.658
0.953
0.842
1.157
1.324
0.882
0.926
1.297
1.741
1.236
1.524
0.878
1.417
1.465
1.475
0.921
1.045
0.862
1.484
1.237
1.574
1.393
1.175
0.896
1.525
1.357
1.480
1.423
1.288
1.281
1.406
1.326
1.268
1.380
1.598
1.661
1.352
1.425
0.987
0.917
1.315
0.997
0.959
1.487
1.333
0.928
0.980
1.226
1.656
0.916
1.356
1.219
1.101
0.955
0.925
1.473
1.550
1.013
1.143
0.946
1.219
1.880
1.479
1.299
1.290
0.939
0.922
0.880
1.285
1.294
1.012
1.177
1.556
1.316
1.012
1.212
1.144
1.612
1.328
0.898
0.966
1.091
1.348
1.248
1.172
0.942
1.277
1.232
1.004
1.395
1.054
1.322
1.390
1.064
1.386
0.891
1.482
1.305
0.923
1.228
1.360
1.315
1.283
1.560
1.336
0.978
0.952
1.189
0.937
1.003
1.056
1.026
1.536
1.317
1.247
1.121
1.706
1.267
1.548
0.905
1.324
1.007
1.513
0.922
1.489
1.312
1.424
1.541
1.383
1.372
1.273
1.145
1.062
1.388
1.831
1.136
0.964
1.447
1.412
0.979
1.595
1.263
0.911
0.959
0.961
1.251
1.448
1.270
1.298
1.585
1.069
1.396
1.029
1.414
0.910
1.280
0.942
1.444
1.376
1.308
1.083
0.984
1.519
1.481
1.340
1.554
1.250
1.352
0.944
1.453
1.055
1.191
1.311
1.118
1.145
1.246
1.380
1.196
1.388
1.068
1.454
0.906
1.220
0.998
1.389
1.038
0.915
1.020
1.327
1.333
1.127
1.327
1.401
1.291
1.124
0.893
1.535
1.069
1.027
0.971
1.617
1.275
1.250
1.285
0.886
1.486
1.257
1.190
1.652
0.893
1.205
1.175
1.152
1.322
1.543
1.426
1.407
1.069
1.507
1.163
1.280
1.462
1.226
1.389
1.233
1.242
1.038
1.428
1.398
1.014
1.540
1.125
1.361
0.931
1.342
0.886
1.403
1.317
1.258
1.326
0.925
1.309
0.935
1.223
1.284
1.174
1.527
1.388
1.103
1.601
1.237
1.731
1.478
1.577
1.555
1.259
1.398
0.988
1.341
1.232
1.129
1.438
1.541
1.514
1.397
0.904
1.633
1.236
1.403
1.237
1.497
0.994
0.951
0.972
1.496
1.299
0.927
1.428
1.043
0.906
0.927
1.392
1.454
1.259
1.683
1.044
1.414
1.725
1.328
1.462
0.983
1.317
1.123
1.118
1.070
1.230
1.495
1.517
1.366
0.889
1.148
1.346
1.558
1.416
1.543
1.664
1.204
1.247
1.345
1.304
1.084
0.937
1.340
0.904
0.968
1.060
1.253
1.173
1.405
1.309
0.947
1.348
1.099
1.285
1.385
1.713
1.444
1.435
1.244
1.329
0.919
1.252
1.052
1.353
1.188
1.323
1.042
1.626
1.486
1.333
1.543
1.530
1.444
1.327
1.016
1.343
1.264
0.929
1.690
1.381
1.038
1.422
1.356
1.137
1.057
1.291
1.527
1.315
1.534
1.216
1.343
0.960
0.963
1.203
1.541
1.266
0.915
0.974
0.893
1.232
0.941
0.976
1.340
1.447
1.345
1.739
0.892
1.500
1.175
1.552
1.207
1.015
1.054
1.281
0.980
1.045
0.889
1.343
0.925
1.581
1.222
1.180
1.108
1.167
1.038
1.394
1.341
1.286
1.527
1.286
1.295
1.070
1.732
1.447
1.312
1.207
0.908
0.895
1.486
1.192
0.963
1.034
1.342
1.341
1.442
1.633
0.984
1.229
1.330
1.314
1.483
0.930
1.318
1.498
1.298
1.274
1.067
1.183
0.934
1.233
1.260
1.532
1.679
0.955
1.499
1.052
1.410
1.413
1.451
0.967
1.425
1.020
1.142
1.078
1.198
0.897
0.995
1.398
1.227
1.001
1.071
1.083
1.400
1.076
0.951
1.369
1.432
1.408
1.640
1.028
1.289
1.192
1.652
1.455
1.234
1.057
1.340
1.111
0.995
0.944
1.356
0.922
1.384
1.403
1.078
1.097
