0.185
0.207
0.212
0.214
0.227
0.232
0.162
0.159
0.161
0.157
0.183
0.191
0.123
0.165
0.158
0.142
0.139
0.174
0.128
0.151
0.167
0.167
0.168
0.182
0.147
0.156
0.186
0.169
0.209
0.149
0.157
0.172
0.170
0.151
0.151
0.173
0.139
0.161
0.141
0.207
0.160
0.150
0.151
0.162
0.151
0.179
0.165
0.181
0.133
0.150
0.180
0.173
0.151
0.182
0.156
0.138
0.124
0.158
0.167
0.152
0.150
0.140
0.159
0.155
0.154
0.161
0.135
0.145
0.151
0.147
0.178
0.153
0.173
0.171
0.143
0.190
0.165
0.178
0.160
0.167
0.155
0.203
0.160
0.116
0.194
0.168
0.146
0.142
0.161
0.154
0.123
0.154
0.163
0.142
0.144
0.158
0.144
0.125
0.151
0.197
0.166
0.180
0.137
0.169
0.193
0.156
0.135
0.141
0.163
0.173
0.149
0.184
0.173
0.160
0.180
0.160
0.126
0.148
0.152
0.189
0.189
0.188
0.174
0.161
0.112
0.141
0.198
0.147
0.143
0.163
0.173
0.146
0.136
0.131
0.216
0.155
0.199
0.147
0.126
0.166
0.146
0.114
0.138
0.161
0.153
0.134
0.140
0.147
0.143
0.142
0.180
0.182
0.192
0.133
0.178
0.174
0.161
0.136
0.158
0.166
0.143
0.178
0.140
0.178
0.186
0.166
0.168
0.123
0.147
0.174
0.188
0.171
0.165
0.141
0.142
0.186
0.171
0.146
0.167
0.141
0.204
0.136
0.157
0.154
0.149
0.164
0.210
0.177
0.146
0.129
0.204
0.144
0.160
0.149
0.181
0.197
0.173
0.208
0.162
0.188
0.149
0.162
0.157
0.149
0.169
0.152
0.141
0.161
0.171
0.124
0.163
0.172
0.190
0.210
0.166
0.160
0.128
0.165
0.161
0.149
0.156
0.162
0.194
0.159
0.175
0.152
0.127
0.199
0.193
0.173
0.166
0.136
0.127
0.147
0.120
0.138
0.160
0.180
0.128
0.164
0.206
0.156
0.146
0.208
0.156
0.150
0.124
0.162
0.173
0.178
0.176
0.143
0.138
0.158
0.125
0.170
0.167
0.162
0.134
0.145
0.178
0.179
0.187
0.165
0.180
0.158
0.166
0.149
0.176
0.150
0.175
0.165
0.183
0.150
0.144
0.136
0.152
0.144
0.126
0.177
0.154
0.139
0.173
0.178
0.153
0.144
0.133
0.218
0.152
0.158
0.170
0.138
0.187
0.157
0.208
0.167
0.201
0.158
0.162
0.170
0.144
0.226
0.173
0.137
0.151
0.170
0.127
0.189
0.157
0.163
0.139
0.131
0.168
0.184
0.144
0.153
0.158
0.165
0.162
0.138
0.143
0.145
0.175
0.165
0.155
0.205
0.145
0.152
0.111
0.136
0.163
0.163
0.184
0.158
0.166
0.146
0.165
0.167
0.171
0.172
0.153
0.169
0.186
0.180
0.144
0.136
0.171
0.143
0.188
0.153
0.181
0.196
0.173
0.153
0.134
0.172
0.183
0.158
0.159
0.193
0.124
0.154
0.149
0.131
0.181
0.134
0.156
0.143
0.138
0.195
0.163
0.180
0.132
0.187
0.153
0.153
0.138
0.159
0.184
0.141
0.147
0.137
0.150
0.147
0.132
0.175
0.158
0.168
0.134
0.135
0.143
0.144
0.206
0.126
0.179
0.158
0.151
0.154
0.162
0.198
0.146
0.147
0.138
0.155
0.186
0.178
0.173
0.159
0.141
0.158
0.136
0.177
0.158
0.163
0.131
0.146
0.172
0.131
0.133
0.168
0.176
0.180
0.129
0.143
0.181
0.119
0.135
0.189
0.154
0.149
0.155
0.136
0.173
0.132
0.163
0.154
0.162
0.143
0.131
0.195
0.122
0.150
0.178
0.162
0.173
0.133
0.163
0.177
0.166
0.150
0.130
0.175
0.138
0.179
0.175
0.145
0.191
0.145
0.135
0.187
0.176
0.156
0.121
0.193
0.173
0.152
0.167
0.153
0.145
0.182
0.143
0.164
0.169
0.168
0.163
0.185
0.158
0.154
0.162
0.160
0.180
0.177
0.155
0.157
0.167
0.178
0.162
0.162
0.122
0.179
0.173
0.188
0.155
0.178
0.158
0.197
0.143
0.155
0.162
0.198
0.148
0.129
0.171
0.179
0.144
0.195
0.151
0.160
0.147
0.167
0.145
0.175
0.178
0.154
0.152
0.135
0.137
0.133
0.163
0.164
0.176
0.142
0.154
0.156
0.174
0.156
0.138
0.187
0.190
0.154
0.197
0.124
0.147
0.150
0.154
0.155
0.176
0.140
0.158
0.193
0.127
0.133
0.169
0.139
0.174
0.172
0.165
0.161
0.169
0.169
0.188
0.144
0.159
0.151
0.145
0.192
0.132
0.141
0.131
0.162
0.159
0.177
0.158
0.140
0.162
0.180
0.138
0.151
0.151
0.126
0.138
0.158
0.160
0.157
0.133
0.160
0.165
0.156
0.152
0.151
0.134
0.154
0.165
0.146
0.159
0.177
0.123
0.181
0.155
0.152
0.136
0.135
0.192
0.169
0.142
0.142
0.176
0.196
0.128
0.179
0.154
0.148
0.161
0.153
0.165
0.131
0.171
0.195
0.187
0.158
0.174
0.152
0.168
0.149
0.127
0.202
0.184
0.158
0.155
0.172
0.141
0.160
0.161
0.160
0.165
0.143
0.148
0.162
0.159
0.177
0.173
0.162
0.143
0.141
0.186
0.154
0.147
0.164
0.150
0.148
0.182
0.126
0.175
0.143
0.145
0.173
0.163
0.162
0.145
0.130
0.184
0.173
0.162
0.186
0.156
0.154
0.139
0.179
0.139
0.182
0.148
0.146
0.144
0.172
0.141
0.193
0.136
0.151
0.139
0.175
0.157
0.156
0.171
0.158
0.153
0.140
0.171
0.178
0.169
0.162
0.169
0.154
0.159
0.142
0.152
0.155
0.165
0.183
0.174
0.169
0.191
0.142
0.140
0.164
0.143
0.180
0.176
0.196
0.147
0.146
0.157
0.150
0.176
0.162
0.148
0.182
0.126
0.140
0.113
0.176
0.153
0.155
0.131
0.173
0.152
0.160
0.158
0.143
0.168
0.176
0.154
0.152
0.180
0.148
0.131
0.145
0.151
0.146
0.168
0.153
0.197
0.156
0.116
0.179
0.146
0.172
0.186
0.189
0.131
0.160
0.155
0.164
0.183
0.141
0.146
0.190
0.164
0.186
0.136
0.201
0.180
0.174
0.171
0.146
0.159
0.163
0.154
0.152
0.155
0.184
0.156
0.140
0.160
0.148
0.150
0.148
0.155
0.179
0.176
0.155
0.171
0.172
0.175
0.167
0.140
0.178
0.135
0.197
0.173
0.151
0.172
0.134
0.135
0.166
0.146
0.181
0.174
0.178
0.129
0.180
0.173
0.138
0.179
0.136
0.169
0.141
0.143
0.166
0.131
0.163
0.171
0.158
0.157
0.167
0.166
0.132
0.157
0.158
0.158
0.155
0.140
0.163
0.148
0.166
0.154
0.148
0.178
0.150
0.158
0.151
0.134
0.200
0.157
0.150
0.169
0.152
0.155
0.186
0.160
0.119
0.154
0.145
0.170
0.125
0.161
0.166
0.171
0.144
0.168
0.150
0.174
0.182
0.124
0.114
0.122
0.156
0.170
0.124
0.164
0.169
0.158
0.153
0.165
0.157
0.161
0.165
0.177
0.146
0.167
0.168
0.198
0.157
0.159
0.141
0.169
0.154
0.165
0.165
0.159
0.153
0.149
0.159
0.180
0.162
0.168
0.184
0.202
0.157
0.121
0.157
0.147
0.175
0.153
0.166
0.145
0.171
0.143
0.175
0.198
0.146
0.223
0.163
0.133
0.128
0.152
0.159
0.140
0.158
0.149
0.132
0.172
0.183
0.178
0.164
0.123
0.164
0.178
0.175
0.138
0.189
0.180
0.174
0.176
0.136
0.174
0.197
0.145
0.131
0.174
0.159
0.177
0.170
0.165
0.130
0.165
0.179
0.175
0.150
0.146
0.153
0.199
0.153
0.161
0.137
0.162
0.127
0.162
0.182
0.140
0.146
0.158
0.164
0.186
0.155
0.157
0.162
0.165
0.137
0.160
0.119
0.171
0.139
0.154
0.185
0.141
0.154
0.169
0.134
0.162
0.177
0.170
0.181
0.134
0.215
0.139
0.172
0.165
0.167
0.187
0.184
0.153
0.175
0.204
0.184
0.173
0.167
0.176
0.150
0.137
0.164
0.174
0.167
0.167
0.162
0.149
0.140
0.169
0.150
0.188
0.117
0.149
0.121
0.138
0.155
0.156
0.169
0.165
0.145
0.210
0.168
0.157
0.155
0.166
0.155
0.150
0.144
0.152
0.143
0.183
0.179
0.155
0.181
0.159
0.138
0.147
0.196
0.130
0.188
0.163
0.159
0.162
0.150
0.183
0.137
0.116
0.186
0.130
0.151
0.176
0.185
0.142
0.119
0.171
0.168
0.141
0.147
0.169
0.175
0.175
0.152
0.148
0.190
0.189
0.135
0.202
0.139
0.143
0.150
0.150
0.127
0.167
0.170
0.145
0.167
0.146
0.154
0.189
0.150
0.149
0.180
0.193
0.150
0.155
0.185
0.167
0.170
0.155
0.198
0.172
0.150
0.150
0.138
0.136
0.135
0.155
0.138
0.159
0.135
0.160
0.140
0.148
0.147
0.157
0.143
0.142
0.173
0.162
0.151
0.196
0.163
0.157
0.162
0.230
0.161
0.142
0.144
0.169
0.141
0.156
0.156
0.175
0.165
0.177
0.145
0.189
0.130
0.163
0.144
0.181
0.156
0.167
0.173
0.147
0.184
0.170
0.156
0.163
0.181
0.140
0.183
0.200
0.154
0.156
0.157
0.173
0.155
0.135
0.173
0.159
0.132
0.165
0.176
0.181
0.154
0.134
0.133
0.176
0.166
0.157
0.143
0.180
0.139
0.143
0.167
0.155
0.141
0.117
0.175
0.152
0.161
0.146
0.156
0.147
0.165
0.155
0.139
0.171
0.164
0.178
0.159
0.180
0.150
0.169
0.134
0.188
0.152
0.173
0.181
0.164
0.192
0.141
0.148
0.164
0.148
0.155
0.138
0.134
0.161
0.170
0.161
0.168
0.158
0.136
0.139
0.153
0.187
0.132
0.174
0.156
0.178
0.177
0.171
0.125
0.177
0.158
0.179
0.154
0.140
0.194
0.167
0.135
0.158
0.148
0.165
0.148
0.156
0.154
0.181
0.185
0.184
0.133
0.137
0.176
0.131
0.144
0.161
0.146
0.150
0.163
0.186
0.169
0.156
0.151
0.160
0.180
0.147
0.139
0.188
0.157
0.155
0.183
0.159
0.153
0.188
0.167
0.134
0.166
0.180
0.173
0.160
0.167
0.177
0.160
0.186
0.167
0.136
0.150
0.135
0.182
0.154
0.136
0.181
0.173
0.146
0.132
0.140
0.166
0.155
0.142
0.140
0.119
0.152
0.227
0.156
0.155
0.162
0.188
0.147
0.188
0.152
0.192
0.145
0.173
0.127
0.159
0.137
0.145
0.175
0.203
0.132
0.131
0.155
0.149
0.149
0.165
0.158
0.181
0.160
0.138
0.167
0.166
0.128
0.170
0.187
0.146
0.196
0.159
0.149
0.159
0.147
0.164
0.171
0.155
0.166
0.182
0.174
0.142
0.178
0.163
0.157
0.147
0.175
0.157
0.161
0.174
0.174
0.153
0.172
0.151
0.150
0.138
0.128
0.124
0.130
0.171
0.154
0.118
0.161
0.159
0.188
0.167
0.127
0.129
0.137
0.187
0.190
0.149
0.140
0.152
0.175
0.163
0.162
0.165
0.153
0.180
0.141
0.177
0.162
0.147
0.169
0.185
0.172
0.154
0.151
0.176
0.147
0.177
0.176
0.157
0.144
0.171
0.169
0.133
0.146
0.161
0.150
0.161
0.185
0.181
0.184
0.175
0.164
0.116
0.141
0.113
0.125
0.161
0.167
0.134
0.124
0.178
0.112
0.174
0.142
0.139
0.201
0.182
0.163
0.133
0.124
0.153
0.186
0.156
0.152
0.142
0.172
0.176
0.153
0.162
0.190
0.175
0.167
0.174
0.165
0.188
0.140
0.125
0.182
0.155
0.126
0.138
0.181
0.143
0.142
0.155
0.163
0.182
0.160
0.166
0.189
0.146
0.161
0.161
0.144
0.152
0.170
0.152
0.135
0.168
0.165
0.188
0.182
0.150
0.140
0.164
0.128
0.153
0.180
0.139
0.121
0.153
0.162
0.156
0.140
0.160
0.187
0.159
0.165
0.165
0.149
0.186
0.157
0.165
0.179
0.157
0.140
0.155
0.220
0.133
0.177
0.172
0.160
0.171
0.128
0.155
0.175
0.172
0.147
0.162
0.136
0.162
0.167
0.160
0.149
0.190
0.180
0.162
0.188
0.168
0.182
0.142
0.168
0.122
0.151
0.147
0.171
0.193
0.138
0.157
0.176
0.141
0.178
0.164
0.152
0.145
0.157
0.141
0.161
0.159
0.157
0.141
0.146
0.119
0.140
0.163
0.139
0.137
0.164
0.162
0.147
0.168
0.147
0.163
0.153
0.191
0.172
0.167
0.144
0.209
0.186
0.149
0.175
0.170
0.164
0.152
0.161
0.171
0.170
0.167
0.120
0.192
0.161
0.170
0.178
0.181
0.158
0.170
0.183
0.170
0.168
0.140
0.162
0.153
0.211
0.157
0.153
0.165
0.178
0.157
0.161
0.161
0.161
0.142
0.138
0.177
0.139
0.150
0.176
0.153
0.184
0.134
0.177
0.165
0.139
0.183
0.151
0.171
0.160
0.174
0.181
0.147
0.193
0.146
0.147
0.208
0.153
0.153
0.171
0.139
0.120
0.222
0.154
0.120
0.157
0.160
0.178
0.181
0.182
0.142
0.162
0.148
0.173
0.174
0.166
0.134
0.168
0.139
0.140
0.138
0.179
0.131
0.154
0.135
0.157
0.166
0.165
0.172
0.158
0.172
0.141
0.143
0.129
0.163
0.142
0.150
0.128
0.141
0.176
0.129
0.161
0.128
0.157
0.158
0.165
0.165
0.130
0.212
0.157
0.123
0.141
0.186
0.197
0.150
0.144
0.183
0.173
0.147
0.151
0.185
0.159
0.160
0.152
0.145
0.127
0.170
0.144
0.171
0.159
0.145
0.147
0.167
0.173
0.160
0.140
0.156
0.165
0.150
0.195
0.144
0.186
0.168
0.136
0.149
0.192
0.170
0.184
0.163
0.141
0.154
0.145
0.179
0.160
0.170
0.174
0.184
0.171
0.162
0.170
0.144
0.170
0.165
0.167
0.160
0.115
0.199
0.147
0.162
0.156
0.163
0.143
0.130
0.155
0.161
0.184
0.125
0.126
0.143
0.185
0.176
0.167
0.212
0.156
0.179
0.169
0.165
0.168
0.164
0.172
0.136
0.128
0.177
0.187
0.174
0.169
0.119
0.167
0.173
0.184
0.127
0.153
0.140
0.188
0.182
0.164
0.155
0.144
0.148
0.159
0.157
0.134
0.157
0.122
0.168
0.136
0.166
0.150
0.159
0.163
0.175
0.187
0.168
0.130
0.154
0.125
0.147
0.150
0.131
0.171
0.181
0.200
0.181
0.166
0.167
0.171
0.149
0.171
0.189
0.139
0.147
0.188
0.182
0.157
0.176
0.153
0.130
0.162
0.156
0.146
0.178
0.159
0.155
0.124
0.162
0.154
0.151
0.148
0.150
0.157
0.165
0.160
0.174
0.205
0.177
0.199
0.183
0.149
0.162
0.182
0.136
0.171
0.163
0.161
0.171
0.164
0.143
0.156
0.158
0.147
0.131
0.168
0.161
0.183
0.158
0.159
0.170
0.133
0.178
0.122
0.141
0.159
0.183
0.132
0.155
0.141
0.149
0.169
0.181
0.171
0.148
0.124
0.139
0.162
0.153
0.158
0.177
0.173
0.140
0.167
0.178
0.162
0.166
0.163
0.160
0.166
0.162
0.184
0.154
0.178
0.137
0.182
0.154
0.176
0.161
0.149
0.153
0.120
0.157
0.171
0.149
0.201
0.176
0.155
0.174
0.189
0.191
0.152
0.167
0.159
0.141
0.162
0.164
0.165
0.166
0.144
0.148
0.133
0.163
0.162
0.176
0.127
0.155
0.153
0.179
0.155
0.139
0.162
0.164
0.138
0.170
0.167
0.141
0.172
0.158
0.163
0.136
0.160
0.137
0.161
0.145
0.154
0.149
0.170
0.148
0.193
0.147
0.177
0.120
0.178
0.156
0.163
0.168
0.147
0.169
0.155
0.151
0.163
0.136
0.161
0.202
0.172
0.167
0.132
0.202
0.154
0.183
0.153
0.149
0.153
0.194
0.150
0.145
0.129
0.143
0.129
0.144
0.163
0.174
0.144
0.136
0.176
0.173
0.217
0.138
0.170
0.205
0.141
0.182
0.169
0.127
0.122
0.181
0.155
0.163
0.179
0.150
0.144
0.151
0.157
0.175
0.153
0.179
0.116
0.163
0.145
0.149
0.141
0.157
0.158
0.186
0.153
0.156
0.166
0.154
0.146
0.156
0.155
0.171
0.147
0.158
0.172
0.151
0.201
0.129
0.159
0.131
0.177
0.138
0.147
0.126
0.157
0.149
0.145
0.155
0.155
0.145
0.156
0.165
0.151
0.159
0.169
0.177
0.158
0.139
0.164
0.187
0.201
0.152
0.126
0.149
0.177
0.177
0.161
0.152
0.150
0.145
0.153
0.143
0.152
0.177
0.128
0.174
0.141
0.146
0.152
0.168
0.150
0.161
0.147
0.172
0.162
0.171
0.164
0.176
0.142
0.138
0.155
0.138
0.173
0.151
0.166
0.157
0.166
0.187
0.148
0.117
0.176
0.169
0.155
0.182
0.141
0.183
0.116
0.208
0.155
0.175
0.180
0.140
0.145
0.160
0.150
0.134
0.147
0.145
0.200
0.166
0.201
0.107
0.153
0.160
0.164
0.182
0.142
0.149
0.139
0.168
0.164
0.178
0.145
0.141
0.159
0.121
0.156
0.171
0.146
0.167
0.116
0.165
0.165
0.162
0.131
0.153
0.167
0.167
0.172
0.169
0.168
0.137
0.174
0.149
0.167
0.171
0.158
0.175
0.164
0.156
0.159
0.171
0.172
0.168
0.159
0.162
0.175
0.169
0.133
0.186
0.190
0.160
0.134
0.137
0.170
0.165
0.201
0.121
0.180
0.185
0.114
0.174
0.162
0.161
0.169
0.150
0.150
0.159
0.151
0.138
0.156
0.130
0.172
0.227
0.148
0.144
0.170
0.154
0.148
0.152
0.163
0.167
0.146
0.203
0.155
0.171
0.155
0.167
0.150
0.187
0.146
0.164
0.174
0.178
0.139
0.200
0.181
0.151
0.175
0.153
0.173
0.162
0.157
0.100
0.142
0.161
0.185
0.172
0.153
0.181
0.159
0.142
0.156
0.148
0.166
0.167
0.139
0.143
0.151
0.185
0.143
0.151
0.123
0.157
0.138
0.149
0.164
0.167
0.187
0.148
0.152
0.165
0.134
0.177
0.141
0.158
0.159
0.146
0.174
0.204
0.134
0.173
0.133
0.154
0.187
0.141
0.177
0.169
0.155
0.149
0.161
0.149
0.128
0.111
0.157
0.166
0.163
0.157
0.180
0.147
0.176
0.158
0.157
0.163
0.156
0.154
0.145
0.152
0.159
0.170
0.183
0.149
0.152
0.149
0.153
0.172
0.154
0.200
0.168
0.156
0.149
0.151
0.137
0.147
0.168
0.171
0.163
0.155
0.154
0.118
0.195
0.161
0.165
0.151
0.145
0.174
0.162
0.153
0.202
0.149
0.161
0.142
0.155
0.155
0.174
0.159
0.170
0.165
0.177
0.185
0.139
0.139
0.166
0.167
0.146
0.180
0.146
0.135
0.188
0.163
0.172
0.172
0.153
0.168
0.173
0.159
0.167
0.159
0.184
0.155
0.129
0.180
0.165
0.158
0.126
0.143
0.134
0.152
0.213
0.116
0.139
0.157
0.149
0.162
0.171
0.151
0.172
0.179
0.198
0.138
0.176
0.221
0.181
0.192
0.175
0.156
0.160
0.144
0.175
0.174
0.166
0.144
0.177
0.154
0.130
0.170
0.129
0.165
0.191
0.194
0.166
0.172
0.132
0.144
0.185
0.149
0.177
0.138
0.163
0.126
0.123
0.168
0.160
0.151
0.180
0.156
0.142
0.146
0.163
0.211
0.170
0.133
0.118
0.151
0.166
0.163
0.167
0.142
0.178
0.163
0.166
0.130
0.147
0.137
0.150
0.150
0.145
0.180
0.146
0.186
0.154
0.152
0.154
0.149
0.137
0.111
0.154
0.140
0.185
0.165
0.189
0.142
0.140
0.176
0.144
0.152
0.172
0.148
0.174
0.162
0.135
0.173
0.170
0.148
0.168
0.159
0.141
0.153
0.161
0.160
0.149
0.132
0.149
0.161
0.161
0.135
0.144
0.148
0.150
0.140
0.147
0.180
0.176
0.158
0.158
0.123
0.109
0.174
0.149
0.147
0.150
0.184
0.173
0.160
0.121
0.182
0.126
0.166
0.142
0.154
0.156
0.174
0.172
0.152
0.182
0.189
0.144
0.164
0.152
0.173
0.134
0.132
0.178
0.151
0.140
0.142
0.185
0.170
0.162
0.162
0.182
0.199
0.168
0.134
0.134
0.201
0.115
0.148
0.185
0.127
0.145
0.160
0.145
0.173
0.185
0.165
0.124
0.154
0.160
0.151
0.158
0.180
0.158
0.142
0.170
0.136
0.174
0.116
0.164
0.165
0.139
0.145
0.165
0.145
0.141
0.165
0.148
0.132
0.154
0.188
0.189
0.161
0.148
0.145
0.159
0.131
0.157
0.160
0.132
0.150
0.167
0.148
0.180
0.187
0.158
0.162
0.130
0.145
0.145
0.139
0.180
0.169
0.153
0.137
0.173
0.140
0.124
0.146
0.148
0.166
0.162
0.155
0.162
0.141
0.176
0.128
0.158
0.144
0.158
0.115
0.180
0.179
0.163
0.149
0.145
0.167
0.160
0.125
0.181
0.164
0.139
0.154
0.176
0.181
0.167
0.145
0.154
0.167
0.131
0.135
0.179
0.144
0.158
0.131
0.133
0.162
0.163
0.167
0.143
0.201
0.169
0.186
0.161
0.156
0.151
0.139
0.144
0.143
0.163
0.157
0.143
0.195
0.168
0.149
0.136
0.149
0.168
0.157
0.149
0.150
0.148
0.204
0.185
0.162
0.135
0.118
0.164
0.151
0.153
0.135
0.123
0.155
0.154
0.184
0.185
0.149
0.161
0.176
0.178
0.151
0.153
0.158
0.170
0.144
0.192
0.189
0.159
0.186
0.157
0.168
0.150
0.130
0.174
0.197
0.172
0.141
0.175
0.234
0.155
0.164
0.163
0.150
0.176
0.118
0.154
0.181
0.154
0.156
0.195
0.182
0.162
0.160
0.183
0.144
0.148
0.187
0.117
0.175
0.164
0.148
0.181
0.166
0.165
0.154
0.126
0.161
0.167
0.132
0.144
0.147
0.175
0.202
0.172
0.216
0.190
0.177
0.140
0.149
0.123
0.192
0.173
0.183
0.160
0.150
0.152
0.177
0.135
0.167
0.164
0.171
0.162
0.154
0.160
0.184
0.123
0.127
0.136
0.142
0.171
0.151
0.146
0.138
0.162
0.196
0.166
0.146
0.157
0.167
0.186
0.140
0.171
0.155
0.145
0.159
0.174
0.156
0.169
0.163
0.168
0.176
0.142
0.165
0.121
0.139
0.127
0.132
0.172
0.153
0.162
0.165
0.165
0.163
0.170
0.142
0.179
0.146
0.184
0.156
0.170
0.177
0.139
0.169
0.153
0.208
0.148
0.141
0.149
0.128
0.165
0.126
0.174
0.157
0.153
0.155
0.147
0.154
0.154
0.174
0.140
0.187
0.145
0.134
0.156
0.129
0.154
0.154
0.169
0.161
0.177
0.150
0.158
0.167
0.176
0.175
0.138
0.172
0.130
0.144
0.155
0.163
0.158
0.173
0.166
0.168
0.199
0.164
0.151
0.175
0.171
0.188
0.165
0.149
0.144
0.186
0.169
0.167
0.154
0.178
0.147
0.164
0.171
0.142
0.176
0.130
0.174
0.131
0.162
0.136
0.149
0.135
0.169
0.169
0.187
0.139
0.174
0.178
0.177
0.149
0.140
0.166
0.150
0.188
0.145
0.156
0.176
0.165
0.158
0.163
0.204
0.159
0.172
0.163
0.152
0.135
0.135
0.152
0.179
0.187
0.160
0.173
0.166
0.176
0.171
0.153
0.201
0.173
0.150
0.152
0.157
0.170
0.184
0.171
0.152
0.150
0.177
0.148
0.131
0.169
0.162
0.170
0.171
0.137
0.154
0.176
0.160
0.180
0.173
0.170
0.156
0.167
0.161
0.149
0.174
0.184
0.154
0.178
0.149
0.148
0.184
0.148
0.177
0.179
0.147
0.173
0.192
0.135
0.155
0.186
0.137
0.131
0.199
0.159
0.160
0.176
0.178
0.154
0.138
0.191
0.167
0.138
0.170
0.211
0.172
0.139
0.167
0.218
0.157
0.175
0.182
0.164
0.168
0.129
0.158
0.165
0.197
0.182
0.108
0.166
0.190
0.133
0.151
0.134
0.184
0.176
0.170
0.177
0.168
0.167
0.163
0.166
0.166
0.157
0.148
0.162
0.181
0.135
0.190
0.149
0.169
0.155
0.136
0.161
0.170
0.147
0.158
0.125
0.140
0.149
0.188
0.181
0.183
0.115
0.171
0.161
0.188
0.165
0.165
0.159
0.161
0.160
0.168
0.176
0.162
0.177
0.169
0.132
0.159
0.134
0.143
0.163
0.156
0.175
0.154
0.162
0.146
0.154
0.134
0.174
0.148
0.201
0.172
0.138
0.149
0.154
0.150
0.143
0.168
0.162
0.127
0.129
0.167
0.187
0.203
0.161
0.180
0.171
0.160
0.159
0.112
0.147
0.137
0.173
0.137
0.130
0.172
0.136
0.166
0.161
0.146
0.142
0.146
0.171
0.156
0.141
0.135
0.162
0.144
0.162
0.177
0.169
0.117
0.159
0.156
0.187
0.177
0.130
0.154
0.175
0.180
0.159
0.157
0.157
0.192
0.169
0.203
0.183
0.147
0.190
0.157
0.174
0.163
0.190
0.126
0.125
0.134
0.158
0.169
0.165
0.131
0.159
0.154
0.147
0.132
0.166
0.146
0.152
0.166
0.196
0.125
0.162
0.139
0.110
0.151
0.152
0.157
0.116
0.144
0.177
0.186
0.159
0.172
0.163
0.156
0.165
0.148
0.157
0.165
0.128
0.151
0.120
0.123
0.135
0.162
0.130
0.147
0.123
0.152
0.143
0.168
0.136
0.152
0.187
0.177
0.173
0.159
0.188
0.133
0.125
0.168
0.181
0.133
0.185
0.142
0.156
0.178
0.146
0.174
0.172
0.160
0.154
0.146
0.173
0.183
0.174
0.181
0.170
0.180
0.177
0.184
0.140
0.172
0.141
0.151
0.142
0.181
0.146
0.169
0.141
0.135
0.178
0.117
0.178
0.173
0.169
0.151
0.162
0.160
0.161
0.157
0.188
0.170
0.232
0.151
0.136
0.173
0.128
0.166
0.168
0.173
0.149
0.144
0.170
0.167
0.149
0.200
0.156
0.161
0.170
0.171
0.188
0.161
0.146
0.154
0.169
0.151
0.162
0.136
0.186
0.165
0.162
0.155
0.121
0.168
0.155
0.145
0.160
0.181
0.163
0.137
0.139
0.148
0.146
0.141
0.149
0.152
0.176
0.151
0.169
0.151
0.182
0.145
0.167
0.178
0.142
0.146
0.190
0.159
0.138
0.149
0.119
0.161
0.138
0.123
0.182
0.180
0.149
0.149
0.158
0.122
0.163
0.179
0.156
0.165
0.188
0.174
0.193
0.155
0.189
0.175
0.175
0.142
0.135
0.141
0.161
0.186
0.173
0.156
0.197
0.166
0.159
0.138
0.148
0.141
0.171
0.162
0.207
0.175
0.156
0.166
0.161
0.152
0.169
0.151
0.177
0.125
0.164
0.169
0.177
0.168
0.134
0.146
0.141
0.161
0.161
0.152
0.182
0.120
0.182
0.195
0.175
0.153
0.139
0.151
0.159
0.120
0.155
0.163
0.141
0.133
0.121
0.176
0.150
0.141
0.144
0.172
0.152
0.151
0.162
0.157
0.163
0.134
0.162
0.176
0.189
0.152
0.141
0.153
0.160
0.158
0.195
0.151
0.156
0.174
0.197
0.173
0.152
0.166
0.151
0.178
0.166
0.154
0.140
0.139
0.154
0.154
0.133
0.147
0.180
0.194
0.156
0.135
0.134
0.150
0.143
0.155
0.122
0.133
0.142
0.180
0.141
0.161
0.159
0.172
0.130
0.157
0.127
0.150
0.170
0.171
0.158
0.141
0.137
0.167
0.159
0.167
0.135
0.195
0.146
0.159
0.169
0.173
0.171
0.185
0.176
0.183
0.176
0.149
0.205
0.169
0.154
0.220
0.133
0.179
0.151
0.143
0.165
0.135
0.161
0.217
0.169
0.146
0.176
0.158
0.144
0.170
0.141
0.159
0.140
0.154
0.161
0.168
0.182
0.148
0.168
0.143
0.171
0.144
0.146
0.199
0.178
0.160
0.183
0.145
0.179
0.173
0.188
0.168
0.133
0.168
0.178
0.140
0.189
0.126
0.146
0.119
0.136
0.164
0.188
0.149
0.169
0.157
0.133
0.120
0.142
0.158
0.138
0.173
0.164
0.167
0.136
0.202
0.140
0.136
0.160
0.199
0.197
0.138
0.173
0.172
0.167
0.169
0.154
0.152
0.182
0.159
0.157
0.166
0.168
0.134
0.136
0.141
0.179
0.134
0.172
0.173
0.159
0.180
0.158
0.126
0.161
0.192
0.172
0.150
0.183
0.193
0.177
0.125
0.152
0.141
0.174
0.160
0.171
0.151
0.139
0.161
0.120
0.193
0.165
0.169
0.161
0.137
0.158
0.137
0.150
0.155
0.170
0.188
0.147
0.138
0.191
0.150
0.144
0.139
0.141
0.149
0.167
0.137
0.171
0.170
0.128
0.152
0.155
0.181
0.133
0.184
0.195
0.148
0.151
0.144
0.159
0.146
0.169
0.128
0.183
0.138
0.173
0.132
0.156
0.160
0.149
0.172
0.163
0.161
0.126
0.150
0.149
0.171
0.180
0.172
0.177
0.188
0.174
0.149
0.158
0.169
0.189
0.185
0.132
0.159
0.133
0.124
0.151
0.155
0.197
0.181
0.147
0.147
0.134
0.164
0.125
0.142
0.176
0.163
0.109
0.159
0.137
0.168
0.143
0.201
0.150
0.193
0.167
0.160
0.148
0.167
0.128
0.151
0.146
0.157
0.153
0.182
0.184
0.173
0.161
0.146
0.160
0.178
0.145
0.157
0.147
0.154
0.145
0.156
0.191
0.165
0.183
0.151
0.141
0.174
0.135
0.163
0.140
0.150
0.140
0.165
0.142
0.162
0.187
0.180
0.151
0.128
0.134
0.158
0.148
0.133
0.122
0.157
0.174
0.175
0.136
0.145
0.128
0.160
0.152
0.190
0.165
0.142
0.178
0.143
0.157
0.130
0.142
0.164
0.160
0.161
0.162
0.151
0.172
0.166
0.222
0.144
0.169
0.163
0.139
0.133
0.195
0.167
0.136
0.158
0.135
0.156
0.131
0.155
0.166
0.129
0.161
0.183
0.176
0.147
0.162
0.166
0.136
0.134
0.150
0.188
0.162
0.163
0.159
0.144
0.179
0.160
0.147
0.110
0.174
0.148
0.168
0.200
0.136
0.159
0.174
0.157
0.135
0.135
0.172
0.158
0.136
0.167
0.135
0.134
0.148
0.173
0.164
0.153
0.155
0.168
0.144
0.151
0.157
0.180
0.135
0.145
0.180
0.150
0.176
0.153
0.144
0.156
0.143
0.176
0.159
0.152
0.129
0.154
0.173
0.156
0.188
0.138
0.152
0.169
0.154
0.150
0.160
0.126
0.138
0.161
0.151
0.137
0.174
0.182
0.150
0.158
0.145
0.167
0.132
0.198
0.174
0.166
0.154
0.147
0.165
0.163
0.153
0.139
0.160
0.156
0.153
0.134
0.148
0.152
0.137
0.174
0.189
0.176
0.132
0.151
0.144
0.162
0.153
0.134
0.157
0.157
0.140
0.141
0.157
0.164
0.134
0.183
0.155
0.116
0.155
0.230
0.115
0.144
0.226
0.133
0.134
0.174
0.180
0.174
0.169
0.166
0.160
0.121
0.164
0.148
0.133
0.163
0.174
0.153
0.199
0.146
0.203
0.178
0.138
0.137
0.186
0.154
0.179
0.167
0.176
0.188
0.151
0.175
0.155
0.158
0.178
0.140
0.154
0.170
0.154
0.178
0.165
0.200
0.196
0.170
0.161
0.186
0.160
0.152
0.168
0.154
0.174
0.163
0.190
0.153
0.167
0.202
0.160
0.187
0.162
0.186
0.139
0.178
0.166
0.142
0.159
0.157
0.187
0.176
0.135
0.151
0.134
0.127
0.160
0.215
0.168
0.165
0.167
0.156
0.143
0.184
0.171
0.183
0.194
0.131
0.162
0.130
0.135
0.175
0.193
0.178
0.156
0.124
0.126
0.182
0.184
0.175
0.163
0.179
0.180
0.161
0.148
0.144
0.166
0.164
0.157
0.154
0.145
0.118
0.143
0.143
0.166
0.143
0.153
0.173
0.146
0.195
0.153
0.153
0.158
0.125
0.184
0.168
0.167
0.150
0.193
0.166
0.143
0.169
0.137
0.151
0.142
0.182
0.179
0.127
0.143
0.178
0.140
0.175
0.126
0.132
0.142
0.170
0.190
0.141
0.163
0.144
0.176
0.132
0.189
0.133
0.166
0.131
0.113
0.203
0.165
0.161
0.163
0.158
0.168
0.172
0.165
0.147
0.194
0.145
0.178
0.137
0.148
0.142
0.142
0.133
0.157
0.152
0.215
0.117
0.138
0.157
0.162
0.162
0.149
0.131
0.149
0.150
0.145
0.136
0.157
0.178
0.147
0.184
0.218
0.147
0.156
0.166
0.152
0.158
0.147
0.166
0.170
0.139
0.176
0.159
0.156
0.184
0.165
0.169
0.148
0.139
0.196
0.124
0.162
0.165
0.168
0.138
0.181
0.149
0.167
0.148
0.179
0.165
0.165
0.165
0.150
0.164
0.144
0.168
0.181
0.162
0.162
0.149
0.169
0.166
0.121
0.168
0.196
0.146
0.136
0.165
0.162
0.158
0.161
0.142
0.157
0.113
0.150
0.139
0.160
0.149
0.182
0.126
0.149
0.160
0.184
0.174
0.137
0.159
0.183
0.163
0.141
0.137
0.160
0.145
0.142
0.154
0.156
0.116
0.186
0.153
0.165
0.187
0.144
0.142
0.157
0.189
0.152
0.199
0.189
0.188
0.150
0.157
0.165
0.184
0.184
0.156
0.163
0.162
0.142
0.167
0.149
0.160
0.153
0.157
0.129
0.161
0.138
0.205
0.179
0.162
0.148
0.175
0.154
0.154
0.183
0.161
0.163
0.155
0.143
0.156
0.182
0.147
0.170
0.138
0.202
0.125
0.164
0.151
0.182
0.155
0.153
0.157
0.153
0.141
0.160
0.200
0.137
0.144
0.163
0.133
0.158
0.160
0.195
0.149
0.159
0.172
0.152
0.178
0.171
0.133
0.127
0.160
0.187
0.152
0.190
0.138
0.165
0.188
0.124
0.146
0.156
0.176
0.164
0.146
0.201
0.199
0.151
0.114
0.163
0.156
0.133
0.123
0.144
0.211
0.123
0.169
0.159
0.136
0.144
0.151
0.167
0.172
0.162
0.155
0.157
0.164
0.183
0.177
0.146
0.203
0.182
0.177
0.123
0.187
0.173
0.175
0.164
0.144
0.172
0.182
0.162
0.174
0.153
0.171
0.154
0.168
0.187
0.164
0.134
0.159
0.160
0.150
0.162
0.164
0.179
0.158
0.149
0.170
0.145
0.137
0.144
0.203
0.183
0.106
0.180
0.130
0.157
0.173
0.160
0.141
0.132
0.150
0.174
0.170
0.121
0.182
0.160
0.155
0.160
0.135
0.171
0.164
0.128
0.127
0.179
0.169
0.157
0.128
0.157
0.199
0.157
0.165
0.141
0.169
0.171
0.193
0.175
0.182
0.139
0.104
0.177
0.171
0.188
0.168
0.171
0.126
0.175
0.134
0.163
0.171
0.165
0.161
0.167
0.199
0.178
0.153
0.160
0.166
0.153
0.157
0.171
0.164
0.143
0.161
0.171
0.146
0.181
0.149
0.145
0.141
0.156
0.170
0.167
0.145
0.158
0.125
0.119
0.174
0.128
0.158
0.178
0.137
0.155
0.175
0.177
0.166
0.174
0.148
0.187
0.188
0.159
0.167
0.179
0.189
0.175
0.136
0.151
0.174
0.143
0.184
0.180
0.150
0.177
0.170
0.139
0.147
0.147
0.153
0.164
0.189
0.168
0.194
0.149
0.142
0.190
0.164
0.178
0.133
0.142
0.131
0.148
0.166
0.150
0.168
0.140
0.167
0.166
0.129
0.144
0.151
0.183
0.176
0.172
0.125
0.122
0.154
0.147
0.165
0.159
0.154
0.147
0.156
0.156
0.176
0.160
0.155
0.122
0.155
0.178
0.131
0.182
0.129
0.142
0.121
0.126
0.130
0.170
0.120
0.172
0.166
0.120
0.135
0.148
0.168
0.149
0.159
0.132
0.168
0.180
0.140
0.140
0.170
0.140
0.123
0.148
0.149
0.161
0.160
0.189
0.179
0.160
0.168
0.117
0.196
0.141
0.164
0.154
0.151
0.169
0.170
0.193
0.157
0.177
0.180
0.160
0.149
0.130
0.173
0.141
0.189
0.189
0.141
0.165
0.154
0.184
0.155
0.134
0.168
0.137
0.162
0.179
0.143
0.132
0.188
0.167
0.135
0.191
0.159
0.186
0.163
0.189
0.173
0.149
0.160
0.166
0.208
0.149
0.148
0.168
0.181
0.191
0.127
0.114
0.181
0.168
0.159
0.161
0.158
0.127
0.127
0.153
0.156
0.169
0.147
0.145
0.177
0.125
0.125
0.141
0.145
0.167
0.152
0.211
0.169
0.165
0.173
0.169
0.137
0.137
0.179
0.148
0.161
0.153
0.138
0.166
0.166
0.160
0.151
0.161
0.184
0.160
0.179
0.137
0.161
0.147
0.163
0.163
0.140
0.200
0.162
0.155
0.178
0.131
0.140
0.157
0.180
0.184
0.140
0.155
0.134
0.138
0.137
0.176
0.167
0.173
0.181
0.187
0.122
0.191
0.175
0.135
0.175
0.113
0.167
0.165
0.157
0.151
0.156
0.172
0.167
0.176
0.183
0.164
0.143
0.155
0.189
0.133
0.166
0.178
0.156
0.134
0.184
0.165
0.172
0.147
0.159
0.163
0.158
0.137
0.156
0.161
0.134
0.156
0.169
0.162
0.141
0.133
0.154
0.164
0.180
0.191
0.167
0.173
0.174
0.152
0.183
0.174
0.186
0.165
0.158
0.167
0.156
0.196
0.169
0.198
0.146
0.156
0.149
0.152
0.143
0.151
0.143
0.163
0.154
0.173
0.118
0.138
0.189
0.162
0.119
0.171
0.192
0.142
0.171
0.155
0.122
0.117
0.144
0.164
0.161
0.153
0.175
0.146
0.145
0.164
0.179
0.171
0.158
0.155
0.142
0.147
0.110
0.152
0.170
0.171
0.154
0.143
0.193
0.169
0.173
0.172
0.127
0.169
0.159
0.147
0.162
0.147
0.146
0.178
0.130
0.172
0.164
0.189
0.139
0.165
0.149
0.154
0.154
0.175
0.145
0.154
0.154
0.128
0.213
0.172
0.124
0.150
0.185
0.188
0.175
0.185
0.114
0.161
0.180
0.221
0.180
0.129
0.143
0.143
0.142
0.148
0.139
0.138
0.133
0.173
0.180
0.184
0.175
0.140
0.178
0.150
0.121
0.193
0.181
0.121
0.156
0.148
0.174
0.143
0.164
0.172
0.202
0.144
0.173
0.174
0.154
0.196
0.186
0.164
0.180
0.124
0.166
0.164
0.160
0.147
0.138
0.154
0.144
0.176
0.176
0.177
0.140
0.130
0.179
0.149
0.157
0.171
0.163
0.150
0.191
0.151
0.138
0.145
0.150
0.176
0.128
0.175
0.176
0.195
0.152
0.189
0.149
0.150
0.147
0.195
0.174
0.155
0.173
0.159
0.165
0.165
0.147
0.140
0.124
0.172
0.192
0.127
0.169
0.125
0.141
0.117
0.161
0.212
0.173
0.137
0.172
0.136
0.177
0.135
0.179
0.177
0.128
0.132
0.160
0.165
0.126
0.184
0.171
0.177
0.183
0.182
0.180
0.179
0.174
0.173
0.179
0.117
0.175
0.160
0.170
0.156
0.118
0.166
0.159
0.153
0.134
0.143
0.194
0.143
0.170
0.166
0.179
0.138
0.141
0.165
0.164
0.174
0.157
0.116
0.164
0.181
0.172
0.178
0.162
0.161
0.187
0.149
0.170
0.148
0.136
0.187
0.182
0.170
0.131
0.199
0.137
0.149
0.149
0.133
0.123
0.142
0.177
0.124
0.138
0.158
0.198
0.180
0.139
0.205
0.171
0.143
0.157
0.155
0.127
0.126
0.220
0.153
0.154
0.180
0.126
0.144
0.114
0.195
0.162
0.157
0.173
0.138
0.166
0.152
0.186
0.213
0.143
0.143
0.163
0.139
0.144
0.165
0.153
0.160
0.170
0.202
0.162
0.174
0.172
0.174
0.163
0.167
0.156
0.137
0.171
0.139
0.177
0.154
0.145
0.147
0.140
0.155
0.151
0.182
0.179
0.162
0.151
0.163
0.163
0.200
0.169
0.143
0.139
0.168
0.168
0.148
0.164
0.152
0.152
0.194
0.179
0.148
0.122
0.155
0.125
0.185
0.154
0.161
0.178
0.161
0.171
0.158
0.159
0.173
0.187
0.159
0.120
0.165
0.205
0.167
0.147
0.154
0.153
0.201
0.173
0.133
0.163
0.130
0.177
0.166
0.165
0.166
0.122
0.171
0.167
0.149
0.166
0.145
0.160
0.180
0.150
0.164
0.160
0.176
0.164
0.162
0.159
0.189
0.143
0.177
0.189
0.131
0.178
0.169
0.149
0.144
0.155
0.184
0.190
0.163
0.172
0.154
0.137
0.193
0.179
0.151
0.161
0.137
0.132
0.127
0.150
0.185
0.169
0.166
0.176
0.161
0.164
0.168
0.171
0.169
0.189
0.145
0.178
0.148
0.156
0.142
0.134
0.142
0.179
0.153
0.144
0.145
0.154
0.144
0.139
0.166
0.163
0.144
0.178
0.169
0.157
0.181
0.145
0.136
0.170
0.157
0.157
0.157
0.179
0.186
0.138
0.158
0.163
0.166
0.176
0.162
0.193
0.161
0.170
0.158
0.139
0.189
0.134
0.142
0.197
0.126
0.138
0.150
0.152
0.143
0.152
0.182
0.172
0.168
0.136
0.145
0.122
0.145
0.140
0.170
0.157
0.145
0.160
0.162
0.142
0.161
0.165
0.179
0.161
0.144
0.151
0.137
0.176
0.174
0.153
0.151
0.168
0.195
0.159
0.131
0.151
0.172
0.188
0.194
0.189
0.198
0.162
0.170
0.158
0.114
0.157
0.159
0.140
0.183
0.164
0.161
0.118
0.144
0.141
0.123
0.176
0.158
0.172
0.122
0.158
0.213
0.154
0.140
0.147
0.151
0.121
0.176
0.184
0.147
0.155
0.159
0.181
0.172
0.200
0.159
0.158
0.162
0.127
0.162
0.171
0.154
0.158
0.162
0.156
0.172
0.156
0.142
0.169
0.169
0.158
0.159
0.180
0.146
0.173
0.147
0.173
0.180
0.125
0.165
0.132
0.115
0.159
0.151
0.142
0.144
0.158
0.124
0.159
0.162
0.196
0.160
0.157
0.140
0.131
0.167
0.168
0.180
0.163
0.140
0.148
0.134
0.153
0.205
0.177
0.178
0.168
0.153
0.152
0.177
0.145
0.130
0.164
0.155
0.213
0.209
0.138
0.142
0.158
0.132
0.145
0.150
0.148
0.178
0.161
0.156
0.167
0.142
0.129
0.167
0.139
0.187
0.173
0.166
0.174
0.168
0.147
0.179
0.131
0.147
0.142
0.152
0.133
0.174
0.150
0.159
0.153
0.176
0.157
0.191
0.163
0.156
0.227
0.153
0.162
0.164
0.150
0.188
0.175
0.157
0.158
0.164
0.155
0.177
0.169
0.121
0.150
0.153
0.167
0.169
0.166
0.153
0.199
0.114
0.169
0.129
0.170
0.133
0.127
0.196
0.140
0.174
0.183
0.171
0.143
0.169
0.171
0.150
0.145
0.166
0.137
0.200
0.167
0.140
0.181
0.145
0.165
0.169
0.129
0.169
0.147
0.200
0.167
0.146
0.151
0.191
0.168
0.160
0.175
0.176
0.153
0.173
0.170
0.150
0.143
0.157
0.173
0.160
0.153
0.150
0.155
0.168
0.155
0.160
0.147
0.142
0.210
0.175
0.171
0.148
0.157
0.145
0.141
0.213
0.115
0.156
0.160
0.136
0.188
0.168
0.163
0.173
0.181
0.150
0.156
0.151
0.174
0.156
0.175
0.150
0.156
0.173
0.112
0.127
0.141
0.168
0.151
0.167
0.175
0.178
0.131
0.165
0.168
0.164
0.158
0.200
0.154
0.148
0.185
0.194
0.151
0.169
0.162
0.170
0.149
0.149
0.161
0.176
0.135
0.160
0.141
0.161
0.164
0.151
0.165
0.196
0.167
0.193
0.179
0.196
0.146
0.132
0.210
0.173
0.163
0.146
0.127
0.126
0.145
0.161
0.153
0.167
0.135
0.142
0.168
0.175
0.157
0.159
0.181
0.178
0.121
0.154
0.159
0.137
0.157
0.134
0.139
0.170
0.204
0.190
0.143
0.159
0.139
0.150
0.169
0.151
0.170
0.121
0.162
0.170
0.177
0.174
0.130
0.162
0.198
0.158
0.142
0.154
0.167
0.175
0.162
0.172
0.159
0.154
0.164
0.163
0.129
0.186
0.191
0.166
0.165
0.154
0.163
0.151
0.161
0.169
0.164
0.192
0.168
0.169
0.159
0.146
0.147
0.166
0.154
0.167
0.137
0.161
0.147
0.168
0.176
0.157
0.152
0.207
0.185
0.154
0.125
0.169
0.158
0.181
0.184
0.164
0.129
0.163
0.140
0.169
0.156
0.166
0.167
0.151
0.154
0.163
0.155
0.166
0.147
0.171
0.129
0.144
0.183
0.160
0.156
0.150
0.137
0.137
0.192
0.155
0.144
0.171
0.182
0.153
0.167
0.195
0.147
0.151
0.173
0.160
0.206
0.177
0.127
0.174
0.188
0.117
0.153
0.153
0.162
0.132
0.141
0.150
0.135
0.159
0.161
0.154
0.189
0.135
0.145
0.203
0.155
0.188
0.127
0.123
0.177
0.137
0.142
0.135
0.170
0.146
0.149
0.136
0.151
0.150
0.160
0.117
0.176
0.146
0.158
0.181
0.137
0.114
0.131
0.179
0.182
0.139
0.168
0.147
0.193
0.152
0.176
0.138
0.169
0.150
0.176
0.165
0.180
0.180
0.173
0.153
0.139
0.182
0.188
0.145
0.161
0.151
0.193
0.171
0.178
0.175
0.151
0.160
0.164
0.185
0.166
0.152
0.160
0.155
0.161
0.178
0.148
0.149
0.155
0.167
0.164
0.167
0.142
0.128
0.157
0.153
0.156
0.126
0.173
0.149
0.154
0.147
0.177
0.133
0.193
0.141
0.184
0.145
0.177
0.171
0.148
0.153
0.194
0.156
0.132
0.203
0.183
0.149
0.182
0.145
0.159
0.171
0.162
0.135
0.164
0.154
0.204
0.171
0.196
0.184
0.163
0.136
0.161
0.179
0.179
0.165
0.162
0.138
0.157
0.188
0.157
0.155
0.195
0.191
0.162
0.171
0.177
0.193
0.164
0.146
0.159
0.124
0.151
0.167
0.126
0.171
0.181
0.158
0.166
0.160
0.167
0.130
0.153
0.156
0.157
0.134
0.161
0.155
0.164
0.160
0.207
0.148
0.161
0.153
0.164
0.153
0.157
0.164
0.184
0.191
0.168
0.148
0.185
0.200
0.182
0.136
0.158
0.151
0.202
0.125
0.148
0.140
0.139
0.182
0.138
0.120
0.175
0.159
0.138
0.121
0.168
0.167
0.165
0.145
0.145
0.205
0.109
0.162
0.109
0.156
0.195
0.155
0.148
0.157
0.192
0.152
0.182
0.125
0.165
0.144
0.169
0.186
0.147
0.197
0.153
0.177
0.136
0.188
0.139
0.178
0.162
0.133
0.155
0.124
0.144
0.153
0.182
0.144
0.155
0.163
0.183
0.147
0.127
0.143
0.133
0.132
0.157
0.157
0.168
0.162
0.182
0.178
0.171
0.202
0.122
0.120
0.187
0.150
0.148
0.200
0.174
0.160
0.172
0.144
0.175
0.165
0.123
0.149
0.193
0.178
0.147
0.179
0.168
0.175
0.159
0.180
0.141
0.114
0.160
0.165
0.135
0.130
0.162
0.148
0.153
0.164
0.174
0.139
0.155
0.181
0.192
0.167
0.172
0.153
0.171
0.168
0.161
0.157
0.134
0.171
0.116
0.175
0.131
0.168
0.172
0.161
0.162
0.142
0.158
0.133
0.185
0.161
0.139
0.143
0.128
0.172
0.167
0.154
0.129
0.139
0.159
0.130
0.157
0.144
0.166
0.119
0.166
0.152
0.161
0.163
0.168
0.145
0.188
0.163
0.140
0.147
0.169
0.173
0.160
0.149
0.171
0.182
0.125
0.166
0.175
0.150
0.145
0.174
0.152
0.173
0.192
0.132
0.178
0.182
0.149
0.162
0.160
0.151
0.165
0.128
0.175
0.161
0.138
0.170
0.161
0.147
0.187
0.119
0.135
0.139
0.180
0.161
0.186
0.136
0.123
0.170
0.171
0.183
0.161
0.170
0.145
0.188
0.150
0.153
0.145
0.193
0.167
0.142
0.127
0.155
0.136
0.147
0.164
0.137
0.159
0.145
0.164
0.163
0.171
0.195
0.150
0.136
0.161
0.154
0.135
0.175
0.170
0.134
0.181
0.187
0.171
0.143
0.140
0.152
0.133
0.154
0.161
0.200
0.166
0.163
0.157
0.177
0.155
0.186
0.243
0.164
0.159
0.160
0.184
0.155
0.175
0.144
0.181
0.170
0.171
0.125
0.156
0.122
0.161
0.152
0.187
0.180
0.155
0.189
0.142
0.169
0.138
0.170
0.173
0.148
0.151
0.152
0.172
0.134
0.153
0.146
0.181
0.153
0.158
0.161
0.170
0.150
0.205
0.123
0.144
0.189
0.154
0.134
0.133
0.138
0.127
0.144
0.118
0.160
0.144
0.161
0.171
0.191
0.171
0.156
0.161
0.159
0.171
0.145
0.161
0.209
0.172
0.165
0.190
0.153
0.163
0.155
0.176
0.148
0.160
0.152
0.136
0.161
0.167
0.193
0.161
0.150
0.171
0.124
0.150
0.170
0.169
0.143
0.142
0.141
0.147
0.148
0.134
0.176
0.143
0.153
0.166
0.188
0.166
0.198
0.142
0.141
0.131
0.203
0.149
0.142
0.165
0.179
0.143
0.158
0.146
0.167
0.138
0.180
0.186
0.166
0.148
0.152
0.134
0.134
0.197
0.165
0.163
0.157
0.167
0.144
0.140
0.176
0.139
0.172
0.161
0.176
0.148
0.182
0.159
0.153
0.141
0.182
0.200
0.135
0.132
0.181
0.174
0.188
0.166
0.143
0.126
0.142
0.141
0.158
0.168
0.175
0.195
0.161
0.157
0.148
0.164
0.139
0.194
0.120
0.163
0.128
0.136
0.139
0.180
0.151
0.154
0.169
0.158
0.183
0.150
0.174
0.151
0.159
0.160
0.135
0.144
0.160
0.148
0.163
0.156
0.155
0.187
0.192
0.149
0.171
0.167
0.171
0.162
0.143
0.145
0.175
0.124
0.159
0.151
0.173
0.167
0.152
0.196
0.180
0.164
0.165
0.139
0.175
0.179
0.165
0.151
0.137
0.171
0.163
0.163
0.138
0.134
0.164
0.182
0.160
0.184
0.173
0.163
0.148
0.131
0.177
0.157
0.160
0.164
0.167
0.153
0.140
0.165
0.187
0.158
0.179
0.136
0.180
0.165
0.157
0.161
0.191
0.175
0.135
0.147
0.141
0.183
0.131
0.157
0.179
0.168
0.160
0.153
0.163
0.152
0.134
0.172
0.143
0.192
0.195
0.167
0.168
0.162
0.172
0.180
0.188
0.157
0.134
0.159
0.180
0.136
0.136
0.173
0.172
0.157
0.136
0.165
0.149
0.143
0.147
0.145
0.144
0.155
0.149
0.179
0.177
0.195
0.147
0.205
0.149
0.174
0.172
0.173
0.162
0.160
0.152
0.146
0.182
0.184
0.158
0.173
0.178
0.184
0.156
0.149
0.179
0.152
0.198
0.172
0.176
0.152
0.170
0.168
0.139
0.164
0.175
0.159
0.196
0.159
0.208
0.147
0.161
0.148
0.163
0.157
0.202
0.158
0.166
0.186
0.160
0.164
0.132
0.143
0.138
0.171
0.165
0.175
0.149
0.157
0.158
0.145
0.173
0.182
0.179
0.196
0.212
0.147
0.141
0.151
0.161
0.175
0.164
0.173
0.163
0.167
0.159
0.170
0.168
0.192
0.159
0.196
0.186
0.193
0.183
0.199
0.202
0.165
0.169
0.169
0.189
0.171
0.179
0.138
0.183
0.184
0.175
0.149
0.167
0.191
0.187
0.208
0.157
0.185
0.149
0.152
0.137
0.160
