1.003
1.034
1.111
1.271
1.307
1.321
1.375
1.524
1.508
1.606
1.011
0.959
1.079
0.929
1.096
0.983
1.481
0.988
1.401
1.467
0.960
0.976
1.345
1.492
1.420
1.521
1.299
1.576
1.365
1.665
1.441
1.592
0.902
1.044
1.366
1.449
1.496
1.327
1.341
1.640
1.260
1.411
0.890
1.271
1.156
0.853
1.053
1.680
1.331
1.346
1.044
1.097
1.351
1.199
1.024
1.207
1.058
1.188
1.294
1.071
1.750
1.411
1.240
1.168
1.287
0.952
1.080
1.396
1.521
1.308
1.663
1.282
1.168
0.919
1.006
1.116
0.896
1.455
1.494
0.952
1.120
1.107
1.244
0.968
1.409
1.409
1.088
1.599
1.211
1.501
1.329
1.035
1.667
1.343
0.842
1.241
1.271
0.981
1.349
1.397
1.050
1.267
1.305
1.041
1.697
0.944
1.216
1.611
1.063
1.010
1.197
1.454
1.162
1.417
1.038
1.541
1.647
1.344
1.623
1.570
1.850
1.370
1.547
0.935
1.274
1.018
1.403
0.935
1.232
1.662
1.359
0.930
1.475
1.395
1.252
0.989
1.469
1.245
1.627
1.014
1.128
0.908
1.037
1.193
1.485
1.425
1.254
1.392
1.208
0.902
1.775
1.268
1.514
1.120
1.596
1.016
1.543
1.294
1.259
1.539
1.326
1.072
1.371
1.279
0.937
1.322
1.463
1.452
1.390
1.195
1.048
1.552
1.249
0.934
1.193
1.289
1.059
0.951
1.202
1.442
0.952
1.130
1.660
1.597
1.290
1.157
1.317
1.465
1.472
1.640
1.463
0.907
1.109
1.048
1.361
1.035
1.180
1.170
1.371
1.363
0.989
1.312
1.570
1.490
1.338
1.623
1.327
0.953
1.389
1.487
1.435
1.091
1.150
1.333
1.188
1.352
1.460
0.962
1.462
0.945
1.027
1.082
1.096
1.279
1.392
1.448
1.537
0.953
1.210
1.507
1.392
1.013
1.472
1.221
1.582
1.560
1.533
0.976
1.419
1.055
1.013
1.474
0.942
1.312
1.274
1.168
1.070
1.212
1.109
1.299
0.914
1.362
1.520
1.113
0.900
1.036
1.521
1.249
0.907
1.403
0.972
1.590
1.311
1.579
1.479
1.048
1.368
1.573
1.203
1.288
1.609
1.120
1.427
1.505
1.496
1.525
0.904
1.490
1.246
1.331
1.663
1.480
1.040
1.209
1.357
1.276
0.979
1.297
1.561
1.521
1.047
1.636
1.413
1.069
1.657
0.950
1.122
1.476
1.457
1.127
2.064
0.984
1.083
1.094
1.414
0.955
1.424
1.480
1.659
1.255
0.881
1.538
1.387
1.622
1.441
1.559
1.641
1.603
1.133
1.139
1.083
1.481
1.656
1.455
1.428
1.112
1.466
1.059
1.303
1.397
0.959
1.306
1.474
1.394
1.249
0.921
1.538
1.586
1.122
1.129
1.481
1.513
1.296
1.165
1.415
1.245
1.757
0.942
1.578
0.977
1.400
1.358
1.136
1.199
1.631
1.194
1.530
1.550
0.956
1.069
1.339
0.911
1.499
1.812
1.286
0.944
0.955
1.167
1.806
1.237
1.055
1.650
0.984
1.362
1.434
1.350
1.180
1.391
0.945
0.953
0.998
1.223
1.049
1.336
1.476
2.846
1.320
0.917
1.674
1.379
1.500
1.374
1.286
1.518
1.167
1.000
1.053
1.284
1.430
1.450
1.382
1.232
1.397
1.260
1.652
0.995
1.524
1.465
1.257
1.266
0.999
0.946
1.141
1.535
0.997
1.381
1.321
1.221
0.996
1.652
1.360
0.900
1.435
1.272
1.075
1.502
1.485
1.519
1.632
1.186
1.533
0.985
1.535
1.328
1.554
0.933
1.392
1.332
0.955
1.030
1.217
1.311
1.288
1.408
1.344
0.903
1.869
1.432
1.298
1.123
1.070
1.003
1.714
1.557
1.673
0.995
1.529
0.183
1.379
1.089
0.957
1.388
0.979
0.981
1.040
1.853
1.501
0.924
1.389
1.494
1.812
0.905
1.301
1.585
1.017
1.587
0.939
0.954
1.117
1.031
1.550
1.274
1.237
1.406
1.446
1.706
0.900
1.450
1.102
0.974
0.994
1.250
1.200
0.904
0.994
1.647
1.378
1.519
1.322
1.283
1.362
1.392
1.266
1.627
1.601
1.339
1.237
1.336
1.250
1.427
0.979
0.888
1.500
1.462
1.267
0.924
1.536
1.225
1.192
1.365
1.657
1.656
1.568
1.782
1.566
1.218
0.937
1.582
1.389
1.328
1.228
1.020
1.013
1.281
1.758
1.298
0.964
1.227
1.536
1.352
1.427
0.880
1.239
1.480
1.669
0.987
1.291
1.565
1.075
1.100
1.190
1.039
1.534
1.292
1.452
1.248
1.606
1.033
1.474
1.773
1.227
1.488
1.050
0.935
1.244
1.436
1.299
1.384
1.346
1.418
1.049
1.197
0.935
0.949
1.154
1.379
0.958
1.353
1.553
1.330
1.484
1.518
1.112
0.927
1.003
1.085
1.386
1.266
0.958
1.429
1.192
0.924
1.305
1.366
1.491
1.065
1.454
0.962
1.089
1.346
1.409
1.154
1.191
1.177
1.310
1.371
1.627
1.596
0.982
0.955
1.350
0.974
1.432
1.219
1.670
1.163
0.863
0.995
1.064
1.023
1.286
1.065
1.687
1.618
1.544
0.998
0.930
1.600
0.972
1.266
0.976
1.336
0.921
1.254
1.313
1.394
1.884
0.981
1.607
1.677
1.886
1.069
1.657
1.127
1.308
1.586
0.898
1.600
1.167
1.296
1.375
0.958
0.994
1.303
1.104
1.284
1.257
1.642
1.346
1.696
1.315
1.094
0.957
1.516
1.634
0.924
1.401
1.298
1.415
1.424
1.128
0.900
0.939
0.934
1.115
1.260
1.409
1.481
1.167
1.315
0.899
1.285
1.453
1.022
1.079
1.826
0.948
1.538
1.562
1.345
1.441
1.594
1.439
0.980
1.044
1.045
1.050
1.008
1.386
1.433
0.905
1.320
1.475
1.373
0.940
1.263
0.899
1.469
1.147
1.191
1.493
1.054
1.581
1.359
1.492
0.976
1.229
0.961
1.282
1.004
1.147
1.504
1.269
1.207
1.370
1.280
1.456
1.250
1.372
1.161
1.567
1.523
1.384
1.510
1.063
1.688
1.026
1.044
0.899
1.256
0.998
1.398
1.667
1.012
1.312
1.297
1.227
1.105
1.546
1.355
1.372
1.609
1.415
1.776
1.348
0.958
1.395
1.471
1.419
1.207
1.043
1.600
1.435
1.413
1.238
1.522
0.974
1.231
1.428
1.175
1.572
1.447
1.212
1.030
1.460
1.395
1.525
1.227
1.028
1.429
1.316
1.262
1.309
1.047
1.092
1.199
1.137
1.447
1.359
1.556
0.901
1.402
1.064
1.016
1.154
1.673
1.753
1.012
1.410
1.369
1.168
1.614
0.881
1.231
0.957
1.276
1.203
0.960
0.959
1.352
0.973
1.433
1.248
1.402
0.902
1.085
1.574
1.411
0.947
1.729
0.941
1.425
1.509
1.223
1.373
1.454
1.034
1.828
1.354
1.169
1.440
0.954
0.944
1.025
1.190
0.912
1.338
1.292
1.457
0.923
1.210
1.323
1.481
1.602
1.283
1.562
1.343
0.956
1.339
1.190
0.997
1.244
1.299
1.341
1.306
1.465
1.411
1.596
1.714
1.510
1.411
1.323
1.454
1.656
1.034
0.912
0.911
1.201
1.182
0.969
1.338
1.455
1.528
1.120
1.018
1.424
1.470
1.499
1.288
1.498
1.222
0.937
0.932
1.017
1.120
1.406
1.009
1.710
2.082
1.457
1.062
1.234
1.553
1.580
1.295
1.273
1.308
1.007
1.386
1.765
1.562
1.472
1.578
1.022
1.002
1.387
1.261
1.233
0.936
1.335
1.607
1.226
1.479
1.301
1.048
1.053
1.350
1.415
1.331
1.352
0.989
1.258
1.092
0.922
0.984
1.376
1.029
1.328
1.410
1.408
0.935
1.617
1.206
0.890
1.270
1.208
0.976
1.375
1.532
1.597
1.076
1.517
1.168
1.409
1.587
1.152
1.704
1.521
1.464
0.876
0.962
1.256
0.951
1.195
1.049
0.894
1.547
1.576
1.088
0.993
1.264
1.412
0.975
1.057
1.504
0.934
1.449
1.121
1.419
1.372
1.098
1.501
1.224
1.396
1.316
1.297
1.418
1.386
1.561
1.232
1.763
1.041
1.175
1.550
1.493
1.390
1.313
1.282
1.267
1.401
1.038
1.222
1.709
1.445
1.199
1.014
1.042
1.110
1.426
1.370
1.007
1.438
1.284
1.228
1.342
0.961
0.995
1.044
0.954
1.615
1.265
1.538
1.405
1.281
1.683
0.910
0.935
0.983
1.615
0.948
1.529
1.524
1.298
1.339
0.969
1.031
1.522
1.307
1.000
0.927
1.126
1.023
1.282
0.954
1.305
1.440
1.018
1.399
1.239
1.307
1.497
1.724
1.494
1.476
1.623
1.362
1.050
1.515
1.602
1.275
1.376
1.474
1.244
0.984
1.355
1.289
0.940
1.054
1.603
1.472
1.590
1.021
1.582
1.397
0.917
1.051
1.561
1.084
1.109
1.562
1.432
1.557
1.311
1.545
0.974
1.027
1.003
1.083
0.999
1.004
1.020
1.353
0.950
1.323
1.298
1.100
1.454
1.503
0.889
0.933
1.565
1.393
0.990
1.759
1.209
1.294
1.187
1.333
1.034
1.375
1.383
1.430
1.493
1.611
1.557
1.246
1.309
1.276
1.339
1.229
1.060
1.024
1.323
0.961
1.062
0.928
1.111
1.284
1.071
0.935
1.301
1.182
1.241
1.346
1.423
1.191
1.043
1.484
1.339
1.025
1.017
1.398
0.958
1.317
0.928
1.266
0.983
1.176
1.366
1.215
1.265
1.341
1.047
1.257
1.551
1.268
1.321
0.958
1.257
0.984
0.985
1.399
1.001
0.924
0.972
1.512
0.934
0.884
1.015
0.904
1.878
1.206
1.374
0.977
1.485
0.944
1.726
1.190
1.423
1.530
1.263
1.264
1.093
1.207
1.176
1.558
1.042
1.320
1.351
0.889
1.467
1.042
0.886
1.029
1.221
1.556
1.102
0.937
1.680
1.400
1.165
0.989
1.263
0.938
1.271
1.460
1.156
0.942
1.388
1.266
1.452
1.329
1.773
0.949
0.997
1.537
1.077
1.438
1.472
1.185
1.441
1.559
1.391
1.321
1.903
0.972
1.106
1.532
1.152
1.262
0.897
0.958
1.014
1.324
1.374
1.409
1.317
1.416
1.000
1.090
1.337
1.628
0.930
1.455
0.934
1.216
1.114
1.467
1.050
1.478
1.476
1.316
1.084
1.187
1.441
1.242
1.466
1.375
1.010
1.440
1.359
1.526
1.086
1.044
1.039
1.884
0.947
1.509
0.957
1.355
1.035
1.407
1.283
1.622
1.395
0.988
1.650
1.211
1.131
0.995
1.647
1.334
0.927
1.266
1.426
1.169
1.756
1.216
1.612
1.097
1.003
1.679
1.614
1.160
1.381
1.500
1.016
1.259
1.161
1.648
1.494
1.316
1.087
1.093
1.447
1.036
1.371
0.961
0.915
1.240
1.086
1.478
1.396
1.273
1.233
1.624
0.900
1.480
1.275
1.006
1.746
1.429
1.195
0.930
1.290
1.323
0.980
1.361
1.450
1.542
1.312
1.691
1.072
0.957
1.432
1.420
0.996
1.431
1.050
1.113
0.960
1.401
1.359
1.366
1.239
1.638
0.919
1.467
1.332
1.203
1.218
1.627
1.281
1.068
1.532
1.077
0.962
1.268
1.310
1.570
1.507
1.230
1.428
1.444
1.271
1.229
1.288
1.127
1.529
1.226
1.196
1.093
0.958
1.343
1.155
1.401
1.344
1.022
0.887
1.392
0.943
1.687
1.326
1.346
1.432
0.961
1.520
1.541
0.973
1.310
1.293
1.387
1.077
1.085
1.403
1.480
1.469
1.520
1.229
1.570
1.154
1.244
1.009
1.384
1.544
1.553
0.980
1.312
1.253
0.936
1.194
0.917
1.285
1.332
1.170
1.003
1.222
1.228
1.463
1.301
1.382
1.379
1.518
1.026
1.229
1.050
1.501
1.404
1.438
0.871
0.915
1.361
1.484
1.374
1.746
1.442
1.062
0.933
1.566
0.944
1.269
1.610
1.425
1.211
1.494
1.240
1.324
1.586
1.473
1.261
1.170
1.372
0.927
1.142
1.376
1.497
1.034
1.581
1.041
1.111
1.400
1.811
0.954
1.638
1.478
0.939
1.315
1.314
1.372
1.305
0.958
1.508
1.379
1.322
0.938
1.568
1.385
1.064
1.220
1.397
1.188
1.364
1.143
1.487
1.042
0.912
1.494
1.227
0.975
0.996
1.107
1.473
1.138
1.208
0.956
1.362
1.072
1.254
1.644
1.413
1.509
0.934
1.255
1.367
1.522
1.489
1.268
1.216
1.296
1.339
1.443
1.255
1.368
1.366
1.731
1.453
1.011
1.284
0.925
0.973
1.476
1.496
1.265
1.680
0.986
1.284
1.233
1.436
1.249
1.259
1.075
1.244
1.319
1.413
0.911
0.962
1.304
1.285
1.612
1.428
1.540
1.586
1.182
1.460
0.975
0.962
1.461
1.355
0.880
1.493
0.980
1.350
1.025
1.147
1.422
1.573
0.958
1.219
1.475
1.758
1.033
1.309
1.872
1.000
1.504
1.111
1.533
0.947
1.384
1.356
0.954
1.248
1.281
1.445
1.208
1.368
1.346
1.507
1.043
1.604
1.547
0.897
1.349
1.471
1.000
1.343
1.150
1.323
0.944
1.579
1.389
1.478
0.876
0.981
1.401
0.932
1.119
1.146
1.128
0.935
0.989
0.857
1.650
1.344
1.436
1.181
1.572
1.485
1.112
1.008
1.428
1.231
1.186
1.085
1.234
1.104
1.293
1.409
1.253
1.450
1.409
1.359
1.047
1.568
1.540
0.987
1.016
1.534
1.278
0.885
1.679
1.152
1.096
1.031
1.001
1.392
1.127
1.190
0.895
1.584
0.952
1.268
1.371
0.991
1.463
1.916
1.068
1.087
0.980
1.230
1.560
1.500
1.021
1.554
1.361
1.130
1.613
1.247
1.716
1.136
1.366
1.066
1.453
0.994
1.721
1.581
1.055
1.363
1.633
1.490
1.185
1.581
1.060
1.080
1.385
1.359
0.969
1.045
1.219
0.994
1.423
1.304
1.564
1.296
1.173
1.374
0.928
1.081
1.519
1.182
1.123
1.034
1.359
1.464
1.532
1.270
1.490
1.515
1.137
1.207
0.926
0.997
1.077
1.383
1.142
0.970
1.618
1.251
1.498
1.271
1.544
0.882
1.430
0.939
1.391
1.301
1.269
1.103
1.198
1.120
1.495
1.160
1.426
0.970
1.000
1.332
1.036
1.385
1.389
1.437
1.310
0.966
1.195
0.926
1.382
0.913
1.316
1.047
1.050
1.145
1.086
1.314
1.079
1.393
1.518
1.600
1.318
0.999
1.237
1.302
1.459
1.394
0.983
1.362
1.616
1.122
0.943
1.219
1.407
1.280
1.242
1.280
1.331
1.244
0.954
1.490
1.815
1.325
1.612
1.135
1.003
1.350
0.902
1.541
1.811
1.451
1.106
1.370
1.689
1.311
1.589
1.265
1.474
1.063
0.887
1.192
1.239
1.480
1.205
1.058
1.230
1.482
1.224
0.924
0.969
0.940
1.331
0.908
1.511
1.404
1.532
1.393
1.041
1.359
1.345
1.288
1.060
1.349
1.421
0.981
1.170
1.306
1.413
1.200
1.034
1.502
1.252
0.976
1.332
1.126
1.416
0.947
1.725
1.140
0.999
1.200
1.592
1.555
1.692
1.504
1.567
0.950
0.965
1.187
1.000
0.934
1.173
1.204
1.399
1.061
1.462
1.233
1.004
0.932
1.440
1.101
1.333
1.369
1.281
0.921
1.037
1.405
1.323
0.993
1.091
1.361
1.240
0.922
1.597
1.395
1.500
1.176
1.545
1.387
1.508
1.354
1.323
1.663
1.163
1.083
0.980
1.163
1.272
1.099
1.322
1.551
1.285
1.426
1.282
1.313
1.260
0.956
1.077
1.210
1.493
0.959
0.885
0.874
0.896
1.173
1.156
1.279
1.436
0.966
1.410
1.577
0.889
0.945
1.288
0.967
1.513
1.158
1.360
1.172
1.310
1.013
1.213
0.989
1.541
1.193
1.718
1.402
1.763
1.239
1.355
1.283
1.363
1.261
1.498
1.320
1.633
0.974
1.367
1.160
1.063
1.460
0.945
1.289
0.995
0.994
1.217
1.134
1.332
1.613
1.285
1.079
1.297
1.021
0.959
1.515
1.348
1.339
1.089
0.871
1.174
1.000
1.478
1.155
1.192
0.924
0.969
0.946
1.133
1.591
1.239
1.478
1.390
1.023
1.217
1.411
1.301
1.490
1.368
0.934
1.335
1.208
1.110
0.936
0.932
1.086
0.914
1.252
1.509
1.445
1.242
0.869
1.089
1.464
1.424
1.298
1.642
0.920
0.990
1.152
1.556
1.355
0.899
1.073
0.986
1.270
1.391
0.947
1.324
1.614
1.200
1.369
0.956
1.155
1.653
1.458
0.996
1.326
1.554
1.471
1.391
1.082
0.934
0.864
1.113
0.882
1.345
1.174
1.242
1.036
1.031
1.254
1.009
1.520
1.146
1.426
1.126
1.238
1.241
1.494
1.333
0.970
1.286
1.262
1.416
1.024
1.007
0.982
1.719
1.215
1.183
0.953
1.442
0.917
1.522
0.994
1.282
0.996
1.237
1.336
0.884
1.531
1.040
0.913
1.280
1.367
1.153
1.332
0.984
1.409
1.374
1.393
0.932
1.416
1.212
1.046
1.033
1.531
1.884
0.924
1.588
1.663
1.484
0.903
1.106
1.393
1.228
1.346
1.051
1.035
0.996
0.902
1.784
1.103
0.089
1.033
1.076
1.389
1.469
0.949
0.874
1.056
1.326
1.234
1.363
1.152
1.305
0.897
1.456
1.541
1.117
1.020
1.178
1.269
1.309
0.916
1.011
1.190
1.225
0.965
1.034
1.584
1.290
1.089
1.212
0.958
1.684
0.952
1.251
1.007
1.531
0.944
1.468
0.947
1.348
0.928
1.327
0.934
1.017
1.215
1.204
1.328
0.931
1.453
1.502
1.513
1.351
0.987
1.365
1.379
1.128
1.360
1.022
0.933
1.522
1.194
1.655
1.150
1.024
1.295
1.446
1.414
1.408
1.118
0.964
1.177
0.902
0.961
1.580
1.535
1.306
1.238
1.533
1.412
0.980
1.204
1.368
1.174
0.964
1.545
1.271
1.248
1.399
0.932
1.546
1.522
1.316
1.594
0.958
1.202
1.348
0.940
0.936
0.957
1.219
1.132
1.508
0.916
1.569
1.190
1.312
1.101
1.386
1.112
1.334
1.362
0.922
1.470
1.065
1.442
1.544
1.024
1.206
1.545
1.430
1.487
0.907
1.425
1.350
1.363
1.410
0.877
1.176
1.397
1.556
1.043
1.454
1.127
0.946
1.460
0.995
1.267
1.256
0.950
1.091
1.433
1.330
1.405
0.998
0.999
1.520
1.351
1.448
1.272
1.358
1.314
1.292
1.293
1.381
1.388
1.302
1.576
1.392
1.228
1.189
1.231
0.938
1.645
0.993
1.311
0.938
1.602
1.303
1.552
1.402
1.007
1.209
1.108
0.895
1.436
1.170
1.697
0.918
1.556
0.919
1.083
1.381
1.404
1.282
1.338
1.207
0.031
1.388
1.215
1.004
1.336
1.006
1.149
1.409
1.494
1.169
0.989
0.969
1.285
1.184
1.093
1.440
1.560
1.558
1.365
1.291
1.309
1.046
0.921
1.381
1.237
1.206
1.499
1.409
1.525
1.105
0.992
1.506
1.071
1.191
0.920
1.413
0.922
1.438
1.298
1.004
1.366
1.272
1.011
1.430
1.306
0.982
1.414
1.092
1.248
0.849
1.447
1.450
1.048
1.228
0.985
1.375
1.167
1.047
1.283
1.620
0.929
1.281
1.389
0.977
0.937
1.421
1.289
0.903
1.392
1.528
1.489
1.373
1.098
1.093
1.288
1.587
1.234
1.518
0.889
1.117
1.478
1.146
1.016
1.506
1.398
0.907
1.186
0.975
1.174
1.484
1.468
1.394
0.943
1.534
1.343
1.269
1.360
1.383
1.518
1.230
1.978
1.376
1.511
1.131
0.913
1.005
1.255
1.632
1.044
1.271
1.189
1.089
1.185
0.973
1.252
1.430
1.348
1.302
1.000
1.224
1.532
0.939
1.000
0.968
0.968
1.157
0.914
1.359
1.291
1.273
1.776
1.204
1.331
1.287
1.859
1.496
1.368
1.265
0.916
1.404
0.898
0.926
1.230
0.979
0.988
1.042
0.979
1.498
1.014
1.372
1.276
1.167
0.986
1.190
1.599
1.261
1.266
1.048
1.277
0.991
1.312
1.258
1.475
1.180
0.972
0.957
1.547
0.912
1.281
1.414
0.913
1.037
1.514
0.877
1.174
1.321
0.985
1.300
1.511
1.324
0.904
1.459
1.366
1.129
0.940
0.974
1.434
0.960
1.098
0.991
1.824
1.286
0.885
1.414
1.363
1.414
1.347
1.356
1.377
1.151
1.343
0.880
0.941
1.393
1.209
1.063
1.059
1.233
1.129
1.737
1.311
1.435
1.139
0.951
0.933
1.619
1.322
1.175
0.885
1.330
1.307
1.725
1.441
1.005
1.535
1.334
1.623
1.204
1.389
1.334
1.292
0.970
0.956
1.264
1.472
1.000
1.165
1.330
1.379
1.337
1.466
0.938
0.956
1.478
1.190
1.441
0.938
1.083
1.347
1.181
1.254
1.153
1.175
1.250
1.045
1.624
1.376
1.668
0.969
0.863
1.255
1.446
1.326
0.950
1.277
1.286
1.260
1.453
1.203
0.895
1.284
1.378
1.221
1.234
0.968
0.938
1.213
1.386
0.917
0.962
0.917
1.478
1.116
1.033
1.113
0.915
1.531
1.596
0.988
0.935
0.924
0.992
0.976
1.453
0.908
1.250
0.896
1.317
1.478
1.500
1.199
1.028
1.210
0.962
1.038
1.274
0.872
1.415
0.924
0.972
1.055
0.949
1.559
0.888
0.981
0.879
1.016
1.418
1.360
0.905
1.300
1.330
1.076
1.373
0.996
1.424
1.426
1.003
1.029
1.475
1.257
1.433
1.002
1.018
1.485
1.510
1.236
1.075
1.430
1.351
1.333
1.430
1.384
1.290
1.666
1.068
1.383
1.000
0.912
1.206
1.133
1.372
1.345
0.937
1.305
1.609
1.277
0.922
1.537
1.115
1.097
1.190
1.591
0.894
1.344
1.242
1.467
1.376
1.591
1.326
1.027
1.580
1.469
1.452
1.182
1.282
1.521
1.337
1.510
1.364
1.380
0.910
1.000
1.287
1.188
1.276
1.554
0.950
0.829
0.951
1.445
1.608
1.474
1.131
1.451
1.381
0.909
1.225
1.057
0.957
0.907
1.030
1.151
1.475
0.938
0.922
1.385
0.968
1.204
0.928
1.659
1.149
1.143
0.954
1.066
1.048
0.935
1.281
1.235
1.223
0.930
0.999
1.279
1.233
1.510
1.618
1.424
0.937
0.989
1.354
1.361
1.011
0.973
1.298
1.461
1.205
1.543
0.953
1.268
1.365
1.447
1.792
0.927
1.255
1.017
1.321
0.857
1.241
0.931
1.339
1.274
0.970
0.875
1.397
1.291
0.997
1.059
1.233
1.187
1.461
1.462
1.283
1.450
1.225
1.252
1.416
1.263
1.345
1.583
1.545
1.328
1.314
1.454
1.359
1.236
1.415
1.438
1.448
1.347
0.937
1.596
1.278
0.952
1.394
1.008
0.918
1.566
1.683
0.934
1.085
1.320
1.475
1.130
1.428
1.441
1.434
1.375
1.083
0.955
0.997
1.213
1.766
1.384
1.370
0.988
1.489
0.993
1.228
1.570
1.506
1.317
1.131
1.445
0.916
1.043
1.290
1.254
1.534
1.177
0.956
1.270
1.276
1.330
1.583
1.543
1.528
1.057
0.958
0.980
1.394
0.941
0.928
1.132
0.954
1.411
1.005
1.260
1.217
1.201
1.216
1.716
0.978
1.121
1.321
0.959
1.009
0.968
0.971
0.959
0.934
1.275
1.089
0.890
0.963
0.983
0.944
0.888
0.964
1.514
1.103
1.493
0.915
1.009
1.365
1.005
1.450
0.993
0.970
1.319
1.594
1.278
1.537
1.536
1.310
1.497
0.976
0.985
1.569
1.088
1.198
1.373
1.365
1.027
1.364
1.468
1.129
1.559
1.187
1.131
1.008
1.515
0.865
1.186
1.278
1.149
0.949
1.144
0.956
1.362
1.303
1.390
1.136
0.819
1.259
1.465
1.274
1.383
1.335
1.600
0.929
1.517
1.301
1.176
1.217
1.321
1.329
1.329
1.212
0.893
1.166
1.287
1.303
1.684
1.120
1.368
0.975
0.851
1.762
1.368
1.012
1.492
1.321
1.027
0.928
0.963
1.221
1.001
0.969
1.642
1.216
1.239
0.934
0.886
1.359
0.971
1.225
1.169
1.271
1.363
1.543
0.950
1.289
1.477
1.129
1.123
1.181
1.449
1.362
1.407
1.384
1.582
0.986
0.927
1.136
1.094
1.013
1.349
1.494
1.230
1.292
1.136
1.232
1.457
1.428
1.776
1.387
1.388
1.421
0.986
1.306
1.372
1.148
1.330
1.014
1.571
0.925
1.067
1.254
0.903
0.882
1.229
0.924
1.414
1.097
1.411
1.451
0.937
1.135
1.028
1.010
1.372
1.406
1.301
0.887
1.184
1.542
1.442
1.386
1.211
1.748
0.891
1.398
1.564
1.295
1.538
0.906
1.193
1.367
0.991
1.194
1.518
1.298
1.494
0.967
0.878
1.344
1.231
0.918
1.193
1.111
1.207
0.909
1.035
1.488
1.339
1.362
1.207
1.156
1.342
1.574
0.911
0.906
1.246
1.532
1.390
1.350
1.288
1.377
1.241
0.895
1.088
1.383
1.064
1.530
1.361
1.446
1.575
1.348
1.322
0.958
1.430
1.246
1.260
1.212
0.936
1.497
1.422
1.420
1.183
0.862
1.005
0.892
1.330
1.349
0.877
1.424
1.216
1.158
1.664
1.376
0.967
1.210
1.382
0.908
1.000
0.933
1.532
1.421
1.224
1.356
0.889
1.321
0.876
1.128
1.263
1.411
1.456
1.257
1.386
1.622
1.384
1.307
1.079
1.225
0.971
1.118
1.103
1.441
1.041
1.283
1.402
1.533
0.967
0.985
1.299
1.114
1.367
1.629
1.077
0.966
1.384
1.400
1.243
1.313
1.443
1.435
1.178
1.332
0.983
1.566
0.957
1.299
1.496
1.177
1.037
1.227
1.354
1.515
1.568
1.477
1.501
0.982
1.410
1.653
1.023
1.358
1.195
1.375
1.608
1.274
1.332
0.896
0.973
0.944
1.233
0.955
1.413
1.080
0.994
1.310
1.387
0.868
1.377
1.727
0.966
0.948
1.627
0.993
1.599
1.234
1.401
1.479
1.528
1.517
1.397
1.316
0.941
1.378
0.898
1.785
1.014
1.421
1.154
1.741
1.394
1.329
0.999
1.205
1.284
1.465
1.475
1.057
1.042
1.355
1.357
1.394
1.480
1.409
1.049
0.902
1.541
1.548
1.308
1.099
1.491
1.867
1.363
0.932
1.475
1.469
1.412
1.090
1.365
1.318
1.049
1.265
1.619
0.948
1.508
1.409
1.166
1.262
1.273
1.249
1.307
1.327
1.214
1.202
0.962
0.924
1.602
1.238
1.302
0.896
1.211
0.994
1.195
1.503
0.998
1.312
1.410
1.175
1.386
1.245
1.359
0.960
1.505
1.122
1.170
1.145
1.552
1.086
1.426
1.205
1.019
1.320
1.098
1.309
1.470
1.338
1.409
1.024
0.939
1.326
0.889
1.207
1.266
1.334
1.615
1.425
1.556
1.601
1.268
1.700
1.270
1.595
1.479
1.526
0.966
1.135
0.940
1.120
1.487
1.351
0.839
0.969
1.266
0.869
1.028
1.529
1.387
1.376
0.891
0.952
1.259
1.274
1.248
1.219
1.406
0.956
1.039
1.297
0.922
1.173
1.469
1.007
1.159
1.614
0.949
1.206
1.358
0.961
0.916
0.920
1.510
1.326
1.402
1.201
1.366
1.038
1.206
1.213
0.878
1.500
1.173
1.484
1.474
0.991
1.265
1.386
1.196
1.333
1.161
0.862
1.392
1.312
1.113
1.404
1.037
0.983
1.022
0.955
1.584
1.057
1.433
1.239
1.022
1.384
1.039
1.363
0.902
0.990
1.181
1.401
1.387
1.243
1.328
1.367
1.277
0.843
1.086
1.383
1.202
1.230
1.513
1.317
1.289
1.047
1.422
1.484
0.995
1.289
1.055
0.990
0.867
0.987
0.963
1.143
1.366
1.359
1.425
0.899
0.864
1.414
1.552
1.277
1.380
1.370
1.465
1.125
1.104
1.157
0.938
1.343
1.198
1.407
1.274
1.362
1.407
1.017
1.653
1.018
1.141
1.164
1.116
0.853
1.012
1.121
1.019
1.038
1.020
1.251
1.332
1.553
1.336
1.240
0.910
1.524
1.042
0.953
0.873
0.924
1.715
1.751
1.110
0.902
1.042
1.151
0.933
1.509
1.458
1.435
1.486
1.508
1.284
1.298
0.925
0.893
1.197
1.152
0.966
1.659
1.333
0.980
1.294
1.104
1.436
1.405
1.502
1.480
1.428
1.291
1.287
1.572
1.409
1.363
0.984
1.372
1.021
1.406
1.404
0.970
1.237
1.232
1.383
0.966
1.138
1.214
1.710
1.336
1.489
0.968
1.526
1.114
1.215
1.483
1.355
1.490
1.469
1.406
0.910
1.152
1.153
0.823
1.394
1.336
1.513
1.460
1.221
0.961
1.637
1.343
1.498
1.209
0.925
1.281
0.920
1.368
1.475
1.108
1.358
1.233
1.403
1.331
0.944
1.231
0.896
1.432
0.884
1.506
1.541
1.541
1.676
1.023
1.320
0.901
1.065
0.918
0.988
1.464
1.420
1.311
1.249
1.429
1.444
0.947
1.283
1.503
1.112
1.551
1.407
1.112
1.210
1.168
1.305
1.182
1.504
1.369
1.238
1.272
0.983
0.974
0.968
0.994
1.157
0.903
0.981
0.822
1.349
1.512
0.859
1.188
1.373
1.668
1.197
1.004
1.232
1.323
1.308
0.858
1.029
1.411
1.500
1.362
1.655
1.240
0.901
1.505
1.453
1.588
1.329
0.945
0.972
1.594
1.144
1.327
1.336
1.508
0.966
1.233
1.271
1.642
1.558
1.239
0.959
0.899
1.231
0.956
1.387
1.214
1.186
1.264
1.144
1.281
1.035
0.937
1.474
0.952
1.379
1.012
0.964
1.540
1.463
1.408
1.535
1.102
0.858
1.215
1.488
1.228
1.327
1.418
1.395
1.219
0.961
1.012
1.280
1.111
1.720
1.583
1.436
0.993
1.029
1.083
1.119
0.899
1.158
1.376
1.015
1.206
0.910
1.139
1.000
1.353
1.390
1.171
1.397
1.222
1.557
0.933
1.582
1.581
1.406
0.878
1.128
1.130
1.343
1.281
1.129
1.330
1.324
0.939
1.022
1.341
0.883
1.079
1.030
1.290
1.282
0.964
1.024
0.993
1.487
1.273
1.025
1.332
0.992
0.943
1.202
1.417
0.853
1.344
1.519
1.359
1.199
1.179
1.490
1.523
1.265
1.119
1.200
1.255
1.378
1.444
1.142
1.372
1.462
1.515
1.493
1.467
1.619
1.476
0.894
1.487
1.062
1.261
1.249
1.475
1.258
1.098
1.287
0.996
1.196
1.046
1.297
1.619
1.076
1.003
0.956
1.232
0.961
1.382
1.323
1.121
1.577
1.334
1.556
0.881
0.883
1.570
0.913
1.206
1.193
1.416
0.961
1.330
1.237
0.932
1.204
1.059
1.427
1.076
1.496
1.474
0.998
1.155
1.385
1.357
1.071
1.299
1.343
1.330
1.324
1.035
1.760
0.908
0.894
1.107
1.499
1.350
1.643
1.194
1.480
1.512
1.203
0.949
1.072
1.385
1.649
1.278
1.405
1.361
1.488
1.291
1.341
1.382
1.042
0.986
0.869
1.641
1.224
1.607
1.470
1.240
1.526
0.990
1.045
1.004
1.007
1.602
1.412
0.888
1.348
1.077
1.105
0.968
1.074
1.331
1.228
1.370
0.932
1.254
1.174
1.402
1.013
1.154
1.216
1.074
1.401
1.192
1.432
1.376
1.158
1.333
1.013
0.878
1.059
0.975
1.188
0.992
0.928
1.365
1.415
1.113
1.208
1.395
1.108
0.942
1.016
1.405
0.952
1.182
0.887
1.295
1.255
0.902
1.093
0.981
0.986
0.895
1.319
1.047
1.217
1.220
1.393
1.291
0.886
1.214
1.313
1.005
1.425
1.154
1.166
0.993
1.421
1.221
1.468
1.403
1.080
0.934
1.391
1.314
1.014
0.902
1.489
1.239
1.425
1.335
1.222
1.584
1.002
1.457
0.935
1.655
1.201
1.341
0.946
0.896
1.247
0.964
0.998
1.260
0.993
0.901
0.889
1.324
1.319
0.965
1.463
1.512
1.784
1.283
0.875
1.047
1.385
1.510
1.239
0.985
1.207
0.909
0.901
1.143
1.480
1.183
1.023
1.222
0.901
1.481
1.313
0.968
1.205
1.377
1.005
0.999
1.900
0.871
1.509
1.322
1.403
1.273
0.941
1.341
0.931
1.028
1.707
1.406
1.210
0.999
1.336
1.264
1.296
1.219
1.158
1.500
1.514
1.337
0.902
1.440
1.286
0.880
1.125
0.944
1.370
1.495
1.446
0.954
1.356
1.427
1.469
1.041
1.178
1.404
1.490
1.310
1.458
1.199
1.058
1.379
1.708
1.360
1.458
1.028
0.946
1.481
1.145
1.037
0.925
1.313
1.360
1.307
1.226
1.170
1.271
1.183
1.325
1.401
1.024
1.264
1.340
1.137
1.389
1.308
1.573
1.191
1.532
0.936
0.923
1.076
1.511
1.253
0.995
1.584
0.975
1.238
1.317
0.984
1.551
1.417
1.456
1.339
1.223
1.462
1.203
0.921
1.107
1.396
1.035
1.554
0.915
1.513
1.293
1.120
1.622
1.061
0.990
1.504
1.184
1.337
0.945
0.923
0.982
1.272
1.071
1.608
1.387
1.240
0.915
1.300
1.332
1.348
1.318
0.882
0.945
1.350
1.518
0.979
0.991
1.162
1.222
0.939
1.040
1.445
1.164
1.050
1.419
1.372
1.158
0.981
1.549
1.454
1.674
1.640
0.955
1.473
1.493
0.889
1.442
1.046
1.268
1.032
1.268
1.628
1.570
0.941
1.397
1.387
1.351
1.384
1.316
1.319
0.923
1.387
1.070
1.446
0.884
1.280
1.324
1.477
1.699
1.211
1.311
1.413
1.076
1.054
0.940
0.956
1.299
1.336
1.039
1.527
1.051
1.181
1.507
0.906
1.124
1.237
1.583
1.198
1.394
0.982
1.398
1.097
1.343
1.037
1.510
1.677
1.333
1.279
0.967
1.360
1.358
1.304
1.258
1.460
1.539
1.197
0.956
0.885
1.460
1.435
0.856
1.464
1.345
1.447
0.899
1.317
1.396
0.944
1.222
1.361
1.542
1.214
1.289
0.902
1.231
1.537
1.354
1.131
1.162
1.601
1.378
0.954
1.118
1.527
1.449
1.296
1.105
1.399
1.264
1.022
1.295
1.254
1.279
1.477
1.321
1.067
0.883
1.345
1.478
1.378
1.503
1.251
1.283
0.921
1.233
1.002
0.955
1.294
0.956
1.388
0.964
1.281
1.074
1.400
1.379
0.949
1.406
1.195
1.051
1.388
0.961
1.288
1.357
1.464
0.990
0.884
0.934
1.253
1.193
0.980
1.306
0.931
1.030
1.608
1.362
1.208
1.291
0.937
1.019
1.399
0.927
1.472
1.355
1.073
1.464
1.557
0.958
1.666
1.464
0.878
0.896
1.645
1.196
1.464
1.365
1.375
0.914
1.200
1.292
1.562
1.226
0.921
1.086
1.550
1.331
1.288
1.417
1.238
1.464
0.916
1.220
0.872
1.306
1.161
1.460
0.840
1.420
0.965
1.492
1.295
1.313
1.202
1.090
0.948
1.316
1.217
1.613
1.161
1.205
1.245
1.584
1.455
1.357
1.629
1.140
0.920
1.004
1.445
0.874
1.374
1.033
0.888
1.045
1.458
1.612
1.163
1.356
0.994
1.174
1.204
0.878
1.146
1.020
0.981
0.988
1.385
1.157
1.005
1.297
1.261
0.864
1.503
1.017
1.389
1.146
1.470
1.195
1.030
0.855
1.210
1.172
1.191
1.328
1.229
1.258
1.442
1.064
1.324
1.316
0.878
1.267
1.304
1.283
1.665
1.199
1.262
1.246
1.050
0.974
1.094
1.298
1.468
1.342
1.004
0.885
1.409
1.008
1.398
1.260
0.890
1.074
1.232
1.218
1.219
1.221
1.342
0.953
1.061
1.502
1.371
1.151
1.158
1.104
1.821
1.468
1.141
1.351
1.131
1.271
1.558
1.239
1.418
1.268
1.101
1.015
1.734
1.403
0.864
1.220
1.241
1.420
1.015
1.015
0.906
1.089
1.330
1.277
1.083
1.122
0.893
1.454
1.641
0.878
1.749
0.946
0.863
1.045
1.105
0.939
0.920
1.505
1.010
1.428
0.899
1.208
1.119
1.576
1.287
0.881
1.381
1.371
0.936
1.526
1.253
1.489
1.004
1.152
1.022
0.941
1.219
1.165
1.296
0.924
0.913
1.095
1.326
1.235
1.096
0.934
0.956
1.410
1.316
0.088
1.417
1.087
1.555
1.316
1.003
0.906
0.889
1.501
1.260
1.347
1.307
1.555
1.066
1.168
0.951
0.905
1.223
1.344
1.423
1.020
1.433
1.331
1.342
1.262
1.124
1.260
1.557
1.014
1.568
0.899
1.368
1.344
1.386
0.943
0.998
1.397
0.913
1.267
1.015
1.484
1.336
0.939
1.520
1.371
1.507
0.901
0.989
1.241
0.912
1.225
0.937
1.234
1.283
1.377
1.530
1.211
1.767
0.978
0.995
1.004
1.210
1.213
1.106
1.512
1.447
1.542
1.434
1.056
1.268
0.747
1.405
1.421
1.431
0.904
1.500
1.498
1.453
1.315
1.348
1.159
1.245
0.920
1.479
1.266
1.323
1.191
1.421
1.280
1.593
0.942
1.312
1.251
1.024
1.369
1.044
1.548
1.090
1.167
2.899
1.556
1.305
0.940
1.348
1.299
1.253
1.493
1.426
1.060
0.929
1.459
1.288
1.495
1.207
1.261
1.501
1.180
1.157
0.910
1.326
1.216
1.368
1.217
1.117
1.573
0.913
1.034
0.875
1.034
1.408
1.410
1.310
1.000
1.260
1.306
1.305
1.641
1.173
0.942
1.051
1.614
0.994
1.029
1.373
1.454
0.933
0.874
1.046
1.378
1.297
1.588
1.149
0.906
1.160
1.598
1.314
0.935
1.445
1.285
1.440
1.481
1.526
1.247
1.405
0.980
1.297
1.006
1.080
1.244
0.950
1.598
1.159
0.949
0.937
1.401
1.322
1.235
1.230
0.918
1.053
1.441
1.355
1.460
1.005
0.923
1.330
1.089
1.376
1.258
1.018
1.615
1.050
0.990
0.935
1.061
1.373
0.969
1.419
1.222
1.066
1.211
1.147
1.418
1.465
1.412
1.277
1.137
1.014
1.206
1.537
1.264
0.926
0.869
1.043
1.273
1.181
1.390
1.259
1.289
1.273
1.286
0.899
1.241
1.264
1.523
1.080
1.200
1.273
0.953
1.075
1.262
1.571
1.262
1.315
1.300
1.194
1.356
1.024
0.801
1.308
1.728
1.019
0.894
1.030
0.952
0.921
1.172
1.120
1.254
1.248
1.356
1.289
1.161
1.248
1.481
1.451
1.595
1.361
1.048
1.097
1.242
1.503
1.424
1.266
1.348
1.181
1.367
1.388
0.981
1.274
1.293
0.877
1.196
1.058
1.227
1.133
1.615
1.002
1.204
1.357
1.107
1.484
1.804
1.302
1.024
1.306
1.058
0.856
1.544
1.608
1.342
1.447
1.367
1.295
1.402
1.527
1.032
0.971
1.340
1.216
1.429
0.973
1.270
1.390
1.067
1.463
1.464
0.917
0.893
1.365
1.301
1.343
1.254
1.294
0.939
1.351
0.969
1.126
0.971
0.911
1.283
1.021
1.251
1.353
1.418
1.012
0.965
1.225
0.919
1.339
1.423
1.323
1.506
1.655
1.423
1.158
0.960
1.351
1.463
1.366
1.377
1.449
1.555
1.475
0.988
1.396
1.139
1.224
1.392
0.893
0.904
1.241
1.516
1.377
1.168
1.555
1.321
1.351
1.285
1.485
1.352
0.960
1.357
1.405
0.936
1.195
0.900
1.439
1.082
0.929
1.480
0.940
0.039
1.502
1.307
1.555
0.928
1.153
1.479
0.951
1.539
1.422
1.325
1.173
1.452
1.223
1.417
1.153
1.360
0.943
0.870
1.454
1.326
1.594
1.332
1.839
0.941
1.401
1.220
1.255
1.097
1.355
1.480
1.404
1.037
1.290
1.669
1.345
1.257
1.696
1.395
1.349
0.912
1.573
0.916
0.979
1.031
0.927
1.208
1.339
1.006
1.311
1.148
1.304
1.414
0.928
1.384
0.918
1.206
1.317
1.145
0.902
1.284
1.508
0.897
1.423
1.580
1.239
1.613
0.925
1.152
1.642
1.477
0.995
1.345
1.021
0.899
1.048
1.628
1.799
1.018
1.452
1.381
1.176
1.062
1.300
1.498
1.159
1.195
1.516
1.289
1.114
1.515
0.966
1.695
1.114
1.421
1.552
1.111
1.155
1.218
1.371
1.363
0.900
1.117
1.372
1.410
1.551
0.996
1.247
1.496
1.527
1.172
1.681
0.977
1.392
1.146
1.202
1.851
1.365
1.305
1.633
1.397
1.421
1.549
0.882
1.274
1.218
1.071
1.115
1.268
1.568
1.492
1.299
1.240
0.910
0.873
1.246
0.852
1.572
0.936
0.891
0.903
1.574
1.187
0.961
1.090
0.992
1.585
0.896
0.952
1.280
1.610
1.115
1.459
1.277
1.551
0.985
1.620
1.360
1.122
1.252
0.953
1.414
1.470
0.890
0.955
1.348
0.911
1.559
1.402
0.912
1.233
1.157
1.024
1.109
0.959
1.570
0.980
1.267
1.581
0.902
1.042
1.030
0.911
1.017
1.125
0.979
1.237
1.452
1.566
1.528
1.133
1.049
1.089
1.310
0.924
1.623
1.006
1.578
1.427
1.551
0.982
1.237
1.553
1.509
1.336
1.338
1.439
1.255
1.378
1.086
1.187
0.973
0.960
1.228
1.397
1.449
1.387
1.169
1.217
1.055
1.358
1.003
1.235
1.520
1.008
1.496
0.873
1.317
1.360
1.001
1.451
1.197
1.332
1.638
1.013
1.553
1.150
1.191
1.114
1.159
1.526
1.138
0.976
1.160
1.513
0.870
0.899
0.982
1.510
0.948
1.093
1.123
0.876
1.179
1.283
1.542
1.574
1.310
1.440
1.037
0.868
0.930
1.243
1.217
1.021
0.919
0.940
1.345
1.413
1.405
1.490
1.224
1.599
1.059
1.395
1.270
0.953
1.229
1.284
1.195
1.339
1.306
1.380
1.480
1.270
1.394
1.218
1.426
1.240
1.388
1.410
1.078
0.908
1.378
0.914
1.081
1.609
0.895
1.311
1.370
0.941
1.289
0.894
0.874
0.914
1.181
1.053
1.282
0.912
1.391
0.998
0.981
1.147
1.531
1.759
1.337
1.362
1.427
0.903
0.940
1.260
0.904
1.402
0.999
1.524
1.325
1.539
1.233
0.943
0.916
1.564
1.658
1.273
1.014
1.477
1.510
1.393
1.558
1.561
1.385
1.396
1.160
1.088
1.532
1.391
0.911
0.935
1.307
0.955
1.275
1.257
1.556
0.928
1.150
1.020
1.295
1.386
1.394
0.943
0.868
1.344
0.933
0.907
1.336
1.704
1.401
1.113
1.257
1.211
1.132
0.977
1.135
0.878
1.238
0.989
1.243
0.831
1.483
1.358
1.237
1.346
0.891
1.303
1.304
0.897
1.497
1.483
1.442
1.781
1.109
1.497
1.286
1.120
1.272
1.593
1.388
1.403
0.904
1.304
0.935
1.503
1.445
1.224
1.041
1.734
1.505
0.906
1.281
1.415
0.906
1.021
1.393
0.907
1.023
1.183
1.443
1.405
0.987
1.123
1.364
1.319
1.388
1.381
0.952
1.322
0.954
1.421
1.370
0.832
1.336
1.061
1.368
1.413
0.948
0.896
1.130
1.245
1.327
1.316
1.276
1.329
1.668
1.097
0.923
1.023
1.186
1.316
0.912
0.948
1.589
1.196
1.084
0.955
1.077
1.334
1.379
1.283
1.655
1.306
1.467
1.399
0.894
1.258
0.984
1.280
1.021
1.364
0.916
1.285
1.346
1.219
1.354
1.288
1.056
1.442
1.206
1.480
1.411
1.109
1.180
0.974
1.386
1.332
1.410
1.128
1.322
1.164
1.261
1.339
1.334
1.417
1.656
1.328
1.060
1.279
1.392
1.230
1.278
1.290
0.915
1.009
0.867
0.922
1.472
1.381
1.018
1.531
1.467
1.160
1.166
1.304
1.210
1.565
0.963
1.254
1.513
1.527
1.230
0.884
1.695
1.669
1.199
0.965
1.001
1.593
0.929
0.948
1.583
1.253
1.394
0.881
1.623
1.412
1.340
1.041
1.388
1.215
1.387
1.234
1.504
0.882
1.396
1.120
1.289
0.912
0.893
0.848
1.715
1.722
1.117
1.738
1.065
1.269
0.985
1.358
0.968
1.207
4.174
1.146
0.933
0.918
0.922
1.334
1.389
0.988
1.252
1.308
1.068
1.288
0.979
1.309
1.427
1.081
1.393
1.446
1.253
1.397
1.208
0.915
1.195
0.958
1.154
1.312
1.228
1.455
1.227
0.910
1.017
1.881
1.400
1.486
1.670
1.299
1.421
1.221
1.174
1.181
1.196
1.191
1.208
1.260
1.741
1.550
1.435
1.674
1.003
1.819
0.951
0.900
1.744
1.757
0.967
1.028
0.837
0.877
1.335
1.278
1.313
1.540
1.131
1.053
1.370
1.238
0.828
0.958
1.044
0.950
1.062
1.371
1.181
0.994
1.055
1.254
1.176
1.142
1.076
1.339
1.571
1.362
1.276
1.287
1.279
1.430
1.194
1.287
1.081
1.079
1.308
1.424
1.456
0.795
0.927
1.142
1.138
1.223
1.044
1.469
1.335
1.657
1.078
1.430
1.212
1.400
1.113
1.034
0.933
1.283
0.912
1.258
1.034
1.489
1.086
1.130
1.327
0.955
0.950
1.437
1.374
1.704
1.412
1.356
1.057
1.376
0.957
0.953
0.913
1.320
1.395
1.371
1.266
0.921
0.892
1.025
1.079
1.234
1.427
1.392
1.614
1.218
1.523
1.295
1.549
1.391
1.148
1.483
1.093
0.919
0.956
1.317
1.469
0.925
1.255
1.355
1.233
1.009
1.604
1.222
1.417
0.938
1.413
1.400
1.283
1.112
1.142
0.867
1.627
1.641
1.386
1.208
1.161
1.286
0.891
1.161
1.320
1.095
1.317
0.985
1.184
0.885
1.311
0.940
1.100
1.452
1.231
1.532
1.338
1.145
1.410
1.423
1.075
1.343
1.204
1.449
0.930
0.828
1.386
0.884
1.230
0.979
0.958
1.023
0.868
1.268
1.498
0.887
1.730
1.360
1.026
1.112
1.243
1.462
1.536
1.120
1.477
1.009
1.204
1.190
1.383
0.915
0.953
1.303
1.088
1.340
1.038
1.328
1.233
1.385
1.275
1.706
1.270
1.551
1.435
1.515
1.217
1.232
1.374
1.121
1.166
1.004
1.089
1.376
1.326
1.190
1.389
1.414
1.339
1.272
1.425
1.448
1.544
0.987
1.138
1.311
0.933
1.555
1.502
1.145
1.735
1.272
1.528
1.180
1.276
1.445
0.900
1.660
1.676
1.364
1.413
1.487
0.909
1.390
1.024
1.050
1.333
1.401
1.654
1.517
1.446
1.218
0.957
1.433
0.857
1.203
1.583
1.231
1.728
1.217
1.431
1.415
1.379
1.388
1.128
1.261
1.281
0.904
1.412
1.031
1.444
1.315
1.071
1.218
1.158
1.659
0.920
0.968
1.287
0.971
1.031
0.972
0.836
0.977
1.338
1.341
1.051
1.402
1.250
0.877
0.916
1.316
1.507
1.286
1.056
1.287
1.108
1.291
1.212
0.955
1.191
1.461
1.253
1.406
0.982
1.654
1.303
1.240
1.235
0.857
1.735
0.918
1.310
1.221
1.293
1.293
1.182
1.407
0.957
1.519
1.542
1.050
1.520
1.341
1.353
1.621
1.162
1.273
1.347
0.933
1.219
1.400
1.121
0.995
1.138
1.306
0.883
1.321
1.530
1.456
1.428
1.041
1.134
1.277
1.347
1.212
0.933
1.288
1.396
0.976
1.489
0.992
1.338
1.158
1.255
1.404
1.039
1.325
1.353
1.220
1.451
1.361
1.146
1.281
1.054
1.530
0.952
1.084
0.939
1.439
1.001
1.400
1.086
1.328
1.468
1.504
1.267
0.882
0.917
1.430
1.194
0.984
0.941
1.267
1.228
1.430
1.183
1.394
0.933
1.119
1.334
0.959
1.182
1.468
1.768
1.363
1.102
1.132
1.171
1.203
0.998
0.979
1.011
0.969
1.057
1.615
1.257
1.006
1.431
1.252
1.103
1.288
1.416
0.932
0.960
1.493
1.173
0.963
1.278
0.963
1.016
1.481
1.236
0.947
0.899
1.273
1.301
1.598
1.574
1.303
1.493
0.863
0.939
1.143
0.828
1.175
1.382
0.999
0.956
1.393
1.268
0.934
1.557
1.482
1.134
0.917
1.288
0.884
0.952
0.873
0.869
1.434
1.377
1.331
1.267
1.187
1.329
1.387
1.171
1.518
1.421
1.004
0.888
1.226
1.175
1.493
0.899
1.051
1.332
1.449
1.125
1.272
1.294
1.117
1.329
1.301
1.532
1.392
0.868
1.287
1.104
0.924
0.899
0.891
0.925
0.930
1.295
1.258
1.068
0.958
0.929
1.196
0.945
1.535
1.564
1.406
1.726
1.026
0.949
1.497
1.174
1.307
1.002
0.895
1.005
1.382
1.116
0.928
1.222
1.229
1.277
1.331
1.321
1.024
0.885
0.958
1.253
1.075
1.119
1.213
1.146
1.209
0.906
1.376
0.911
1.686
0.997
1.539
0.985
1.516
1.465
1.342
1.321
0.926
1.578
1.103
1.391
1.339
1.388
1.647
1.430
0.939
0.905
1.214
0.989
1.434
1.063
1.173
1.253
0.912
1.077
0.944
1.479
1.627
1.265
1.335
1.098
1.348
1.399
1.078
1.603
1.245
0.865
1.274
1.147
1.517
1.246
1.122
0.966
1.187
1.397
1.557
1.233
1.223
1.363
1.447
1.185
1.275
1.405
1.381
1.013
0.941
1.440
1.441
1.465
1.215
1.337
1.378
1.387
1.095
0.875
1.235
1.115
1.386
1.253
1.536
1.265
0.913
1.548
1.256
0.975
1.340
1.121
1.251
1.559
1.036
1.471
0.886
1.113
1.287
1.318
1.352
1.309
1.314
1.771
1.053
0.965
1.119
0.901
0.897
0.962
1.661
0.945
1.204
0.879
1.342
1.560
0.941
1.195
1.287
1.184
0.888
1.003
1.374
0.971
1.628
1.023
0.866
1.024
1.309
1.414
1.861
1.421
1.342
0.909
1.526
1.648
1.546
1.213
0.943
1.537
1.270
1.176
1.275
1.051
1.656
1.457
1.126
1.655
1.053
1.256
1.106
1.516
1.420
1.267
1.595
1.272
0.945
1.356
0.930
0.928
1.197
1.587
1.423
1.234
1.380
1.188
1.225
1.554
1.034
1.321
1.382
0.990
1.550
1.258
1.181
1.329
0.908
1.458
1.442
1.287
1.007
1.166
1.522
1.466
1.345
1.367
1.235
0.950
1.220
1.315
1.312
1.245
1.220
1.301
1.472
1.040
0.891
1.126
0.892
1.014
1.591
0.937
1.328
0.982
1.217
1.207
0.886
1.339
1.259
1.335
1.010
0.904
1.183
1.287
0.957
1.232
0.954
1.313
0.938
1.433
1.273
1.361
1.295
1.529
1.433
1.510
1.130
0.894
1.389
0.908
1.303
1.477
0.895
1.378
1.470
1.244
1.530
1.417
0.916
1.356
1.084
1.239
1.582
1.250
1.366
1.460
1.315
1.120
1.155
0.945
1.521
1.264
1.557
1.231
1.452
1.250
0.944
0.957
1.232
1.250
0.999
1.348
1.470
1.339
1.636
0.903
0.991
1.086
1.424
0.860
1.255
0.923
0.950
1.333
1.376
1.144
0.953
0.938
1.344
1.131
1.235
0.928
1.320
1.045
1.182
1.013
1.263
1.274
0.943
1.317
1.284
1.024
1.265
1.186
1.133
1.460
1.257
1.422
1.264
0.944
1.379
0.899
0.910
1.335
1.686
1.470
0.983
1.169
1.012
1.420
1.184
1.493
1.158
0.920
1.497
1.461
1.448
1.298
1.043
1.259
1.233
1.333
1.360
0.919
1.388
0.891
0.906
1.350
1.162
1.065
1.124
1.248
1.345
0.987
0.991
1.545
1.250
1.475
1.019
1.241
0.951
1.347
1.293
1.344
1.236
0.906
0.989
1.200
1.066
1.251
1.442
1.406
1.540
1.114
0.924
1.367
0.965
1.529
1.310
1.025
0.930
1.259
1.089
0.897
1.268
1.362
1.524
1.382
1.483
2.487
1.175
1.052
1.233
1.070
1.213
1.586
1.621
1.338
1.473
1.593
1.075
1.535
1.179
0.889
1.338
1.526
1.040
1.634
1.498
1.511
0.925
1.196
0.969
0.914
1.400
1.376
1.504
1.097
0.953
1.459
1.475
1.730
1.555
1.338
1.177
1.181
1.458
0.907
1.156
0.910
1.256
1.225
0.908
0.875
0.957
1.476
1.168
0.969
0.954
1.133
0.978
0.964
1.445
1.322
1.147
0.919
1.223
1.415
0.930
1.350
1.415
0.875
1.460
0.947
0.037
0.910
1.209
1.668
1.386
1.286
1.045
1.038
0.995
1.062
1.252
1.002
1.229
1.480
1.247
0.952
1.220
1.484
1.324
1.152
0.967
1.424
1.281
1.195
1.681
0.896
1.639
1.089
1.385
1.316
0.947
0.890
0.859
0.954
1.236
0.879
1.567
0.922
1.244
0.988
1.025
1.504
0.978
1.298
1.409
1.149
1.311
1.543
1.051
0.993
1.505
1.284
1.371
1.069
0.848
0.999
1.224
1.526
1.523
1.201
0.896
1.466
1.300
1.279
1.412
0.905
0.902
1.230
1.047
1.371
1.416
1.401
1.254
1.402
1.551
0.943
1.584
1.415
1.354
0.931
1.153
1.318
1.253
1.333
1.390
0.906
1.406
1.141
1.091
1.228
1.410
1.054
1.436
1.242
1.002
0.899
1.502
0.894
1.246
1.274
1.566
1.019
1.159
1.319
1.171
1.409
1.258
1.453
0.946
1.356
1.143
1.420
1.099
1.104
1.328
1.083
1.140
0.947
1.493
1.202
1.426
1.369
1.202
0.914
1.314
1.328
1.334
1.486
0.967
1.246
1.255
1.176
1.439
1.513
1.472
1.571
0.910
0.920
1.094
1.419
0.928
1.429
1.494
1.232
1.414
1.169
1.026
1.547
1.303
0.981
0.955
0.983
1.347
0.899
1.145
1.666
0.923
1.701
1.349
1.335
1.259
1.276
0.960
1.368
1.152
1.290
1.427
1.164
1.314
1.240
1.212
1.462
0.864
0.957
1.482
1.250
1.242
0.965
1.372
1.226
1.325
1.021
0.903
1.412
1.425
1.398
1.006
0.874
0.869
0.882
1.200
1.688
1.375
0.918
1.250
1.732
1.176
1.201
1.045
1.308
0.923
1.224
1.352
0.899
1.208
1.410
0.934
1.329
1.242
1.446
1.383
1.401
1.674
1.148
1.358
1.044
1.426
0.867
0.936
1.347
1.235
0.867
1.287
0.998
1.338
1.403
1.238
1.104
1.475
1.314
1.074
0.910
1.494
1.106
1.132
1.166
0.905
1.232
0.897
1.390
0.854
0.972
1.295
1.332
1.113
1.469
0.870
0.942
1.151
0.926
0.932
1.411
1.098
1.432
1.545
0.986
1.556
0.955
1.407
1.323
1.474
1.486
0.986
1.476
1.256
1.524
1.448
1.143
1.356
1.050
1.321
1.548
1.339
0.940
1.228
1.190
0.969
1.592
1.519
1.466
1.425
1.576
1.136
0.993
1.047
0.951
1.057
1.399
1.608
1.317
1.010
1.357
1.212
1.455
1.006
1.223
0.923
1.048
1.531
1.281
1.249
1.198
1.421
1.690
0.949
1.450
1.600
1.287
1.309
0.968
0.955
0.941
1.323
0.954
1.277
1.402
0.865
1.545
1.373
1.049
1.393
1.129
1.080
0.975
1.191
0.820
1.442
1.058
1.270
1.322
1.600
1.455
0.904
1.404
1.229
1.317
1.320
1.346
1.636
0.948
1.290
1.401
0.915
0.939
1.181
1.022
0.906
1.399
1.266
1.061
1.293
1.195
0.966
1.508
0.924
1.314
1.027
1.326
1.108
1.603
1.120
1.520
1.027
1.247
0.920
1.134
1.188
0.902
1.356
0.952
0.908
1.361
1.417
1.556
1.248
1.574
1.475
1.221
1.450
1.271
0.896
1.314
1.371
0.925
1.033
1.417
1.110
1.129
1.462
1.032
1.467
1.550
0.935
1.476
0.997
1.167
1.014
1.236
1.287
1.535
1.161
1.574
1.253
1.293
1.106
1.654
1.286
1.411
1.324
1.344
1.231
1.176
0.978
1.448
1.401
1.544
1.130
1.217
0.901
1.238
1.299
1.463
1.292
0.880
1.380
1.337
0.930
0.990
1.037
1.029
1.299
0.957
1.343
1.471
0.967
1.496
0.992
0.958
1.227
0.958
0.993
1.223
1.013
1.226
1.334
0.103
1.034
1.492
1.627
0.996
1.212
1.534
1.409
0.950
1.382
0.925
1.225
0.968
0.954
0.964
1.291
1.491
1.304
0.878
1.385
1.479
1.289
1.047
1.210
1.153
1.086
1.434
1.277
1.416
1.213
1.238
1.104
0.899
0.917
1.089
0.837
1.431
0.895
0.913
1.391
1.217
1.282
1.095
1.439
1.126
0.884
1.112
0.987
1.274
1.367
1.228
0.987
1.021
0.951
0.926
1.320
0.907
1.305
1.418
0.991
1.572
1.010
1.289
1.271
1.452
0.990
1.249
1.160
1.564
1.379
1.491
1.652
1.195
0.983
1.020
1.543
0.930
1.189
0.920
0.991
1.583
1.381
1.260
0.837
1.360
0.969
1.331
1.296
1.371
1.215
1.192
0.969
1.578
0.975
1.012
1.413
1.386
1.463
0.961
1.202
0.875
1.003
1.180
1.546
0.953
1.444
1.236
1.295
0.960
1.150
1.054
1.076
1.349
0.908
1.282
1.337
1.005
1.487
1.266
1.006
1.209
1.435
1.308
1.260
1.671
0.983
1.603
0.977
1.333
1.447
1.041
1.396
1.059
1.239
1.021
1.299
1.145
1.315
0.870
1.273
0.912
1.672
1.393
0.966
1.406
0.952
1.077
1.466
1.497
1.107
1.463
1.306
1.318
1.671
0.935
1.114
1.035
1.132
0.927
1.041
0.979
1.342
1.236
1.652
1.187
1.056
1.022
1.546
1.604
0.936
1.426
1.034
1.530
0.836
0.991
1.553
1.247
1.527
1.385
1.246
0.963
1.388
1.040
1.231
1.340
1.342
0.912
1.229
1.225
1.574
1.245
1.547
1.512
1.094
1.614
1.325
1.290
1.282
1.263
1.296
1.259
0.956
0.975
1.921
1.056
1.458
1.268
1.454
1.508
1.501
1.360
1.646
1.225
0.836
1.068
1.334
1.173
1.521
1.238
1.444
1.314
1.176
1.228
1.662
1.248
1.060
1.042
1.250
1.019
1.433
0.985
0.914
0.992
1.005
0.966
1.138
0.924
1.330
1.354
0.976
0.927
1.213
1.255
1.013
1.313
0.912
0.931
1.496
0.911
1.286
1.290
1.439
1.349
0.889
1.211
1.294
1.535
1.251
1.021
1.225
1.276
0.987
1.568
1.006
1.060
1.323
0.885
1.481
0.943
0.980
0.903
1.387
1.280
1.208
1.344
1.600
0.959
1.217
1.175
1.539
1.581
1.144
1.175
0.959
1.018
1.568
1.000
1.185
0.956
0.973
1.218
1.505
1.140
0.974
1.161
1.485
1.541
0.940
1.416
0.894
1.211
0.960
1.016
1.536
1.408
1.065
0.926
1.439
1.175
1.354
0.998
1.015
1.304
1.428
1.491
1.157
1.393
0.911
1.171
1.394
1.282
1.018
1.307
1.224
1.383
1.251
1.241
1.384
1.425
1.211
1.089
1.126
1.045
1.287
1.040
1.243
1.427
0.861
1.086
1.354
1.004
1.180
1.144
1.369
1.199
0.894
1.389
1.146
0.909
1.517
1.250
1.444
1.218
1.305
1.244
1.576
1.384
1.454
1.352
1.063
1.171
1.062
0.971
1.360
0.896
0.969
1.257
0.993
1.142
1.117
1.472
0.943
1.279
1.206
0.946
1.409
0.962
1.423
1.248
0.999
1.430
1.285
1.398
1.332
1.317
1.464
1.283
1.271
1.003
1.320
0.799
1.305
1.410
1.029
1.506
1.536
1.323
1.073
0.994
1.273
1.069
1.254
0.976
0.862
0.994
0.945
1.024
1.357
1.451
1.566
1.226
0.916
1.413
1.756
1.247
1.348
1.348
1.114
1.316
0.988
0.959
1.163
1.326
1.181
1.299
0.878
0.811
1.087
1.577
0.957
1.004
1.227
1.356
0.906
1.100
1.235
0.890
0.990
1.070
1.120
1.392
1.120
0.908
1.158
0.895
1.357
1.166
1.508
0.974
1.336
0.920
1.455
1.388
1.071
0.933
0.977
1.383
1.284
1.420
0.976
1.469
1.271
1.178
1.398
1.003
1.140
0.959
1.530
1.009
1.252
1.602
1.248
1.159
1.454
1.337
1.251
1.359
1.385
1.513
1.143
1.405
1.337
1.307
1.420
1.184
1.132
1.171
1.304
1.034
0.966
1.756
0.989
0.935
1.272
1.194
1.050
1.069
1.258
1.412
1.270
1.381
1.242
1.302
1.163
1.076
1.357
1.453
1.386
0.926
1.129
1.548
1.314
1.311
0.894
1.039
1.518
1.347
1.563
1.449
1.132
1.349
1.118
1.217
0.872
1.460
1.369
1.547
1.066
1.133
1.302
1.265
1.317
0.975
0.921
1.394
1.501
0.943
0.856
1.436
1.442
1.330
1.579
1.560
0.876
1.416
0.978
0.894
0.967
0.994
1.338
1.010
0.879
1.389
1.395
1.069
1.299
0.925
1.222
1.395
0.902
0.923
1.487
0.948
0.886
1.462
0.936
0.931
1.384
1.086
1.127
1.321
1.425
1.384
0.875
1.107
1.444
1.505
1.292
0.916
1.293
0.967
1.267
1.274
1.421
1.373
1.156
1.216
1.211
1.322
1.430
1.316
1.281
0.932
1.299
1.171
0.995
0.895
1.506
1.516
1.168
1.225
0.843
1.183
1.301
1.708
1.402
1.266
1.155
1.298
1.288
1.496
0.982
0.981
0.945
1.166
0.909
1.528
0.964
1.413
1.119
1.396
1.287
1.166
1.188
0.913
1.050
1.431
1.118
1.101
0.897
1.172
1.416
1.154
1.054
0.976
0.955
1.096
1.013
0.898
1.470
1.483
1.144
1.407
0.968
0.941
1.477
1.046
0.939
1.156
0.904
1.561
1.176
1.131
0.906
1.330
1.160
1.439
0.965
0.877
1.256
1.181
0.945
1.380
0.905
0.876
1.390
0.942
1.464
1.431
1.184
0.997
0.982
1.191
0.885
1.334
1.351
1.277
1.548
1.446
1.418
1.149
1.631
1.002
1.450
1.060
0.843
1.497
1.395
1.284
1.430
0.880
1.300
1.238
1.571
1.207
1.333
1.173
1.309
1.256
1.308
1.099
1.364
1.164
1.401
1.118
1.084
0.945
1.315
1.606
0.952
1.245
0.934
1.437
0.929
0.977
1.407
1.126
1.343
1.432
1.121
1.146
1.299
1.710
1.106
1.425
1.425
1.217
1.216
1.415
1.016
0.979
1.155
1.282
1.287
1.270
0.911
0.911
1.448
0.990
1.687
0.925
0.869
1.473
1.132
1.271
1.379
1.055
0.951
1.281
0.997
1.504
1.204
1.130
0.896
1.013
1.411
0.874
1.323
1.413
1.199
1.607
1.328
1.234
1.021
1.169
1.018
1.158
1.424
1.428
1.305
0.969
1.270
1.333
1.454
1.302
0.991
0.993
1.274
1.171
1.280
1.149
1.050
1.293
1.036
1.084
1.542
1.045
1.337
1.337
1.551
1.325
1.210
1.556
1.402
1.000
1.279
1.315
1.038
1.464
1.313
0.915
0.949
0.967
1.237
1.432
1.007
0.887
1.481
1.326
1.444
1.474
0.888
1.415
1.373
1.276
1.035
0.884
1.507
1.448
1.376
1.294
1.278
1.309
1.436
1.321
0.859
1.488
0.871
1.247
1.264
1.474
0.903
1.569
1.412
0.857
1.141
0.972
1.039
1.384
1.501
1.355
0.906
0.963
1.594
1.445
1.610
1.334
1.439
1.299
1.298
1.125
1.042
1.529
0.966
1.292
1.053
1.379
1.014
1.306
0.962
0.969
1.242
0.906
1.293
0.946
1.291
1.210
1.467
1.259
1.518
1.482
1.074
1.152
0.946
0.879
1.627
1.250
1.571
1.351
1.349
1.135
1.002
1.397
1.275
1.502
1.418
1.034
0.948
1.404
0.970
1.154
1.055
1.390
1.378
1.308
1.542
1.568
1.322
1.438
1.011
0.998
1.462
1.265
1.507
1.156
1.149
0.943
0.996
1.625
1.130
1.417
1.480
1.315
1.423
1.430
1.680
1.174
1.099
1.231
1.031
1.287
1.534
0.994
0.835
1.450
1.672
1.607
1.383
0.940
1.047
0.984
0.971
0.873
1.151
1.161
1.468
1.882
1.391
0.942
0.965
1.498
1.363
1.022
0.895
1.252
1.027
1.001
1.071
1.224
1.386
1.381
0.964
1.068
0.995
1.049
1.269
1.564
0.946
0.855
1.285
1.301
1.653
1.345
1.058
0.865
1.334
1.184
0.989
1.163
1.306
0.906
1.654
1.167
1.102
1.269
1.794
1.352
1.548
0.937
0.960
1.122
1.009
1.207
0.850
1.412
0.938
1.196
1.465
1.167
1.444
1.361
1.356
0.965
1.237
1.520
0.961
1.574
1.557
0.983
1.146
0.981
1.261
1.226
0.878
1.563
0.855
1.461
1.274
1.019
0.990
1.065
0.979
1.150
1.350
0.956
0.963
1.347
1.597
1.019
0.876
0.912
1.210
1.095
1.232
1.402
1.383
0.958
0.781
0.959
1.148
0.918
1.405
0.935
1.006
1.331
1.255
1.322
1.379
1.510
1.305
1.633
1.296
1.306
1.434
1.041
1.411
1.670
1.126
1.308
1.227
1.203
1.390
1.480
1.078
0.944
1.212
0.946
0.968
1.459
1.185
1.285
1.289
1.547
1.278
1.320
0.971
1.473
1.352
1.238
1.193
1.256
1.111
0.888
1.625
1.366
1.404
0.981
1.085
1.073
1.304
1.289
1.168
1.440
0.954
1.144
1.081
1.303
1.356
0.989
1.469
1.101
0.894
1.059
1.174
1.205
1.343
1.406
1.159
0.958
1.389
1.334
1.370
1.386
1.524
0.885
1.355
1.487
1.553
1.281
1.306
1.357
1.671
1.355
1.080
0.867
1.475
1.377
1.617
0.871
0.918
1.500
1.289
0.985
0.901
1.085
1.406
0.831
1.304
1.019
1.290
1.313
0.969
1.537
1.076
1.494
1.275
1.418
1.141
1.533
1.455
1.542
1.816
1.370
1.043
1.258
1.370
1.430
1.184
1.063
0.996
1.149
1.190
1.003
1.398
1.329
1.256
1.784
1.340
0.906
1.279
0.991
1.343
1.299
1.337
1.123
1.153
1.668
1.239
0.972
1.673
0.897
1.484
1.248
1.274
0.932
1.259
1.473
1.399
1.437
1.207
1.263
1.241
0.953
1.456
1.323
1.386
1.355
1.363
0.877
1.216
1.595
1.411
1.464
0.969
1.204
1.296
1.134
1.000
1.739
1.279
0.796
1.215
0.971
1.264
0.895
1.158
1.306
1.712
1.500
1.333
1.190
1.728
1.448
1.266
1.282
1.183
1.357
1.458
1.103
1.528
1.561
0.950
1.149
1.442
1.277
1.336
1.306
0.946
1.496
1.113
1.185
1.372
1.106
1.487
1.212
0.956
0.799
1.340
1.142
1.605
1.329
1.374
1.314
0.945
1.525
1.223
1.540
1.010
1.009
1.459
1.460
1.265
2.166
0.974
1.100
1.337
1.631
1.163
0.930
1.320
1.428
1.034
1.424
1.440
1.626
1.047
1.405
1.464
1.572
0.988
1.388
1.074
0.945
1.351
0.990
1.369
1.507
1.120
0.917
1.355
1.346
1.560
1.184
1.258
1.553
0.895
1.001
0.913
1.451
0.910
0.944
1.111
1.520
1.195
1.148
0.944
0.051
1.286
1.197
1.168
1.357
1.180
1.333
1.354
1.255
0.866
1.700
1.073
1.411
1.245
1.571
0.968
1.208
0.974
1.149
1.031
1.286
1.222
1.706
1.272
1.346
1.282
1.293
1.549
1.020
1.166
0.967
1.478
1.540
0.926
0.960
0.894
1.575
1.359
1.339
1.399
1.266
1.346
1.124
1.687
0.864
1.282
1.364
0.869
1.413
1.031
1.325
1.525
1.258
1.392
1.274
1.752
1.362
1.346
1.600
1.478
1.287
1.190
1.009
1.378
1.414
1.736
1.480
1.443
1.486
1.610
1.187
1.342
0.943
1.379
0.925
0.933
1.287
1.404
0.931
1.359
0.995
1.155
1.213
0.887
0.908
1.303
1.231
1.328
1.267
1.378
1.296
1.873
1.225
1.396
0.897
1.222
1.553
1.433
1.259
1.349
1.587
0.981
1.202
1.438
1.026
1.068
1.306
1.404
1.018
1.721
1.193
0.991
1.432
1.411
1.011
1.514
1.105
0.965
1.358
1.615
1.063
1.400
0.986
0.879
1.264
1.155
1.208
1.317
1.286
0.907
1.079
1.034
0.953
1.000
1.236
1.099
0.885
0.955
1.570
0.913
1.590
1.443
1.225
0.961
1.167
1.442
1.315
1.336
1.007
1.454
1.340
1.581
1.308
1.043
1.283
1.160
1.468
1.200
0.905
0.934
1.291
1.520
1.177
1.493
0.927
0.874
1.340
1.373
1.146
1.480
1.315
1.096
1.548
1.583
1.499
1.217
1.647
0.912
1.293
1.264
0.980
1.184
1.215
0.950
1.006
1.352
1.325
1.130
1.305
1.105
1.494
1.453
1.296
1.260
1.144
1.322
1.446
1.254
1.642
1.293
0.979
1.332
0.907
1.359
1.249
1.006
1.204
1.073
0.984
1.290
1.236
1.407
1.226
1.015
1.636
0.865
0.920
1.515
0.877
1.130
1.238
1.695
1.644
1.382
1.606
1.359
1.354
0.921
0.928
1.396
1.438
1.262
1.345
1.482
1.020
1.348
0.998
1.290
1.280
1.276
1.486
1.503
1.372
1.001
1.291
0.974
1.396
1.219
1.376
1.415
1.335
0.897
0.884
1.335
1.546
1.236
1.479
1.247
1.507
1.410
0.993
1.013
1.085
1.214
1.010
0.939
1.203
1.043
0.942
0.860
0.947
0.965
1.012
1.364
1.279
1.232
1.288
1.322
0.947
0.948
1.665
0.949
0.909
0.942
1.444
1.280
1.061
1.057
1.489
1.227
1.270
1.359
0.949
0.913
1.274
1.159
1.299
1.470
1.280
0.966
1.064
1.615
0.881
1.012
1.198
1.383
1.087
1.356
1.308
1.369
1.281
1.328
1.394
1.714
1.511
1.438
1.026
1.115
0.967
1.649
0.953
0.932
1.309
1.502
1.279
0.952
0.918
0.888
0.990
1.293
1.284
0.946
1.262
1.318
0.996
1.287
1.380
1.468
0.950
0.969
1.400
0.881
1.228
1.375
1.172
0.940
1.600
0.929
1.444
1.348
0.928
1.182
1.502
1.073
1.467
1.458
1.196
0.913
1.294
1.533
1.407
1.369
1.326
0.926
1.323
0.906
1.352
1.208
1.190
1.207
0.850
0.938
0.946
1.295
1.350
1.240
1.101
1.283
1.421
1.411
0.914
1.423
1.208
1.138
1.453
1.339
1.505
1.173
1.250
1.305
0.992
1.349
1.299
1.301
1.213
1.588
1.384
0.853
1.343
0.984
1.460
0.984
0.920
1.550
1.202
1.628
1.365
0.944
1.525
0.920
1.075
1.445
0.921
0.948
1.444
1.338
0.866
1.489
1.048
0.905
1.444
1.145
1.294
1.385
0.903
1.322
0.958
1.399
1.010
1.253
1.300
1.412
1.612
1.342
1.190
1.404
1.458
1.425
1.425
1.665
1.267
0.986
1.328
1.057
1.172
1.257
0.993
0.891
0.882
1.326
1.039
1.316
1.202
1.362
1.202
1.215
1.458
1.534
1.367
1.035
1.010
1.504
1.148
1.350
1.032
1.529
1.211
1.457
1.616
1.393
1.380
0.915
0.949
1.598
1.044
1.436
0.957
1.215
1.453
1.366
1.439
1.516
0.896
1.631
1.368
0.995
0.970
1.192
0.974
1.318
1.347
1.387
1.320
0.931
1.379
1.012
1.352
1.336
1.039
1.226
1.265
1.212
1.280
1.308
0.908
0.938
1.540
1.373
1.534
1.261
1.160
0.933
1.276
1.140
1.238
1.207
1.398
1.237
1.319
0.885
0.887
0.906
1.254
1.403
1.284
0.989
1.055
1.240
0.976
1.329
1.466
1.046
1.517
1.309
0.983
1.356
1.246
1.076
1.530
1.450
1.269
1.474
1.354
1.116
0.994
1.360
1.275
1.355
1.458
1.109
0.866
1.093
1.613
1.350
0.891
1.245
1.310
1.570
1.499
1.182
1.041
1.553
1.193
1.073
1.180
0.911
0.890
1.300
0.938
0.927
1.177
1.203
1.427
1.573
1.388
1.285
1.428
1.173
1.380
1.077
0.929
1.416
1.067
1.395
1.493
1.035
1.350
0.890
1.606
1.522
1.066
1.155
1.194
0.969
0.972
1.303
1.378
1.743
0.934
1.034
1.467
1.497
0.927
0.922
1.351
1.214
0.968
1.278
1.211
1.531
1.176
1.014
1.623
0.899
0.962
0.877
1.388
1.294
1.314
1.166
1.014
1.101
1.592
1.300
1.385
1.543
1.386
1.049
1.388
1.461
1.150
1.149
0.040
1.241
1.166
1.449
1.526
0.930
0.988
0.971
1.283
0.912
0.877
1.137
1.005
1.458
0.954
1.304
1.142
0.978
1.214
0.937
0.981
0.917
1.307
1.316
1.416
1.058
1.231
0.906
0.897
0.919
1.371
1.046
0.968
1.018
1.486
1.251
1.630
0.902
1.271
1.011
1.290
0.961
1.368
1.260
1.242
1.219
1.134
1.023
1.147
0.998
1.320
1.021
0.978
1.519
1.503
1.348
1.315
0.993
1.476
1.317
1.568
1.274
1.346
1.497
1.342
1.443
1.016
1.459
0.925
1.216
0.888
0.984
0.987
1.436
1.198
1.474
1.311
0.921
1.029
1.258
1.266
0.954
1.404
1.254
0.987
0.932
1.242
1.352
1.457
1.033
1.255
1.566
0.958
1.149
1.325
0.897
0.964
1.422
1.456
0.942
0.981
1.591
1.220
0.933
1.288
1.222
1.522
1.494
1.233
1.210
1.324
0.952
1.191
1.475
1.265
1.291
1.316
1.625
0.875
1.483
1.421
0.882
1.227
1.497
1.338
1.221
1.342
1.312
1.361
1.008
1.373
1.370
0.979
1.113
1.363
1.475
1.011
1.528
1.172
1.185
0.944
1.286
1.408
1.257
1.197
0.979
1.178
0.913
1.526
1.356
1.344
0.927
1.543
1.362
1.538
1.199
1.622
1.323
0.916
1.458
0.912
1.445
1.478
1.403
1.074
1.342
1.198
1.279
1.257
1.387
1.413
1.405
1.411
1.048
0.872
1.407
1.428
1.001
1.006
1.085
1.259
0.936
1.421
1.425
0.976
1.410
1.198
1.562
1.005
1.396
1.418
1.422
1.356
1.187
1.300
1.137
1.478
1.322
1.418
1.093
1.158
1.552
1.325
0.935
0.997
1.064
0.930
1.521
1.039
1.357
0.909
1.290
1.114
0.864
1.599
1.355
0.900
1.016
1.371
1.069
1.361
1.186
1.526
1.435
1.212
1.598
1.294
1.221
1.420
0.836
0.920
1.351
1.236
0.937
0.895
1.381
1.311
1.575
1.039
0.877
1.413
0.984
0.995
1.248
1.385
0.858
0.923
1.348
1.254
1.275
1.488
1.372
1.228
1.264
1.076
0.905
1.086
1.176
1.433
1.325
1.257
1.174
0.748
1.197
1.529
1.364
1.254
1.198
0.969
1.740
1.017
1.475
1.215
1.360
1.138
1.343
0.982
1.163
1.334
1.027
1.322
1.462
1.371
1.139
1.336
1.167
1.575
0.940
0.992
1.209
0.942
0.946
0.957
1.280
1.683
0.892
1.123
1.638
1.268
1.041
1.007
1.407
1.520
0.922
1.406
1.025
1.217
1.412
1.567
0.987
1.109
1.092
1.287
1.242
1.286
1.298
1.240
1.262
0.982
1.260
1.020
1.308
0.946
1.319
1.407
1.053
0.876
1.280
0.956
1.002
0.922
1.367
0.976
1.015
1.241
0.965
1.707
1.515
0.979
1.419
1.009
1.157
1.309
1.574
0.898
1.006
1.501
1.354
1.324
1.527
1.013
1.203
1.287
1.529
1.327
1.506
1.389
0.919
1.137
1.000
1.150
1.107
1.075
1.400
1.520
1.280
1.487
1.311
0.953
0.975
0.936
0.834
0.966
1.263
1.074
0.974
1.155
0.881
1.293
1.293
1.211
1.020
1.443
1.151
1.356
1.013
1.058
1.522
1.228
1.216
1.322
1.312
1.251
1.715
1.271
1.157
1.402
1.267
1.239
1.038
1.527
1.497
1.514
1.495
1.429
1.569
0.927
1.331
1.063
1.119
1.372
1.014
1.129
1.153
1.578
1.047
1.515
1.331
1.175
1.576
1.138
0.854
1.304
0.958
0.918
0.943
1.047
1.240
0.924
1.443
1.139
0.949
0.880
1.070
1.297
1.561
1.492
1.042
1.405
1.119
1.151
1.242
1.025
1.350
1.299
0.931
1.418
1.085
1.253
1.191
0.991
1.312
1.465
1.172
0.976
1.309
1.455
1.477
1.393
1.418
1.334
0.938
1.473
1.463
0.934
1.210
1.566
1.440
1.147
1.129
1.014
1.290
1.583
1.454
1.306
0.862
1.322
1.312
0.912
1.415
0.927
1.538
1.445
1.204
1.324
0.983
0.911
1.342
1.420
1.750
1.660
1.197
1.443
1.000
1.253
0.986
1.345
1.345
1.231
1.254
1.126
1.216
1.357
0.910
1.081
1.448
0.932
0.990
1.215
1.014
1.288
1.211
1.452
1.349
1.393
1.130
1.354
1.343
1.296
0.986
1.442
1.321
0.933
1.412
0.972
1.107
1.149
1.177
1.292
1.381
1.555
1.539
1.276
1.069
1.169
0.918
1.333
1.421
1.253
0.932
1.579
1.574
0.894
1.661
1.362
1.218
1.215
1.280
1.276
1.443
1.104
1.384
1.082
1.262
1.402
1.452
0.898
1.376
1.144
0.892
1.424
1.423
1.089
1.528
1.266
1.063
1.124
1.005
1.170
1.142
1.326
1.234
1.377
1.322
1.424
1.391
1.257
1.127
1.335
1.226
1.443
1.135
1.639
1.057
1.518
1.227
1.415
1.133
1.233
1.641
1.003
0.925
1.330
1.204
1.455
1.560
1.104
1.320
1.785
1.482
1.021
0.932
1.265
1.124
1.035
1.096
1.570
1.528
0.978
0.874
1.554
1.236
0.037
1.185
1.139
0.993
0.962
1.400
1.424
1.610
1.337
1.506
1.320
1.029
0.956
1.223
1.311
0.997
0.070
1.382
0.879
1.286
0.974
1.218
0.788
1.466
1.213
0.902
1.105
1.174
0.870
1.362
1.183
0.985
1.350
1.007
0.924
0.914
1.156
1.181
1.460
1.437
0.925
1.134
1.350
1.001
1.342
1.335
1.522
1.135
1.314
1.341
1.352
1.310
1.294
1.074
1.574
0.989
1.313
1.375
0.918
0.977
1.377
1.476
1.346
1.389
1.017
1.012
1.509
1.015
1.593
1.301
1.768
0.975
1.418
1.483
1.383
1.010
0.996
1.416
0.963
1.232
1.093
0.892
1.453
1.140
1.265
1.352
0.852
1.595
1.102
0.941
1.303
1.068
0.973
1.248
1.011
0.929
0.926
1.154
1.018
1.152
1.407
1.301
0.956
1.154
1.543
1.247
0.982
0.930
1.403
1.709
1.242
1.534
1.231
0.896
0.984
1.089
1.171
1.209
1.157
1.493
1.532
1.588
1.384
0.863
1.246
1.673
0.910
1.362
0.948
1.356
1.100
1.515
0.877
1.359
0.934
0.888
1.372
1.419
1.582
0.890
1.178
0.874
1.221
1.075
1.349
0.871
1.226
1.272
1.313
1.494
0.975
1.260
1.379
1.314
1.519
1.360
1.051
0.921
1.107
1.433
1.276
1.460
1.296
1.195
0.948
1.088
1.791
1.044
1.367
0.922
1.098
1.222
1.220
1.079
0.896
0.917
1.305
1.339
0.900
1.359
1.245
1.534
1.360
0.921
0.950
1.248
1.257
1.337
1.331
0.951
1.519
1.252
1.314
1.386
0.999
1.440
0.998
1.466
0.987
0.925
0.864
1.048
1.173
1.282
1.064
1.191
1.419
1.343
1.056
1.155
1.125
1.271
1.497
1.258
1.079
0.977
1.206
1.584
1.402
0.862
0.971
0.961
1.500
1.380
1.495
1.001
1.404
0.952
1.519
1.114
1.336
1.289
1.675
0.950
0.941
0.935
0.968
1.308
1.542
0.943
1.347
1.169
1.493
1.557
0.878
1.251
1.249
1.292
0.952
1.122
1.419
0.946
1.108
0.962
1.202
1.142
1.013
1.397
1.555
1.250
0.898
1.313
1.390
1.239
1.547
2.965
0.944
1.344
1.251
1.278
0.986
1.414
1.256
1.200
0.932
0.946
0.892
1.103
1.023
1.250
1.321
1.339
1.092
0.873
1.137
1.306
1.249
1.510
1.203
1.481
1.373
1.102
0.983
1.122
1.044
1.459
1.587
1.583
1.388
2.445
1.412
1.227
1.510
1.435
1.132
1.295
1.339
1.002
1.335
1.420
1.327
1.205
1.134
1.344
1.626
1.337
1.598
1.628
0.871
1.305
1.065
1.515
1.208
1.579
1.298
1.220
1.270
1.262
0.954
1.459
1.291
1.053
1.514
1.506
1.499
1.133
0.876
1.071
1.089
1.201
0.957
1.318
1.256
1.200
1.088
1.130
1.119
1.254
1.508
1.245
1.298
1.291
1.436
1.185
0.890
1.265
1.499
1.373
1.431
1.354
1.347
0.896
0.915
1.137
0.897
1.473
1.301
1.393
1.395
1.628
1.229
1.592
1.509
1.434
1.277
1.735
1.519
1.226
1.506
1.498
1.252
0.896
1.034
1.197
1.297
0.874
1.618
1.077
1.102
1.262
1.179
1.324
1.470
1.171
1.337
1.534
0.924
1.471
1.030
0.909
1.009
1.480
0.907
1.208
1.266
0.965
1.193
1.085
1.309
1.154
1.184
1.239
1.235
1.002
1.280
1.609
0.897
1.281
1.502
1.406
1.231
1.116
1.099
1.292
1.514
1.270
1.127
0.885
1.335
1.318
0.900
1.386
1.184
1.145
1.161
1.313
1.145
1.379
1.267
0.997
1.273
1.601
0.903
1.450
1.476
1.466
1.140
1.123
1.446
1.241
1.707
1.393
1.302
1.366
0.934
0.904
1.327
0.918
0.942
1.045
1.180
1.270
1.460
1.105
1.500
0.982
1.547
1.461
1.463
0.894
1.313
1.236
0.911
1.392
1.550
0.955
0.905
1.318
0.931
1.416
1.060
1.484
1.363
1.651
1.169
1.172
1.053
1.247
1.229
1.071
1.594
1.301
0.924
1.110
1.262
1.405
1.103
1.033
1.354
1.146
1.562
1.363
1.149
1.372
1.130
0.921
1.378
1.410
1.473
1.163
0.902
0.898
1.497
1.145
1.125
0.930
1.332
0.923
1.053
1.085
1.276
1.347
1.117
1.409
0.927
0.928
1.329
1.359
1.044
1.049
1.084
1.258
1.161
1.071
0.907
0.966
1.036
0.872
1.239
0.920
1.069
1.236
1.397
0.885
1.396
1.281
1.137
0.914
0.902
1.399
1.226
1.021
1.087
1.394
0.868
0.890
1.190
1.416
1.255
1.454
1.272
1.317
1.204
0.942
1.041
0.978
0.899
1.313
1.062
0.875
1.679
1.082
0.927
0.951
1.167
1.231
0.878
0.954
1.464
0.995
1.374
1.445
1.257
1.295
1.381
1.394
1.321
1.577
1.459
0.969
1.380
1.340
1.471
1.294
1.354
0.997
1.537
1.109
0.975
1.477
0.916
1.681
1.444
1.052
0.970
1.625
1.529
0.903
1.185
1.302
1.449
0.956
1.176
1.105
1.230
1.545
1.157
1.357
1.266
1.264
1.302
1.333
1.511
1.240
0.980
1.087
1.280
0.885
0.980
1.409
1.330
0.912
1.285
1.176
1.363
1.026
1.254
1.271
1.217
1.396
1.197
1.263
1.006
1.066
1.550
1.012
1.051
1.412
0.968
1.467
0.874
1.159
1.411
1.507
1.336
1.086
0.898
1.227
1.037
1.537
0.912
1.606
1.433
1.496
1.326
1.344
1.232
1.438
0.915
1.184
1.197
1.247
1.010
1.444
0.854
0.962
1.190
1.411
1.271
1.627
0.938
0.924
1.042
1.156
1.049
0.964
1.230
1.249
1.148
1.520
1.155
0.920
1.235
1.481
0.950
1.564
1.054
1.676
1.006
1.230
1.311
1.206
1.236
1.315
1.351
1.220
1.222
1.445
0.986
1.355
1.019
0.971
0.894
1.021
0.948
0.946
1.306
1.146
1.658
0.897
0.967
1.292
1.070
1.580
1.311
0.977
1.371
0.968
0.910
0.852
1.159
1.014
1.424
1.164
1.159
1.345
1.319
0.962
1.262
0.991
0.874
1.440
1.327
0.935
1.418
1.298
1.369
0.951
1.043
1.229
1.177
1.410
0.940
1.295
1.380
1.189
1.327
0.834
1.193
1.080
1.269
1.364
1.322
1.164
1.305
1.192
1.376
1.186
1.043
1.310
1.326
0.902
1.379
0.996
1.275
1.211
0.861
1.041
1.498
1.372
1.447
0.881
1.182
0.919
1.421
0.982
1.128
1.433
1.444
1.402
1.296
1.083
1.596
1.235
0.935
1.477
1.277
1.356
1.566
1.002
1.582
1.517
1.028
0.856
0.957
1.567
1.325
1.378
1.138
1.192
0.991
1.168
1.318
1.130
1.004
1.226
1.450
1.345
1.263
1.310
0.960
1.284
1.859
0.944
0.935
1.475
1.421
0.857
1.346
1.311
1.596
1.184
1.679
1.249
1.571
0.965
1.155
1.640
1.395
1.230
1.065
0.945
0.999
1.485
1.420
1.443
1.713
1.562
0.978
1.261
0.992
1.485
1.325
1.274
1.452
1.187
1.276
1.213
1.267
0.947
1.180
1.235
1.445
1.011
1.333
0.997
1.178
1.508
1.117
0.928
1.085
1.282
1.428
0.963
1.085
1.516
0.953
0.927
1.033
1.244
1.295
0.972
1.703
0.972
1.524
1.526
1.431
1.509
1.267
1.389
1.656
1.200
1.075
1.470
0.948
1.566
1.275
1.285
1.224
1.282
1.363
1.579
1.058
1.245
1.272
1.616
1.302
0.935
1.322
1.367
1.171
0.986
1.199
1.445
1.460
1.321
1.045
1.010
1.016
1.217
1.343
1.178
0.976
1.651
1.473
1.404
0.886
1.368
0.984
0.898
1.033
0.981
1.083
1.462
1.512
1.459
1.548
1.578
1.272
1.152
1.401
0.899
1.480
1.179
1.482
1.206
1.528
1.465
1.633
1.441
1.568
1.331
1.361
1.248
1.302
1.328
1.572
0.867
1.608
1.454
1.178
1.298
1.692
1.597
0.995
1.459
1.178
1.202
1.352
1.156
0.869
1.461
1.405
1.376
1.059
1.396
1.717
1.527
1.701
1.406
1.007
1.534
1.001
1.291
1.348
0.953
1.360
1.081
1.381
0.999
1.446
0.992
1.566
1.068
1.418
1.475
1.265
1.302
1.496
0.950
1.316
1.376
1.273
0.961
