0.170
0.215
0.114
0.148
0.233
0.230
0.179
0.134
0.108
0.153
0.158
0.217
0.091
0.253
0.155
0.019
0.107
0.190
0.169
0.122
0.221
0.201
0.127
0.120
0.136
0.106
0.188
0.101
0.150
0.031
0.152
0.178
0.254
0.149
0.164
0.204
0.085
0.189
0.166
0.186
0.211
0.185
0.213
0.147
0.164
0.221
0.234
0.116
0.120
0.137
0.184
0.184
0.206
0.236
0.185
0.182
0.280
0.153
0.156
0.125
0.135
0.160
0.193
0.147
0.215
0.150
0.197
0.119
0.160
0.094
0.211
0.173
0.236
0.200
0.109
0.319
0.222
0.133
0.216
0.248
0.121
0.099
0.088
0.282
0.174
0.162
0.263
0.219
0.261
0.137
0.201
0.119
0.163
0.229
0.206
0.098
0.193
0.121
0.157
0.197
0.120
0.113
0.224
0.179
0.220
0.242
0.158
0.189
0.082
0.195
0.124
0.083
0.132
0.113
0.118
0.157
0.246
0.099
0.120
0.112
0.130
0.150
0.258
0.132
0.110
0.201
0.239
0.237
0.203
0.092
0.287
0.195
0.196
0.269
0.261
0.166
0.142
0.251
0.178
0.166
0.183
0.098
0.192
0.159
0.201
0.200
0.202
0.166
0.241
0.117
0.151
0.096
0.242
0.186
0.105
0.205
0.248
0.270
0.073
0.229
0.185
0.186
0.150
0.065
0.210
0.111
0.213
0.099
0.163
0.139
0.235
0.232
0.186
0.147
0.081
0.188
0.194
0.181
0.218
0.189
0.100
0.140
0.166
0.195
0.193
0.138
0.182
0.204
0.249
0.135
0.101
0.085
0.295
0.114
0.128
0.180
0.164
0.236
0.224
0.218
0.181
0.026
0.254
0.110
0.109
0.269
0.158
0.152
0.092
0.112
0.252
0.120
0.110
0.212
0.136
0.136
0.091
0.022
0.188
0.126
0.111
0.192
0.168
0.107
0.266
0.172
0.168
0.130
0.246
0.110
0.161
0.138
0.139
0.175
0.144
0.118
0.180
0.167
0.177
0.201
0.133
0.029
0.142
0.222
0.101
0.290
0.119
0.169
0.241
0.110
0.157
0.225
0.154
0.278
0.141
0.204
0.109
0.251
0.125
0.207
0.143
0.090
0.160
0.186
0.243
0.156
0.119
0.116
0.188
0.130
0.127
0.255
0.127
0.147
0.249
0.137
0.185
0.127
0.097
0.205
0.130
0.240
0.232
0.132
0.180
0.155
0.180
0.101
0.093
0.219
0.181
0.227
0.086
0.150
0.187
0.191
0.250
0.109
0.170
0.109
0.203
0.123
0.097
0.173
0.201
0.161
0.156
0.218
0.235
0.136
0.193
0.191
0.129
0.117
0.204
0.127
0.176
0.115
0.141
0.155
0.137
0.184
0.211
0.216
0.230
0.183
0.194
0.113
0.123
0.028
0.212
0.155
0.248
0.121
0.105
0.188
0.161
0.162
0.203
0.209
0.226
0.131
0.113
0.171
0.105
0.150
0.223
0.165
0.225
0.179
0.201
0.231
0.181
0.253
0.200
0.196
0.228
0.171
0.116
0.201
0.122
0.216
0.128
0.193
0.154
0.163
0.135
0.124
0.243
0.225
0.228
0.161
0.208
0.259
0.176
0.219
0.169
0.204
0.186
0.089
0.106
0.081
0.228
0.135
0.108
0.113
0.239
0.104
0.194
0.143
0.223
0.193
0.183
0.217
0.138
0.161
0.160
0.152
0.162
0.205
0.106
0.118
0.173
0.114
0.196
0.163
0.102
0.135
0.160
0.126
0.248
0.125
0.123
0.230
0.212
0.131
0.208
0.201
0.112
0.263
0.245
0.226
0.186
0.106
0.146
0.228
0.193
0.121
0.237
0.204
0.211
0.172
0.161
0.100
0.096
0.177
0.142
0.290
0.122
0.110
0.113
0.207
0.163
0.228
0.119
0.295
0.109
0.208
0.238
0.083
0.124
0.241
0.232
0.198
0.223
0.132
0.098
0.209
0.029
0.155
0.098
0.152
0.126
0.142
0.227
0.262
0.095
0.154
0.153
0.169
0.194
0.119
0.171
0.178
0.230
0.170
0.147
0.103
0.216
0.207
0.237
0.135
0.117
0.217
0.221
0.117
0.147
0.246
0.214
0.179
0.174
0.079
0.211
0.149
0.176
0.025
0.177
0.090
0.133
0.131
0.152
0.184
0.189
0.105
0.242
0.192
0.110
0.266
0.080
0.129
0.097
0.121
0.132
0.190
0.191
0.265
0.080
0.173
0.095
0.199
0.149
0.200
0.201
0.130
0.272
0.146
0.117
0.118
0.191
0.164
0.174
0.158
0.121
0.205
0.136
0.091
0.161
0.124
0.215
0.111
0.110
0.107
0.183
0.165
0.128
0.095
0.142
0.198
0.242
0.202
0.202
0.111
0.198
0.167
0.206
0.225
0.155
0.233
0.152
0.200
0.110
0.172
0.118
0.196
0.183
0.146
0.212
0.226
0.177
0.115
0.144
0.090
0.192
0.162
0.184
0.130
0.250
0.135
0.115
0.111
0.189
0.192
0.130
0.139
0.130
0.126
0.119
0.171
0.259
0.101
0.124
0.130
0.142
0.217
0.115
0.147
0.179
0.159
0.116
0.126
0.258
0.173
0.126
0.124
0.137
0.146
0.149
0.194
0.175
0.205
0.100
0.163
0.210
0.135
0.100
0.143
0.093
0.182
0.160
0.253
0.102
0.169
0.142
0.121
0.119
0.195
0.214
0.195
0.183
0.217
0.143
0.221
0.138
0.233
0.125
0.234
0.213
0.238
0.100
0.189
0.262
0.101
0.146
0.249
0.201
0.137
0.141
0.207
0.226
0.178
0.085
0.208
0.117
0.180
0.149
0.131
0.101
0.081
0.163
0.150
0.213
0.096
0.178
0.219
0.173
0.113
0.193
0.260
0.192
0.221
0.087
0.219
0.122
0.148
0.178
0.119
0.110
0.220
0.168
0.102
0.082
0.170
0.250
0.135
0.213
0.159
0.215
0.224
0.212
0.121
0.231
0.177
0.247
0.183
0.230
0.134
0.189
0.250
0.114
0.210
0.123
0.088
0.136
0.202
0.231
0.194
0.148
0.219
0.263
0.120
0.166
0.139
0.261
0.123
0.084
0.151
0.177
0.149
0.181
0.136
0.109
0.024
0.193
0.263
0.141
0.235
0.106
0.154
0.263
0.219
0.220
0.242
0.200
0.209
0.203
0.153
0.126
0.210
0.150
0.172
0.172
0.234
0.202
0.134
0.042
0.174
0.267
0.127
0.120
0.183
0.235
0.195
0.225
0.121
0.196
0.211
0.111
0.189
0.193
0.167
0.162
0.152
0.247
0.157
0.222
0.114
0.197
0.115
0.113
0.166
0.123
0.091
0.107
0.126
0.093
0.128
0.124
0.153
0.211
0.200
0.125
0.240
0.184
0.186
0.167
0.206
0.141
0.121
0.102
0.210
0.104
0.175
0.166
0.123
0.165
0.225
0.211
0.195
0.235
0.194
0.271
0.165
0.213
0.158
0.159
0.122
0.220
0.098
0.168
0.209
0.102
0.223
0.112
0.274
0.223
0.227
0.158
0.107
0.113
0.191
0.122
0.131
0.174
0.103
0.239
0.176
0.224
0.120
0.194
0.154
0.125
0.125
0.217
0.251
0.166
0.150
0.233
0.245
0.210
0.148
0.174
0.215
0.213
0.208
0.229
0.200
0.258
0.209
0.155
0.194
0.203
0.214
0.250
0.212
0.200
0.153
0.120
0.160
0.104
0.205
0.194
0.113
0.248
0.292
0.176
0.149
0.163
0.097
0.080
0.181
0.133
0.129
0.101
0.264
0.240
0.189
0.185
0.114
0.189
0.122
0.251
0.184
0.168
0.163
0.209
0.193
0.123
0.231
0.223
0.170
0.173
0.185
0.166
0.227
0.141
0.187
0.210
0.252
0.169
0.141
0.154
0.172
0.127
0.196
0.130
0.173
0.132
0.155
0.112
0.192
0.278
0.182
0.109
0.208
0.285
0.173
0.192
0.196
0.219
0.202
0.153
0.169
0.253
0.160
0.162
0.256
0.144
0.149
0.131
0.151
0.098
0.207
0.123
0.093
0.114
0.220
0.119
0.259
0.113
0.146
0.207
0.142
0.177
0.110
0.231
0.177
0.095
0.114
0.192
0.206
0.093
0.123
0.130
0.116
0.189
0.121
0.169
0.205
0.238
0.164
0.168
0.151
0.209
0.244
0.153
0.254
0.180
0.272
0.101
0.219
0.159
0.183
0.181
0.266
0.127
0.186
0.185
0.117
0.164
0.151
0.237
0.190
0.250
0.212
0.093
0.112
0.101
0.101
0.175
0.134
0.206
0.207
0.113
0.195
0.177
0.092
0.211
0.107
0.116
0.125
0.185
0.209
0.164
0.178
0.173
0.176
0.166
0.214
0.155
0.294
0.154
0.198
0.229
0.090
0.208
0.223
0.149
0.118
0.081
0.180
0.144
0.194
0.124
0.108
0.143
0.197
0.205
0.154
0.230
0.297
0.155
0.145
0.114
0.164
0.186
0.083
0.236
0.156
0.125
0.200
0.075
0.200
0.164
0.164
0.282
0.147
0.153
0.104
0.167
0.128
0.181
0.090
0.103
0.102
0.133
0.155
0.146
0.182
0.134
0.121
0.267
0.112
0.201
0.261
0.191
0.184
0.116
0.205
0.168
0.195
0.238
0.123
0.270
0.099
0.188
0.227
0.103
0.122
0.190
0.100
0.182
0.247
0.119
0.134
0.237
0.094
0.096
0.240
0.123
0.179
0.187
0.104
0.223
0.311
0.124
0.100
0.264
0.168
0.268
0.096
0.104
0.146
0.141
0.262
0.114
0.123
0.168
0.143
0.178
0.236
0.156
0.278
0.248
0.107
0.181
0.231
0.106
0.227
0.170
0.153
0.190
0.114
0.190
0.226
0.218
0.104
0.211
0.211
0.195
0.206
0.189
0.136
0.159
0.226
0.181
0.225
0.124
0.158
0.214
0.129
0.114
0.195
0.221
0.124
0.190
0.101
0.172
0.174
0.191
0.225
0.098
0.284
0.161
0.245
0.095
0.244
0.195
0.252
0.160
0.220
0.257
0.114
0.174
0.168
0.108
0.122
0.228
0.218
0.153
0.235
0.100
0.165
0.290
0.205
0.191
0.228
0.206
0.232
0.176
0.211
0.245
0.193
0.151
0.172
0.082
0.172
0.188
0.180
0.085
0.212
0.122
0.129
0.194
0.202
0.204
0.087
0.156
0.121
0.184
0.218
0.206
0.102
0.214
0.105
0.243
0.204
0.078
0.150
0.126
0.197
0.206
0.108
0.212
0.208
0.200
0.161
0.112
0.105
0.099
0.220
0.214
0.216
0.131
0.178
0.248
0.080
0.201
0.240
0.155
0.303
0.223
0.151
0.102
0.165
0.119
0.181
0.122
0.240
0.162
0.188
0.199
0.226
0.188
0.116
0.214
0.184
0.121
0.201
0.199
0.082
0.171
0.155
0.114
0.184
0.125
0.178
0.202
0.118
0.127
0.254
0.094
0.172
0.183
0.166
0.171
0.234
0.267
0.291
0.186
0.252
0.207
0.158
0.136
0.248
0.248
0.164
0.240
0.178
0.172
0.252
0.092
0.170
0.250
0.173
0.280
0.226
0.136
0.278
0.165
0.133
0.101
0.121
0.110
0.116
0.167
0.191
0.107
0.174
0.089
0.223
0.119
0.133
0.181
0.172
0.132
0.148
0.132
0.103
0.179
0.104
0.119
0.115
0.166
0.189
0.228
0.244
0.111
0.306
0.123
0.234
0.134
0.214
0.175
0.184
0.223
0.147
0.130
0.137
0.185
0.123
0.180
0.199
0.118
0.257
0.117
0.111
0.231
0.165
0.198
0.148
0.081
0.191
0.091
0.171
0.184
0.112
0.146
0.115
0.108
0.075
0.090
0.223
0.184
0.173
0.112
0.201
0.210
0.175
0.214
0.187
0.184
0.163
0.146
0.127
0.157
0.143
0.106
0.123
0.213
0.106
0.170
0.018
0.124
0.241
0.179
0.162
0.156
0.198
0.241
0.168
0.223
0.183
0.104
0.168
0.226
0.182
0.135
0.213
0.170
0.081
0.136
0.199
0.196
0.195
0.108
0.161
0.094
0.190
0.151
0.195
0.070
0.143
0.151
0.128
0.113
0.207
0.234
0.151
0.115
0.159
0.215
0.141
0.164
0.095
0.116
0.183
0.153
0.131
0.179
0.211
0.166
0.148
0.220
0.104
0.087
0.131
0.259
0.167
0.119
0.236
0.156
0.181
0.178
0.094
0.084
0.189
0.280
0.253
0.121
0.339
0.167
0.113
0.114
0.124
0.187
0.133
0.254
0.102
0.130
0.140
0.315
0.165
0.181
0.103
0.147
0.221
0.187
0.190
0.089
0.185
0.132
0.234
0.211
0.206
0.184
0.148
0.292
0.209
0.240
0.119
0.197
0.287
0.177
0.136
0.119
0.152
0.070
0.241
0.217
0.173
0.201
0.195
0.136
0.205
0.113
0.153
0.202
0.106
0.171
0.189
0.164
0.097
0.109
0.083
0.137
0.219
0.196
0.078
0.220
0.138
0.122
0.136
0.211
0.123
0.102
0.217
0.120
0.248
0.120
0.152
0.258
0.255
0.132
0.278
0.148
0.245
0.102
0.193
0.115
0.097
0.224
0.227
0.210
0.087
0.184
0.109
0.100
0.258
0.145
0.129
0.147
0.107
0.213
0.136
0.112
0.191
0.249
0.190
0.248
0.074
0.102
0.172
0.143
0.156
0.103
0.260
0.161
0.218
0.120
0.257
0.171
0.110
0.176
0.088
0.106
0.236
0.204
0.242
0.204
0.188
0.169
0.198
0.223
0.251
0.203
0.225
0.159
0.098
0.204
0.181
0.236
0.137
0.203
0.109
0.144
0.175
0.116
0.184
0.223
0.210
0.102
0.250
0.145
0.108
0.204
0.169
0.102
0.140
0.152
0.216
0.223
0.174
0.185
0.096
0.228
0.219
0.162
0.147
0.149
0.108
0.208
0.200
0.147
0.152
0.130
0.152
0.250
0.110
0.105
0.223
0.129
0.295
0.209
0.217
0.104
0.171
0.185
0.153
0.121
0.102
0.098
0.244
0.171
0.202
0.274
0.263
0.156
0.096
0.219
0.111
0.108
0.106
0.105
0.104
0.132
0.120
0.211
0.179
0.127
0.164
0.203
0.197
0.238
0.091
0.189
0.030
0.219
0.212
0.211
0.181
0.092
0.115
0.282
0.237
0.184
0.173
0.272
0.213
0.184
0.156
0.201
0.257
0.104
0.161
0.208
0.258
0.210
0.117
0.110
0.137
0.182
0.191
0.212
0.103
0.251
0.139
0.108
0.112
0.231
0.217
0.177
0.121
0.135
0.127
0.102
0.217
0.154
0.284
0.102
0.213
0.118
0.170
0.142
0.131
0.192
0.177
0.188
0.130
0.109
0.100
0.124
0.130
0.255
0.214
0.095
0.188
0.183
0.204
0.173
0.247
0.221
0.212
0.200
0.152
0.089
0.227
0.230
0.175
0.310
0.149
0.283
0.205
0.232
0.160
0.110
0.213
0.137
0.116
0.175
0.192
0.211
0.145
0.149
0.257
0.230
0.154
0.208
0.168
0.115
0.205
0.273
0.268
0.246
0.224
0.116
0.129
0.193
0.170
0.118
0.230
0.120
0.172
0.134
0.126
0.184
0.190
0.139
0.134
0.181
0.181
0.135
0.220
0.138
0.147
0.251
0.169
0.233
0.229
0.150
0.147
0.203
0.194
0.119
0.125
0.115
0.204
0.125
0.099
0.106
0.304
0.144
0.187
0.214
0.173
0.126
0.142
0.201
0.273
0.174
0.190
0.243
0.220
0.191
0.121
0.222
0.103
0.151
0.106
0.154
0.189
0.120
0.231
0.200
0.141
0.094
0.234
0.108
0.133
0.170
0.086
0.223
0.118
0.128
0.219
0.185
0.111
0.112
0.222
0.145
0.108
0.200
0.176
0.232
0.167
0.242
0.100
0.242
0.194
0.249
0.121
0.221
0.212
0.172
0.183
0.133
0.194
0.213
0.160
0.158
0.232
0.195
0.221
0.226
0.137
0.170
0.217
0.228
0.143
0.170
0.122
0.206
0.191
0.103
0.131
0.165
0.178
0.094
0.144
0.135
0.240
0.101
0.101
0.210
0.139
0.216
0.123
0.208
0.214
0.156
0.129
0.090
0.116
0.126
0.111
0.181
0.114
0.102
0.198
0.104
0.282
0.192
0.170
0.204
0.129
0.201
0.228
0.306
0.205
0.169
0.149
0.099
0.110
0.247
0.195
0.180
0.138
0.196
0.115
0.204
0.234
0.164
0.179
0.194
0.267
0.182
0.171
0.204
0.178
0.237
0.131
0.159
0.265
0.180
0.178
0.209
0.126
0.225
0.208
0.120
0.143
0.124
0.111
0.171
0.189
0.160
0.128
0.240
0.143
0.161
0.171
0.193
0.182
0.250
0.118
0.097
0.121
0.153
0.112
0.201
0.146
0.206
0.143
0.111
0.167
0.186
0.181
0.143
0.210
0.230
0.299
0.226
0.138
0.109
0.179
0.130
0.211
0.176
0.188
0.119
0.203
0.102
0.232
0.261
0.217
0.123
0.204
0.126
0.283
0.225
0.265
0.170
0.262
0.256
0.209
0.162
0.166
0.026
0.186
0.132
0.180
0.299
0.147
0.176
0.193
0.138
0.166
0.208
0.164
0.302
0.178
0.238
0.250
0.224
0.098
0.171
0.193
0.206
0.256
0.253
0.158
0.209
0.111
0.148
0.247
0.165
0.206
0.105
0.108
0.230
0.152
0.166
0.134
0.115
0.135
0.235
0.150
0.172
0.181
0.160
0.106
0.226
0.116
0.129
0.116
0.209
0.107
0.250
0.236
0.165
0.024
0.099
0.117
0.159
0.171
0.134
0.244
0.123
0.192
0.131
0.101
0.197
0.160
0.114
0.275
0.193
0.110
0.210
0.092
