0.221
0.225
0.169
0.198
0.161
0.160
0.154
0.193
0.206
0.195
0.145
0.224
0.129
0.117
0.119
0.141
0.153
0.172
0.116
0.191
0.131
0.154
0.127
0.154
0.159
0.158
0.147
0.107
0.166
0.121
0.142
0.139
0.133
0.131
0.166
0.121
0.129
0.145
0.165
0.138
0.176
0.193
0.106
0.187
0.162
0.143
0.159
0.129
0.165
0.136
0.125
0.129
0.125
0.160
0.147
0.161
0.159
0.168
0.175
0.161
0.159
0.144
0.184
0.196
0.151
0.166
0.146
0.151
0.162
0.132
0.164
0.149
0.159
0.145
0.150
0.141
0.191
0.150
0.141
0.198
0.198
0.144
0.156
0.144
0.134
0.132
0.130
0.154
0.161
0.145
0.183
0.137
0.150
0.148
0.141
0.166
0.119
0.118
0.133
0.142
0.155
0.171
0.158
0.128
0.147
0.121
0.124
0.172
0.145
0.134
0.132
0.124
0.144
0.151
0.150
0.123
0.154
0.175
0.145
0.174
0.127
0.139
0.121
0.161
0.160
0.170
0.119
0.125
0.134
0.167
0.178
0.182
0.171
0.138
0.137
0.136
0.160
0.152
0.165
0.152
0.136
0.162
0.158
0.154
0.136
0.111
0.166
0.192
0.164
0.115
0.139
0.148
0.146
0.164
0.139
0.154
0.162
0.169
0.181
0.117
0.143
0.142
0.114
0.157
0.125
0.177
0.122
0.160
0.157
0.144
0.171
0.133
0.128
0.132
0.196
0.133
0.133
0.169
0.127
0.153
0.164
0.142
0.124
0.149
0.161
0.148
0.134
0.137
0.128
0.126
0.129
0.177
0.192
0.168
0.145
0.171
0.172
0.163
0.138
0.139
0.156
0.129
0.146
0.151
0.144
0.154
0.155
0.193
0.162
0.140
0.132
0.148
0.156
0.153
0.155
0.140
0.162
0.155
0.135
0.143
0.135
0.165
0.161
0.153
0.197
0.148
0.137
0.149
0.152
0.147
0.170
0.154
0.164
0.151
0.125
0.149
0.139
0.141
0.123
0.149
0.183
0.136
0.162
0.137
0.171
0.106
0.166
0.136
0.136
0.172
0.181
0.135
0.140
0.157
0.126
0.154
0.154
0.136
0.115
0.143
0.147
0.121
0.169
0.140
0.123
0.151
0.157
0.139
0.164
0.176
0.118
0.152
0.149
0.143
0.178
0.159
0.127
0.148
0.151
0.148
0.139
0.122
0.132
0.143
0.149
0.138
0.166
0.134
0.142
0.158
0.141
0.154
0.165
0.154
0.146
0.149
0.147
0.138
0.132
0.179
0.139
0.169
0.154
0.136
0.149
0.149
0.152
0.150
0.150
0.182
0.134
0.148
0.149
0.132
0.165
0.141
0.147
0.177
0.170
0.123
0.172
0.149
0.157
0.127
0.144
0.139
0.134
0.124
0.170
0.171
0.150
0.134
0.148
0.159
0.146
0.192
0.122
0.142
0.134
0.140
0.137
0.125
0.142
0.147
0.138
0.143
0.150
0.163
0.115
0.165
0.133
0.162
0.145
0.172
0.151
0.125
0.125
0.112
0.119
0.159
0.142
0.139
0.124
0.131
0.146
0.181
0.138
0.143
0.131
0.136
0.137
0.116
0.143
0.160
0.151
0.131
0.153
0.120
0.115
0.157
0.140
0.143
0.131
0.163
0.161
0.163
0.164
0.167
0.114
0.161
0.130
0.130
0.187
0.137
0.151
0.141
0.132
0.129
0.133
0.191
0.156
0.164
0.109
0.114
0.147
0.156
0.178
0.177
0.118
0.121
0.118
0.159
0.119
0.134
0.144
0.110
0.162
0.139
0.154
0.159
0.147
0.171
0.128
0.162
0.116
0.132
0.169
0.142
0.155
0.133
0.127
0.182
0.161
0.148
0.157
0.156
0.144
0.128
0.141
0.151
0.135
0.161
0.130
0.103
0.185
0.153
0.130
0.138
0.145
0.125
0.119
0.181
0.126
0.148
0.142
0.166
0.135
0.143
0.145
0.116
0.132
0.134
0.141
0.167
0.132
0.136
0.152
0.127
0.169
0.135
0.170
0.149
0.131
0.129
0.164
0.137
0.178
0.117
0.136
0.170
0.143
0.170
0.178
0.130
0.154
0.174
0.141
0.138
0.145
0.153
0.143
0.149
0.182
0.172
0.161
0.189
0.181
0.164
0.142
0.141
0.178
0.146
0.144
0.157
0.167
0.150
0.169
0.142
0.141
0.152
0.126
0.167
0.133
0.181
0.166
0.127
0.128
0.152
0.159
0.145
0.154
0.155
0.147
0.130
0.116
0.121
0.174
0.140
0.163
0.112
0.124
0.164
0.158
0.159
0.169
0.154
0.153
0.161
0.139
0.158
0.140
0.118
0.124
0.139
0.167
0.121
0.195
0.174
0.159
0.148
0.161
0.154
0.158
0.148
0.149
0.151
0.193
0.118
0.142
0.152
0.151
0.144
0.161
0.146
0.167
0.140
0.151
0.133
0.146
0.137
0.134
0.167
0.119
0.192
0.135
0.132
0.136
0.175
0.163
0.138
0.140
0.154
0.170
0.153
0.146
0.161
0.151
0.147
0.196
0.154
0.156
0.132
0.160
0.137
0.147
0.156
0.153
0.181
0.158
0.144
0.144
0.168
0.166
0.139
0.146
0.156
0.179
0.157
0.143
0.138
0.192
0.177
0.155
0.150
0.130
0.140
0.173
0.146
0.171
0.153
0.128
0.156
0.161
0.151
0.141
0.173
0.160
0.169
0.175
0.130
0.156
0.147
0.172
0.182
0.149
0.147
0.151
0.162
0.170
0.163
0.132
0.145
0.159
0.125
0.168
0.155
0.161
0.132
0.151
0.158
0.152
0.158
0.150
0.151
0.147
0.137
0.148
0.179
0.126
0.155
0.146
0.176
0.122
0.158
0.154
0.156
0.157
0.164
0.136
0.150
0.172
0.155
0.156
0.153
0.156
0.161
0.175
0.141
0.140
0.153
0.155
0.183
0.139
0.152
0.175
0.163
0.174
0.163
0.176
0.144
0.175
0.148
0.170
0.112
0.162
0.151
0.153
0.167
0.150
0.188
0.176
0.156
0.127
0.192
0.144
0.176
0.133
0.131
0.155
0.153
0.152
0.150
0.194
0.120
0.150
0.126
0.188
0.163
0.181
0.146
0.170
0.160
0.166
0.139
0.152
0.125
0.161
0.132
0.123
0.170
0.155
0.144
0.165
0.194
0.142
0.163
0.152
0.177
0.145
0.154
0.132
0.169
0.168
0.162
0.166
0.155
0.139
0.162
0.185
0.137
0.141
0.135
0.156
0.159
0.136
0.130
0.130
0.154
0.166
0.166
0.129
0.159
0.151
0.115
0.176
0.158
0.170
0.141
0.188
0.129
0.172
0.158
0.150
0.153
0.146
0.174
0.153
0.185
0.176
0.148
0.129
0.175
0.190
0.166
0.170
0.160
0.157
0.139
0.154
0.146
0.178
0.148
0.156
0.166
0.155
0.152
0.145
0.168
0.151
0.122
0.174
0.175
0.146
0.189
0.193
0.154
0.201
0.175
0.160
0.150
0.158
0.166
0.138
0.175
0.147
0.148
0.172
0.123
0.129
0.169
0.180
0.173
0.154
0.142
0.169
0.153
0.160
0.184
0.152
0.137
0.190
0.174
0.141
0.149
0.162
0.155
0.159
0.171
0.170
0.136
0.150
0.146
0.171
0.172
0.132
0.134
0.158
0.139
0.188
0.161
0.155
0.150
0.135
0.173
0.157
0.130
0.150
0.148
0.173
0.165
0.134
0.165
0.191
0.166
0.150
0.148
0.155
0.162
0.137
0.181
0.148
0.138
0.146
0.161
0.169
0.181
0.144
0.214
0.160
0.136
0.183
0.173
0.137
0.184
0.142
0.191
0.171
0.166
0.168
0.195
0.157
0.171
0.194
0.158
0.176
0.136
0.172
0.173
0.170
0.161
0.156
0.167
0.176
0.166
0.164
0.172
0.168
0.127
0.178
0.158
0.184
0.135
0.143
0.170
0.152
0.171
0.150
0.138
0.119
0.141
0.168
0.207
0.118
0.147
0.152
0.153
0.171
0.184
0.154
0.135
0.154
0.175
0.197
0.139
0.148
0.150
0.136
0.168
0.129
0.167
0.145
0.149
0.164
0.189
0.177
0.155
0.175
0.162
0.158
0.179
0.152
0.151
0.125
0.161
0.184
0.176
0.158
0.183
0.167
0.148
0.177
0.184
0.144
0.151
0.165
0.133
0.150
0.176
0.161
0.168
0.146
0.162
0.161
0.140
0.138
0.151
0.133
0.153
0.132
0.149
0.172
0.162
0.166
0.188
0.180
0.172
0.155
0.142
0.156
0.167
0.193
0.187
0.178
0.164
0.151
0.160
0.171
0.143
0.148
0.156
0.167
0.194
0.144
0.159
0.158
0.176
0.153
0.160
0.174
0.151
0.168
0.164
0.150
0.167
0.167
0.159
0.148
0.149
0.153
0.160
0.145
0.161
0.153
0.159
0.166
0.127
0.177
0.149
0.159
0.166
0.185
0.167
0.145
0.138
0.160
0.188
0.183
0.180
0.139
0.176
0.198
0.141
0.207
0.164
0.169
0.184
0.173
0.163
0.141
0.146
0.161
0.156
0.183
0.130
0.179
0.149
0.190
0.165
0.152
0.132
0.162
0.121
0.138
0.178
0.182
0.206
0.186
0.130
0.144
0.155
0.121
0.187
0.164
0.163
0.175
0.147
0.177
0.151
0.154
0.142
0.164
0.136
0.203
0.186
0.174
0.113
0.179
0.124
0.164
0.183
0.152
0.156
0.177
0.161
0.134
0.139
0.140
0.157
0.152
0.119
0.157
0.155
0.163
0.213
0.175
0.184
0.143
0.175
0.171
0.167
0.140
0.157
0.187
0.155
0.179
0.135
0.156
0.155
0.152
0.138
0.158
0.164
0.162
0.161
0.185
0.184
0.170
0.168
0.175
0.163
0.136
0.137
0.167
0.147
0.153
0.141
0.149
0.190
0.155
0.146
0.137
0.134
0.203
0.143
0.167
0.162
0.167
0.141
0.159
0.164
0.155
0.130
0.163
0.165
0.176
0.182
0.140
0.171
0.162
0.137
0.130
0.157
0.153
0.166
0.157
0.157
0.173
0.162
0.152
0.142
0.174
0.156
0.166
0.170
0.144
0.170
0.138
0.152
0.145
0.155
0.125
0.168
0.168
0.144
0.157
0.133
0.180
0.148
0.129
0.149
0.152
0.158
0.184
0.167
0.168
0.168
0.147
0.143
0.151
0.166
0.174
0.148
0.143
0.156
0.166
0.149
0.153
0.140
0.140
0.148
0.158
0.164
0.199
0.132
0.172
0.163
0.180
0.170
0.147
0.161
0.171
0.178
0.142
0.132
0.158
0.193
0.167
0.197
0.170
0.144
0.165
0.118
0.166
0.166
0.179
0.180
0.173
0.180
0.186
0.148
0.117
0.134
0.179
0.136
0.140
0.132
0.154
0.177
0.141
0.150
0.169
0.166
0.166
0.190
0.176
0.150
0.154
0.147
0.165
0.195
0.152
0.172
0.169
0.140
0.170
0.162
0.146
0.174
0.195
0.230
0.184
0.141
0.173
0.188
0.147
0.172
0.154
0.124
0.161
0.159
0.153
0.138
0.157
0.133
0.175
0.142
0.141
0.173
0.171
0.146
0.176
0.162
0.161
0.187
0.176
0.163
0.168
0.159
0.202
0.154
0.189
0.181
0.163
0.154
0.165
0.148
0.183
0.185
0.145
0.192
0.152
0.167
0.166
0.186
0.168
0.189
0.185
0.160
0.137
0.135
0.149
0.135
0.118
0.165
0.169
0.151
0.156
0.187
0.183
0.127
0.139
0.133
0.162
0.184
0.119
0.188
0.144
0.149
0.150
0.165
0.192
0.186
0.153
0.149
0.201
0.135
0.183
0.182
0.200
0.157
0.137
0.154
0.142
0.145
0.142
0.169
0.156
0.143
0.167
0.156
0.162
0.174
0.154
0.132
0.166
0.141
0.172
0.173
0.124
0.140
0.192
0.125
0.147
0.182
0.172
0.160
0.148
0.136
0.177
0.113
0.154
0.165
0.153
0.177
0.191
0.184
0.154
0.184
0.131
0.143
0.167
0.224
0.145
0.146
0.157
0.189
0.130
0.181
0.156
0.142
0.168
0.187
0.147
0.141
0.178
0.172
0.173
0.149
0.170
0.191
0.129
0.144
0.119
0.172
0.127
0.139
0.166
0.178
0.160
0.165
0.183
0.169
0.174
0.144
0.168
0.172
0.180
0.163
0.172
0.134
0.186
0.176
0.167
0.132
0.183
0.143
0.181
0.160
0.126
0.183
0.146
0.163
0.161
0.150
0.147
0.176
0.177
0.123
0.152
0.166
0.152
0.138
0.144
0.147
0.172
0.163
0.170
0.171
0.147
0.183
0.155
0.154
0.143
0.157
0.179
0.166
0.177
0.159
0.120
0.134
0.187
0.155
0.159
0.168
0.136
0.163
0.187
0.152
0.139
0.150
0.153
0.166
0.139
0.158
0.140
0.152
0.148
0.158
0.149
0.211
0.160
0.152
0.182
0.162
0.164
0.157
0.141
0.168
0.166
0.178
0.143
0.155
0.153
0.148
0.183
0.158
0.159
0.193
0.162
0.154
0.154
0.159
0.145
0.172
0.165
0.171
0.126
0.157
0.165
0.160
0.156
0.142
0.129
0.129
0.125
0.166
0.156
0.198
0.163
0.147
0.173
0.170
0.127
0.147
0.154
0.196
0.167
0.137
0.174
0.154
0.124
0.175
0.184
0.126
0.152
0.162
0.150
0.161
0.163
0.144
0.163
0.140
0.166
0.165
0.181
0.145
0.163
0.166
0.158
0.193
0.157
0.170
0.122
0.140
0.212
0.125
0.162
0.170
0.141
0.162
0.135
0.153
0.152
0.149
0.161
0.200
0.223
0.176
0.162
0.149
0.171
0.141
0.155
0.136
0.155
0.173
0.145
0.151
0.151
0.158
0.149
0.138
0.158
0.160
0.184
0.149
0.162
0.154
0.171
0.159
0.161
0.161
0.187
0.149
0.185
0.167
0.161
0.168
0.172
0.188
0.130
0.201
0.144
0.154
0.150
0.186
0.172
0.199
0.138
0.137
0.143
0.169
0.161
0.141
0.133
0.150
0.133
0.124
0.175
0.169
0.149
0.177
0.133
0.165
0.141
0.178
0.183
0.149
0.155
0.119
0.122
0.189
0.183
0.151
0.176
0.188
0.141
0.138
0.169
0.164
0.144
0.161
0.177
0.167
0.167
0.166
0.150
0.172
0.179
0.161
0.156
0.180
0.161
0.173
0.141
0.129
0.146
0.137
0.171
0.180
0.181
0.168
0.164
0.177
0.162
0.146
0.165
0.146
0.127
0.164
0.214
0.192
0.175
0.177
0.172
0.170
0.155
0.178
0.146
0.167
0.135
0.152
0.151
0.162
0.157
0.177
0.183
0.184
0.191
0.176
0.159
0.149
0.179
0.191
0.153
0.166
0.177
0.134
0.165
0.140
0.173
0.121
0.133
0.186
0.172
0.156
0.143
0.219
0.183
0.175
0.156
0.161
0.178
0.187
0.172
0.167
0.191
0.115
0.140
0.184
0.159
0.139
0.167
0.146
0.165
0.128
0.171
0.147
0.173
0.169
0.181
0.169
0.158
0.169
0.167
0.155
0.168
0.159
0.199
0.149
0.170
0.163
0.176
0.172
0.147
0.147
0.156
0.139
0.209
0.180
0.153
0.175
0.164
0.180
0.150
0.167
0.162
0.164
0.159
0.159
0.169
0.209
0.139
0.149
0.139
0.149
0.159
0.143
0.137
0.166
0.154
0.164
0.176
0.167
0.191
0.145
0.168
0.161
0.179
0.180
0.162
0.147
0.143
0.137
0.178
0.140
0.193
0.118
0.162
0.161
0.164
0.153
0.129
0.187
0.157
0.164
0.169
0.121
0.167
0.182
0.180
0.154
0.174
0.157
0.130
0.136
0.171
0.183
0.172
0.172
0.184
0.208
0.157
0.154
0.125
0.156
0.180
0.164
0.177
0.140
0.175
0.160
0.160
0.143
0.186
0.129
0.129
0.187
0.131
0.151
0.188
0.166
0.167
0.185
0.126
0.167
0.144
0.182
0.155
0.171
0.166
0.175
0.163
0.164
0.185
0.165
0.145
0.156
0.163
0.140
0.162
0.159
0.176
0.155
0.167
0.147
0.170
0.188
0.159
0.183
0.156
0.163
0.163
0.158
0.147
0.160
0.129
0.146
0.141
0.154
0.173
0.155
0.162
0.150
0.149
0.147
0.157
0.145
0.153
0.159
0.173
0.200
0.195
0.161
0.145
0.152
0.176
0.170
0.143
0.172
0.158
0.139
0.161
0.170
0.155
0.156
0.151
0.153
0.157
0.150
0.174
0.203
0.121
0.146
0.179
0.149
0.161
0.171
0.184
0.135
0.152
0.173
0.170
0.180
0.176
0.172
0.130
0.189
0.215
0.167
0.176
0.117
0.164
0.184
0.159
0.177
0.153
0.172
0.159
0.168
0.150
0.161
0.143
0.173
0.157
0.141
0.164
0.173
0.156
0.179
0.142
0.155
0.156
0.203
0.148
0.150
0.158
0.129
0.172
0.145
0.169
0.171
0.166
0.129
0.158
0.151
0.170
0.156
0.118
0.190
0.141
0.157
0.165
0.106
0.173
0.148
0.132
0.140
0.151
0.146
0.166
0.154
0.191
0.175
0.179
0.164
0.156
0.160
0.147
0.132
0.173
0.133
0.156
0.184
0.159
0.151
0.178
0.134
0.143
0.158
0.161
0.149
0.142
0.186
0.151
0.183
0.158
0.159
0.166
0.181
0.165
0.167
0.147
0.151
0.179
0.168
0.172
0.135
0.139
0.204
0.133
0.154
0.177
0.128
0.164
0.137
0.156
0.139
0.161
0.183
0.184
0.152
0.199
0.117
0.137
0.143
0.154
0.167
0.150
0.149
0.161
0.160
0.139
0.148
0.156
0.187
0.145
0.120
