0.169
0.115
0.231
0.180
0.153
0.159
0.255
0.107
0.167
0.219
0.123
0.136
0.105
0.100
0.154
0.255
0.164
0.084
0.166
0.186
0.187
0.147
0.219
0.116
0.138
0.184
0.235
0.279
0.153
0.135
0.195
0.148
0.197
0.121
0.215
0.238
0.318
0.133
0.249
0.284
0.265
0.261
0.139
0.165
0.207
0.211
0.150
0.237
0.138
0.111
0.223
0.094
0.158
0.019
0.193
0.123
0.202
0.121
0.189
0.151
0.032
0.184
0.152
0.207
0.192
0.213
0.217
0.169
0.243
0.130
0.196
0.218
0.193
0.188
0.161
0.130
0.171
0.231
0.150
0.163
0.099
0.178
0.202
0.111
0.225
0.215
0.122
0.098
0.088
0.175
0.178
0.225
0.208
0.124
0.240
0.104
0.129
0.203
0.117
0.185
0.247
0.161
0.082
0.125
0.135
0.121
0.157
0.099
0.112
0.264
0.113
0.250
0.213
0.096
0.202
0.275
0.172
0.148
0.185
0.188
0.101
0.163
0.208
0.249
0.121
0.248
0.206
0.267
0.073
0.189
0.156
0.068
0.216
0.162
0.237
0.196
0.161
0.122
0.231
0.221
0.188
0.199
0.083
0.114
0.247
0.119
0.129
0.149
0.133
0.202
0.238
0.283
0.195
0.260
0.249
0.165
0.195
0.205
0.205
0.170
0.157
0.098
0.190
0.106
0.249
0.231
0.188
0.212
0.112
0.101
0.141
0.235
0.148
0.190
0.184
0.192
0.143
0.198
0.141
0.210
0.190
0.082
0.195
0.216
0.099
0.166
0.194
0.187
0.257
0.302
0.183
0.166
0.229
0.269
0.115
0.114
0.165
0.257
0.213
0.140
0.193
0.116
0.174
0.110
0.178
0.254
0.113
0.141
0.180
0.121
0.170
0.205
0.030
0.229
0.103
0.123
0.256
0.239
0.167
0.149
0.260
0.131
0.147
0.097
0.199
0.137
0.102
0.085
0.114
0.127
0.238
0.222
0.184
0.027
0.269
0.150
0.091
0.111
0.120
0.110
0.134
0.091
0.022
0.127
0.189
0.262
0.166
0.131
0.164
0.142
0.147
0.184
0.180
0.135
0.144
0.289
0.167
0.113
0.162
0.283
0.210
0.113
0.211
0.165
0.259
0.127
0.195
0.267
0.261
0.188
0.167
0.123
0.139
0.138
0.136
0.159
0.149
0.133
0.100
0.139
0.247
0.141
0.186
0.106
0.100
0.188
0.089
0.192
0.201
0.176
0.117
0.131
0.178
0.173
0.234
0.145
0.206
0.213
0.133
0.123
0.163
0.192
0.226
0.188
0.115
0.127
0.029
0.164
0.126
0.198
0.169
0.218
0.140
0.185
0.161
0.211
0.253
0.193
0.162
0.230
0.230
0.153
0.259
0.116
0.216
0.102
0.210
0.166
0.248
0.204
0.138
0.121
0.180
0.147
0.144
0.226
0.247
0.203
0.221
0.263
0.112
0.169
0.212
0.239
0.121
0.111
0.235
0.238
0.212
0.193
0.214
0.240
0.206
0.124
0.131
0.155
0.139
0.132
0.241
0.172
0.173
0.187
0.240
0.263
0.208
0.180
0.122
0.226
0.195
0.171
0.251
0.236
0.209
0.179
0.175
0.190
0.114
0.086
0.143
0.110
0.117
0.107
0.147
0.197
0.187
0.143
0.164
0.165
0.105
0.121
0.201
0.106
0.141
0.257
0.128
0.221
0.217
0.116
0.258
0.197
0.153
0.197
0.127
0.214
0.178
0.257
0.218
0.207
0.093
0.244
0.236
0.201
0.220
0.218
0.161
0.154
0.204
0.175
0.118
0.167
0.165
0.130
0.129
0.238
0.135
0.209
0.270
0.232
0.110
0.230
0.240
0.212
0.163
0.098
0.297
0.113
0.116
0.165
0.291
0.205
0.082
0.239
0.197
0.137
0.222
0.031
0.157
0.147
0.269
0.158
0.105
0.187
0.151
0.128
0.216
0.229
0.119
0.109
0.238
0.123
0.229
0.226
0.100
0.159
0.103
0.130
0.232
0.096
0.155
0.194
0.173
0.235
0.150
0.105
0.208
0.138
0.224
0.118
0.252
0.181
0.218
0.182
0.026
0.095
0.134
0.189
0.245
0.268
0.083
0.100
0.192
0.195
0.174
0.096
0.151
0.167
0.118
0.179
0.172
0.218
0.238
0.119
0.224
0.149
0.216
0.175
0.080
0.155
0.181
0.135
0.153
0.191
0.105
0.193
0.110
0.129
0.121
0.132
0.265
0.079
0.200
0.202
0.276
0.119
0.191
0.175
0.122
0.138
0.160
0.124
0.114
0.110
0.172
0.147
0.205
0.199
0.115
0.169
0.228
0.160
0.210
0.135
0.150
0.122
0.168
0.164
0.213
0.096
0.220
0.115
0.192
0.135
0.100
0.250
0.208
0.203
0.211
0.238
0.157
0.115
0.122
0.191
0.149
0.227
0.116
0.194
0.190
0.137
0.140
0.116
0.200
0.145
0.132
0.177
0.105
0.127
0.146
0.118
0.184
0.116
0.267
0.133
0.142
0.201
0.213
0.204
0.180
0.203
0.217
0.177
0.145
0.088
0.160
0.254
0.116
0.194
0.134
0.135
0.123
0.268
0.134
0.224
0.151
0.163
0.129
0.173
0.124
0.143
0.152
0.177
0.100
0.213
0.145
0.094
0.256
0.174
0.125
0.124
0.222
0.187
0.227
0.142
0.243
0.249
0.269
0.151
0.209
0.149
0.237
0.213
0.170
0.140
0.103
0.190
0.167
0.107
0.148
0.203
0.204
0.227
0.150
0.244
0.131
0.222
0.104
0.198
0.105
0.259
0.145
0.217
0.190
0.088
0.190
0.133
0.164
0.215
0.182
0.174
0.263
0.234
0.093
0.129
0.187
0.113
0.173
0.087
0.173
0.219
0.224
0.217
0.126
0.259
0.241
0.263
0.216
0.121
0.151
0.101
0.081
0.151
0.096
0.219
0.113
0.192
0.199
0.227
0.157
0.124
0.224
0.106
0.257
0.139
0.162
0.228
0.239
0.183
0.187
0.136
0.192
0.114
0.124
0.088
0.204
0.198
0.272
0.169
0.143
0.127
0.184
0.187
0.114
0.025
0.196
0.235
0.155
0.217
0.238
0.204
0.154
0.127
0.147
0.246
0.154
0.225
0.123
0.270
0.087
0.161
0.153
0.140
0.267
0.144
0.108
0.267
0.222
0.201
0.205
0.211
0.173
0.235
0.135
0.042
0.175
0.129
0.238
0.228
0.197
0.112
0.195
0.163
0.155
0.225
0.198
0.114
0.126
0.109
0.094
0.124
0.215
0.243
0.191
0.213
0.124
0.105
0.107
0.151
0.171
0.201
0.268
0.120
0.184
0.194
0.122
0.211
0.187
0.166
0.245
0.156
0.114
0.114
0.165
0.092
0.125
0.128
0.154
0.206
0.128
0.187
0.170
0.143
0.214
0.180
0.166
0.213
0.197
0.275
0.168
0.162
0.223
0.212
0.103
0.279
0.229
0.108
0.115
0.123
0.177
0.105
0.227
0.120
0.170
0.125
0.232
0.242
0.201
0.218
0.161
0.124
0.101
0.173
0.231
0.116
0.229
0.161
0.194
0.134
0.245
0.182
0.201
0.129
0.223
0.168
0.152
0.250
0.147
0.217
0.214
0.205
0.212
0.198
0.219
0.217
0.157
0.163
0.208
0.254
0.181
0.153
0.100
0.082
0.136
0.103
0.248
0.189
0.116
0.152
0.125
0.252
0.236
0.211
0.175
0.214
0.234
0.264
0.156
0.204
0.254
0.204
0.122
0.105
0.196
0.115
0.295
0.164
0.183
0.128
0.264
0.188
0.189
0.255
0.171
0.212
0.228
0.174
0.190
0.169
0.190
0.254
0.145
0.176
0.128
0.176
0.158
0.194
0.187
0.290
0.192
0.221
0.157
0.173
0.127
0.189
0.168
0.198
0.121
0.228
0.176
0.235
0.143
0.215
0.175
0.159
0.201
0.134
0.135
0.114
0.286
0.113
0.213
0.178
0.202
0.209
0.262
0.263
0.152
0.155
0.100
0.130
0.227
0.123
0.116
0.150
0.146
0.113
0.183
0.118
0.209
0.125
0.190
0.171
0.239
0.167
0.216
0.264
0.284
0.163
0.164
0.145
0.132
0.210
0.095
0.116
0.265
0.212
0.180
0.238
0.097
0.195
0.094
0.131
0.116
0.123
0.207
0.166
0.153
0.245
0.153
0.182
0.221
0.160
0.269
0.186
0.164
0.239
0.252
0.094
0.101
0.102
0.135
0.210
0.199
0.213
0.126
0.210
0.180
0.176
0.166
0.294
0.231
0.090
0.102
0.185
0.181
0.128
0.187
0.117
0.155
0.193
0.215
0.115
0.180
0.211
0.117
0.184
0.095
0.111
0.118
0.188
0.165
0.174
0.215
0.158
0.157
0.201
0.212
0.155
0.183
0.197
0.111
0.199
0.157
0.307
0.149
0.166
