0.095
0.100
0.174
0.111
0.131
0.133
0.158
0.173
0.181
0.201
0.197
0.119
0.115
0.123
0.110
0.231
0.257
0.272
0.097
0.113
0.132
0.121
0.136
0.233
0.252
0.183
0.219
0.184
0.151
0.124
0.188
0.161
0.086
0.231
0.095
0.133
0.023
0.211
0.121
0.168
0.132
0.124
0.121
0.125
0.256
0.241
0.219
0.179
0.199
0.174
0.180
0.132
0.253
0.173
0.131
0.310
0.103
0.111
0.153
0.183
0.129
0.190
0.205
0.213
0.263
0.243
0.118
0.187
0.234
0.206
0.136
0.158
0.151
0.130
0.260
0.095
0.117
0.115
0.220
0.240
0.204
0.265
0.157
0.162
0.124
0.239
0.172
0.197
0.222
0.194
0.190
0.106
0.258
0.212
0.027
0.171
0.144
0.244
0.096
0.191
0.219
0.093
0.107
0.095
0.149
0.129
0.268
0.145
0.129
0.220
0.245
0.204
0.136
0.234
0.200
0.210
0.166
0.238
0.159
0.159
0.114
0.140
0.110
0.103
0.206
0.190
0.125
0.152
0.172
0.191
0.121
0.138
0.135
0.217
0.106
0.217
0.087
0.267
0.179
0.073
0.239
0.121
0.143
0.176
0.126
0.132
0.204
0.225
0.227
0.207
0.251
0.219
0.121
0.112
0.126
0.133
0.184
0.121
0.179
0.155
0.215
0.164
0.152
0.157
0.104
0.206
0.146
0.201
0.149
0.223
0.100
0.178
0.180
0.152
0.275
0.064
0.185
0.164
0.161
0.150
0.199
0.266
0.082
0.132
0.191
0.152
0.197
0.086
0.168
0.152
0.110
0.126
0.101
0.213
0.176
0.246
0.117
0.210
0.142
0.138
0.148
0.155
0.168
0.100
0.196
0.161
0.211
0.254
0.153
0.103
0.169
0.242
0.123
0.152
0.254
0.212
0.286
0.163
0.164
0.252
0.181
0.198
0.139
0.233
0.206
0.199
0.084
0.238
0.107
0.254
0.144
0.181
0.169
0.121
0.178
0.101
0.147
0.125
0.093
0.219
0.168
0.238
0.192
0.116
0.153
0.098
0.117
0.266
0.100
0.235
0.099
0.159
0.187
0.154
0.112
0.217
0.186
0.163
0.154
0.141
0.210
0.082
0.254
0.182
0.117
0.228
0.133
0.106
0.165
0.136
0.168
0.095
0.186
0.177
0.241
0.170
0.267
0.122
0.085
0.102
0.286
0.149
0.181
0.120
0.103
0.222
0.145
0.100
0.122
0.170
0.081
0.081
0.262
0.186
0.121
0.149
0.091
0.180
0.204
0.246
0.215
0.282
0.221
0.188
0.110
0.165
0.249
0.109
0.219
0.244
0.173
0.185
0.117
0.216
0.111
0.189
0.186
0.171
0.084
0.159
0.147
0.199
0.208
0.139
0.237
0.238
0.116
0.183
0.221
0.142
0.341
0.140
0.121
0.191
0.112
0.170
0.159
0.085
0.191
0.112
0.208
0.120
0.255
0.261
0.229
0.112
0.128
0.115
0.248
0.245
0.227
0.230
0.095
0.194
0.141
0.213
0.107
0.256
0.237
0.122
0.183
0.101
0.180
0.176
0.135
0.246
0.220
0.122
0.106
0.256
0.102
0.146
0.174
0.103
0.239
0.118
0.228
0.134
0.277
0.205
0.231
0.194
0.193
0.226
0.129
0.244
0.236
0.151
0.234
0.153
0.078
0.244
0.180
0.166
0.125
0.208
0.148
0.186
0.316
0.135
0.126
0.135
0.043
0.264
0.099
0.214
0.220
0.152
0.131
0.189
0.140
0.197
0.183
0.264
0.175
0.177
0.194
0.208
0.179
0.177
0.162
0.163
0.257
0.198
0.273
0.148
0.081
0.128
0.147
0.089
0.211
0.147
0.128
0.105
0.216
0.214
0.166
0.107
0.125
0.187
0.156
0.191
0.236
0.206
0.105
0.144
0.196
0.235
0.161
0.202
0.232
0.185
0.121
0.119
0.266
0.210
0.144
0.187
0.247
0.112
0.120
0.216
0.226
0.125
0.138
0.283
0.178
0.200
0.106
0.190
0.212
0.018
0.136
0.231
0.261
0.236
0.144
0.157
0.106
0.220
0.195
0.194
0.134
0.177
0.156
0.201
0.110
0.138
0.179
0.237
0.210
0.241
0.208
0.196
0.133
0.216
0.165
0.107
0.257
0.158
0.205
0.192
0.168
0.164
0.155
0.253
0.253
0.297
0.138
0.320
0.253
0.162
0.196
0.145
0.180
0.294
0.127
0.251
0.101
0.252
0.253
0.225
0.111
0.133
0.129
0.153
0.203
0.243
0.163
0.098
0.131
0.226
0.220
0.185
0.227
0.203
0.233
0.205
0.089
0.124
0.136
0.221
0.249
0.133
0.122
0.189
0.200
0.164
0.101
0.216
0.298
0.183
0.135
0.106
0.104
0.229
0.189
0.197
0.116
0.178
0.198
0.243
0.137
0.148
0.186
0.282
0.145
0.113
0.195
0.119
0.192
0.101
0.109
0.182
0.139
0.271
0.124
0.198
0.114
0.183
0.252
0.115
0.081
0.200
0.107
0.264
0.180
0.177
0.186
0.127
0.245
0.164
0.093
0.263
0.194
0.117
0.123
0.105
0.203
0.227
0.200
0.148
0.297
0.124
0.176
0.187
0.098
0.257
0.104
0.152
0.162
0.094
0.235
0.119
0.203
0.224
0.165
0.220
0.137
0.188
0.197
0.215
0.198
0.218
0.186
0.202
0.156
0.093
0.151
0.209
0.188
0.171
0.104
0.128
0.259
0.283
0.213
0.249
0.191
0.132
0.194
0.211
0.200
0.196
0.119
0.241
0.207
0.116
0.212
0.208
0.243
0.139
0.203
0.190
0.128
0.200
0.216
0.172
0.102
0.194
0.266
0.184
0.211
0.177
0.163
0.171
0.113
0.114
0.225
0.152
0.211
0.179
0.219
0.178
0.150
0.116
0.192
0.166
0.184
0.202
0.177
0.114
0.124
0.077
0.102
0.182
0.256
0.123
0.081
0.109
0.225
0.126
0.104
0.091
0.130
0.192
0.233
0.139
0.209
0.108
0.193
0.137
0.157
0.206
0.220
0.160
0.188
0.191
0.138
0.179
0.103
0.114
0.162
0.109
0.149
0.096
0.130
0.257
0.185
0.114
0.198
0.110
0.097
0.204
0.125
0.168
0.078
0.180
0.170
0.092
0.171
0.255
0.114
0.177
0.135
0.197
0.093
0.221
0.214
0.141
0.221
0.109
0.108
0.118
0.230
0.141
0.093
0.200
0.148
0.211
0.193
0.237
0.228
0.117
0.127
0.218
0.213
0.144
0.168
0.158
0.112
0.019
0.214
0.211
0.144
0.265
0.170
0.187
0.228
0.145
0.229
0.186
0.201
0.167
0.219
0.191
0.150
0.184
0.118
0.187
0.165
0.167
0.171
0.152
0.121
0.086
0.205
0.195
0.121
0.133
0.214
0.182
0.235
0.121
0.179
0.170
0.161
0.175
0.186
0.184
0.154
0.135
0.198
0.202
0.221
0.108
0.193
0.111
0.185
0.130
0.122
0.113
0.168
0.120
0.215
0.260
0.275
0.125
0.267
0.107
0.119
0.137
0.216
0.162
0.106
0.164
0.170
0.189
0.158
0.188
0.173
0.212
0.188
0.160
0.207
0.192
0.180
0.126
0.157
0.194
0.152
0.211
0.300
0.032
0.228
0.185
0.105
0.153
0.136
0.256
0.210
0.186
0.186
0.177
0.201
0.159
0.180
0.229
0.150
0.143
0.220
0.169
0.135
0.165
0.203
0.201
0.160
0.171
0.152
0.153
0.211
0.208
0.174
0.191
0.175
0.211
0.172
0.185
0.248
0.244
0.114
0.128
0.135
0.081
0.151
0.119
0.207
0.115
0.156
0.246
0.189
0.258
0.126
0.029
0.156
0.150
0.175
0.181
0.240
0.165
0.192
0.191
0.112
0.216
0.229
0.122
0.248
0.230
0.285
0.163
0.157
0.162
0.114
0.106
0.091
0.196
0.217
0.127
0.215
0.135
0.168
0.253
0.212
0.201
0.129
0.109
0.127
0.098
0.195
0.164
0.152
0.162
0.230
0.127
0.091
0.197
0.217
0.070
0.194
0.165
0.197
0.185
0.251
0.184
0.138
0.124
0.265
0.170
0.113
0.211
0.166
0.235
0.155
0.189
0.127
0.192
0.217
0.094
0.174
0.221
0.171
0.280
0.134
0.288
0.218
0.153
0.238
0.181
0.085
0.199
0.109
0.227
0.202
0.219
0.301
0.138
0.123
0.106
0.194
0.206
0.136
0.201
0.114
0.174
0.276
0.104
0.147
0.248
0.226
0.197
0.112
0.180
0.126
0.188
0.133
0.221
0.189
0.269
0.220
0.165
0.152
0.164
0.158
0.211
0.215
0.185
0.133
0.155
0.210
0.096
0.104
0.294
0.220
0.128
0.113
0.100
0.224
0.232
0.209
0.241
0.170
0.173
0.189
0.189
0.201
0.169
0.183
0.169
0.110
0.142
0.125
0.223
0.096
0.216
0.122
0.202
0.249
0.146
0.163
0.082
0.184
0.248
0.076
0.124
0.124
0.229
0.240
0.188
0.130
0.213
0.158
0.207
0.187
0.243
0.111
0.168
0.173
0.217
0.223
0.167
0.126
0.176
0.209
0.239
0.254
0.159
0.169
0.205
0.190
0.192
0.207
0.220
0.164
0.165
0.198
0.154
0.252
0.149
0.214
0.121
0.156
0.236
0.227
0.108
0.212
0.121
0.231
0.219
0.212
0.219
0.108
0.170
0.284
0.136
0.165
0.098
0.233
0.227
0.123
0.151
0.258
0.257
0.240
0.217
0.158
0.161
0.167
0.196
0.183
0.102
0.123
0.155
0.118
0.104
0.158
0.164
0.178
0.213
0.229
0.097
0.250
0.114
0.299
0.249
0.134
0.275
0.119
0.202
0.246
0.198
0.134
0.113
0.123
0.260
0.233
0.177
0.150
0.149
0.167
0.214
0.152
0.116
0.175
0.113
0.169
0.256
0.143
0.217
0.101
0.191
0.137
0.118
0.205
0.161
0.222
0.080
0.166
0.106
0.185
0.214
0.149
0.110
0.256
0.221
0.128
0.215
0.118
0.147
0.187
0.100
0.079
0.220
0.114
0.169
0.189
0.132
0.094
0.110
0.173
0.288
0.205
0.227
0.224
0.124
0.143
0.206
0.168
0.182
0.211
0.115
0.167
0.157
0.104
0.215
0.125
0.249
0.123
0.206
0.105
0.223
0.111
0.165
0.108
0.261
0.111
0.100
0.082
0.143
0.217
0.196
0.205
0.095
0.124
0.115
0.080
0.173
0.219
0.174
0.190
0.100
0.133
0.097
0.244
0.276
0.189
0.205
0.239
0.136
0.186
0.090
0.153
0.138
0.135
0.198
0.246
0.100
0.201
0.278
0.226
0.196
0.116
0.196
0.229
0.178
0.231
0.109
0.138
0.237
0.135
0.109
0.107
0.135
0.159
0.225
0.183
0.114
0.166
0.156
0.137
0.120
0.114
0.099
0.292
0.289
0.114
0.192
0.152
0.211
0.122
0.114
0.296
0.175
0.201
0.029
0.219
0.182
0.111
0.258
0.123
0.151
0.108
0.229
0.118
0.186
0.146
0.070
0.175
0.153
0.147
0.129
0.083
0.136
0.204
0.257
0.212
0.104
0.167
0.134
0.220
0.144
0.152
0.145
0.232
0.122
0.122
0.156
0.102
0.215
0.161
0.113
0.178
0.177
0.200
0.124
0.226
0.029
0.111
0.182
0.222
0.211
0.105
0.266
0.234
0.120
0.201
0.253
0.235
0.253
0.200
0.100
0.128
0.190
0.155
0.222
0.206
0.192
0.116
0.170
0.138
0.238
0.123
0.166
0.100
0.103
0.207
0.146
0.126
0.170
0.160
0.201
0.163
0.118
0.248
0.119
0.286
0.198
0.082
0.199
0.184
0.185
0.102
0.142
0.260
0.156
0.116
0.230
0.198
0.188
0.149
0.032
0.096
0.232
0.189
0.175
0.246
0.143
0.216
0.106
0.118
0.093
0.127
0.183
0.128
0.262
0.183
0.240
0.218
0.212
0.233
0.233
0.089
0.174
0.258
0.261
0.131
0.216
0.153
0.266
0.101
0.244
0.109
0.185
0.200
0.160
0.194
0.183
0.162
0.176
0.157
0.132
0.212
0.155
0.161
0.142
0.167
0.231
0.101
0.187
0.203
0.083
0.220
0.140
0.118
0.228
0.290
0.085
0.258
0.183
0.128
0.136
0.220
0.125
0.209
0.161
0.108
0.251
0.102
0.137
0.085
0.200
0.187
0.133
0.124
0.128
0.192
0.226
0.128
0.270
0.178
0.280
0.168
0.120
0.234
0.100
0.236
0.213
0.116
0.122
0.144
0.123
0.163
0.117
0.149
0.123
0.281
0.158
0.092
0.124
0.173
0.116
0.231
0.112
0.109
0.117
0.262
0.205
0.100
0.088
0.098
0.193
0.150
0.187
0.193
0.113
0.230
0.169
0.156
0.229
0.184
0.177
0.231
0.205
0.147
0.133
0.108
0.114
0.229
0.248
0.181
0.099
0.113
0.227
0.263
0.201
0.206
0.262
0.096
0.196
0.084
0.238
0.100
0.227
0.112
0.228
0.190
0.164
0.212
0.182
0.112
0.196
0.213
0.198
0.087
0.135
0.159
0.118
0.208
0.160
0.125
0.266
0.100
0.110
0.242
0.176
0.162
0.254
0.263
0.174
0.101
0.130
0.188
0.167
0.271
0.210
0.194
0.121
0.232
0.118
0.144
0.150
0.208
0.147
0.125
0.140
0.134
0.089
0.261
0.188
0.093
0.138
0.208
0.233
0.215
0.125
0.221
0.180
0.149
0.102
0.163
0.191
0.097
0.176
0.105
0.107
0.244
0.194
0.197
0.178
0.179
0.237
0.026
0.109
0.213
0.190
0.156
0.172
0.137
0.170
0.181
0.257
0.095
0.185
0.258
0.210
0.275
0.190
0.196
0.116
0.116
0.233
0.265
0.242
0.110
0.111
0.024
0.251
0.199
0.233
0.126
0.120
0.169
0.153
0.175
0.114
0.151
0.127
0.172
0.132
0.134
0.239
0.238
0.193
0.193
0.090
0.145
0.094
0.191
0.075
0.156
0.110
0.234
0.310
0.220
0.175
0.169
0.221
0.215
0.121
0.183
0.232
0.118
0.173
0.139
0.124
0.126
0.208
0.152
0.122
0.171
0.208
0.215
0.107
0.136
0.129
0.201
0.159
0.162
0.173
0.151
0.260
0.118
0.214
0.153
0.101
0.104
0.088
0.157
0.100
0.194
0.129
0.160
0.211
0.117
0.176
0.217
0.233
0.111
0.194
0.106
0.280
0.201
0.241
0.139
0.165
0.209
0.134
0.140
0.291
0.115
0.191
0.078
0.105
0.197
0.162
0.092
0.285
0.248
0.179
0.213
0.191
0.153
0.173
0.142
0.226
0.257
0.209
0.208
0.164
0.171
0.151
0.109
0.117
0.106
0.128
0.213
0.189
0.202
0.146
0.139
0.228
0.249
0.233
0.168
0.212
0.128
0.186
0.132
0.250
0.238
0.217
0.151
0.235
0.109
0.024
0.239
0.203
0.236
0.197
0.218
0.146
0.126
0.098
0.115
0.183
0.094
0.211
0.224
0.182
0.207
0.170
0.142
0.094
0.111
0.158
0.314
0.212
0.255
0.173
0.137
0.200
0.116
0.286
0.229
0.131
0.216
0.211
0.137
0.272
0.176
0.103
0.104
0.133
0.155
0.140
0.176
0.215
0.162
0.101
0.173
0.316
0.254
0.263
0.142
0.110
0.245
0.175
0.170
0.209
0.165
0.139
0.172
0.202
0.141
0.167
0.130
0.125
0.181
0.120
0.214
0.153
0.194
0.096
0.231
0.193
0.144
0.133
0.242
0.209
0.194
0.021
0.132
0.126
0.130
0.272
0.184
0.178
0.161
0.289
0.209
0.099
0.096
0.133
0.129
0.194
0.252
0.269
0.125
0.136
0.203
0.145
0.103
0.147
0.120
0.180
0.245
0.100
0.115
0.189
0.107
0.181
0.185
0.234
0.180
0.151
0.164
0.126
0.220
0.201
0.222
0.217
0.195
0.107
0.266
0.113
0.128
0.146
0.100
0.140
0.139
0.134
0.155
0.163
0.184
0.180
0.116
0.108
0.159
0.127
0.175
0.143
0.207
0.115
0.212
0.101
0.226
0.219
0.216
0.099
0.114
0.171
0.225
0.178
0.130
0.145
0.128
0.205
0.147
0.243
0.251
0.121
0.134
0.171
0.113
0.280
0.168
0.118
0.172
0.218
0.113
0.238
0.173
0.104
0.205
0.209
0.139
0.104
0.190
0.163
0.230
0.190
0.193
0.178
0.192
0.177
0.224
0.224
0.234
0.108
0.152
0.233
0.187
0.116
0.201
0.174
0.232
0.111
0.155
0.244
0.156
0.123
0.110
0.314
0.107
0.230
0.207
0.245
0.118
0.161
0.101
0.164
0.090
0.160
0.136
0.194
0.229
0.203
0.133
0.126
0.190
0.095
0.131
0.194
0.269
0.106
0.207
0.117
0.105
0.138
0.196
0.159
0.187
0.088
0.125
0.122
0.085
0.258
0.189
0.103
0.190
0.122
0.216
0.184
0.104
0.131
0.118
0.150
0.105
0.190
0.184
0.094
0.102
0.107
0.188
0.148
0.119
0.269
0.195
0.178
0.256
0.221
0.168
0.197
0.108
0.144
0.157
0.206
0.154
0.292
0.169
0.150
0.105
0.133
0.181
0.171
0.074
0.212
0.236
0.190
0.113
0.133
0.227
0.235
0.160
0.248
0.170
0.203
0.146
0.097
0.238
0.149
0.113
0.148
0.251
0.164
0.219
0.141
0.124
0.150
0.125
0.153
0.171
0.147
0.213
0.145
0.094
0.202
0.215
0.167
0.123
0.185
0.035
0.103
0.111
0.111
0.148
0.110
0.121
0.156
0.162
0.177
0.154
0.063
0.151
0.240
0.205
0.182
0.121
0.090
0.143
0.121
0.173
0.186
0.190
0.113
0.136
0.270
0.111
0.088
0.123
0.172
0.279
0.244
0.178
0.106
0.160
0.170
0.146
0.206
0.230
0.120
0.185
0.165
0.090
0.147
0.173
0.129
0.164
0.120
0.205
0.266
0.176
0.240
0.105
0.111
0.142
0.221
0.144
0.271
0.191
0.222
0.258
0.164
0.095
0.142
0.112
0.265
0.136
0.116
0.171
0.107
0.239
0.155
0.216
0.181
0.090
0.113
0.277
0.269
0.207
0.102
0.102
0.108
0.200
0.306
0.146
0.200
0.209
0.221
0.130
0.249
0.131
0.128
0.262
0.231
0.171
0.109
0.167
0.171
0.093
0.096
0.215
0.115
0.152
0.110
0.116
0.206
0.096
0.170
0.115
0.105
0.122
0.205
0.097
0.138
0.234
0.226
0.164
0.148
0.292
0.166
0.105
0.182
0.148
0.191
0.257
0.128
0.205
0.106
0.102
0.176
0.226
0.123
0.175
0.218
0.222
0.242
0.105
0.126
0.214
0.161
0.112
0.102
0.208
0.149
0.221
0.206
0.173
0.212
0.167
0.177
0.200
0.117
0.103
0.224
0.237
0.273
0.167
0.234
0.181
0.178
0.162
0.253
0.129
0.119
0.246
0.169
0.107
0.258
0.163
0.082
0.183
0.235
0.145
0.144
0.216
0.251
0.083
0.169
0.203
0.170
0.221
0.163
0.142
0.299
0.115
0.237
0.131
0.102
0.161
0.154
0.115
0.165
0.111
0.131
0.175
0.276
0.103
0.167
0.123
0.115
0.178
0.225
0.248
0.230
0.184
0.134
0.136
0.096
0.261
0.131
0.126
0.199
0.154
0.181
0.196
0.214
0.157
0.213
0.227
0.093
0.126
0.255
0.189
0.017
0.217
0.174
0.099
0.090
0.181
0.217
0.218
0.250
0.110
0.217
0.176
0.230
0.090
0.106
0.161
0.102
0.198
0.161
0.195
0.259
0.160
0.161
0.171
0.129
0.182
0.143
0.101
0.163
0.169
0.198
0.234
0.153
0.149
0.111
0.191
0.248
0.179
0.122
0.239
0.295
0.123
0.109
0.215
0.251
0.189
0.287
0.112
0.226
0.159
0.210
0.185
0.136
0.206
0.119
0.123
0.173
0.196
0.172
0.181
0.212
0.174
0.102
0.087
0.167
0.174
0.173
0.175
0.134
0.125
0.211
0.145
0.186
0.147
0.151
0.246
0.232
0.150
0.286
0.229
0.234
0.159
0.121
0.225
0.262
0.103
0.224
0.168
0.123
0.103
0.221
0.131
0.117
0.137
0.123
0.174
0.140
0.103
0.215
0.204
0.218
0.208
0.113
0.198
0.186
0.192
0.094
0.114
0.219
0.151
0.270
0.158
0.210
0.195
0.121
0.281
0.128
0.234
0.225
0.146
0.133
0.183
0.252
0.235
0.148
0.135
0.175
0.211
0.024
0.121
0.094
0.137
0.099
0.225
0.245
0.103
0.115
0.234
0.113
0.179
0.181
0.078
0.112
0.220
0.313
0.147
0.177
0.171
0.231
0.166
0.212
0.147
0.182
0.159
0.095
0.149
0.220
0.165
0.231
0.124
0.129
0.232
0.137
0.165
0.211
0.200
0.257
0.145
0.142
0.168
0.103
0.126
0.204
0.206
0.188
0.206
0.222
0.090
0.153
0.192
0.119
0.113
0.089
0.162
0.147
0.199
0.153
0.161
0.189
0.171
0.224
0.117
0.185
0.242
0.183
0.154
0.124
0.102
0.184
0.216
0.212
0.152
0.094
0.223
0.242
0.217
0.094
0.104
0.178
0.115
0.142
0.126
0.169
0.183
0.118
0.240
0.239
0.222
0.164
0.133
0.296
0.228
0.249
0.220
0.233
0.207
0.195
0.195
0.249
0.180
0.149
0.197
0.170
0.092
0.123
0.138
0.196
0.176
0.141
0.109
0.100
0.103
0.147
0.093
0.100
0.162
0.199
0.179
0.138
0.176
0.201
0.246
0.183
0.176
0.210
0.246
0.248
0.255
0.232
0.261
0.111
0.208
0.251
0.230
0.219
0.233
0.111
0.094
0.195
0.223
0.159
0.148
0.099
0.201
0.166
0.218
0.169
0.246
0.139
0.177
0.233
0.106
0.212
0.122
0.172
0.115
0.153
0.171
0.137
0.211
0.179
0.173
0.092
0.188
0.124
0.196
0.205
0.094
0.197
0.182
0.241
0.208
0.218
0.163
0.215
0.079
0.199
0.131
0.228
0.250
0.307
0.235
0.115
0.216
0.203
0.144
0.122
0.214
0.135
0.131
0.185
0.096
0.171
0.148
0.272
0.122
0.247
0.176
0.130
0.139
0.251
0.134
0.123
0.237
0.101
0.201
0.279
0.110
0.124
0.194
0.194
0.119
0.193
0.158
0.230
0.111
0.146
0.113
0.132
0.162
0.102
0.259
0.265
0.127
0.065
0.227
0.130
0.099
0.209
0.224
0.255
0.175
0.108
0.165
0.192
0.139
0.140
0.155
0.107
0.199
0.173
0.169
0.092
0.263
0.095
0.147
0.132
0.209
0.133
0.101
0.233
0.119
0.128
0.128
0.218
0.209
0.218
0.197
0.133
0.114
0.163
0.172
0.240
0.149
0.175
0.220
0.229
0.246
0.162
0.122
0.200
0.148
0.267
0.128
0.164
0.201
0.295
0.176
0.104
0.154
0.110
0.211
0.097
0.164
0.169
0.123
0.212
0.106
0.193
0.140
0.223
0.133
0.197
0.185
0.123
0.217
0.234
0.199
0.153
0.250
0.231
0.124
0.136
0.111
0.149
0.235
0.106
0.218
0.177
0.209
0.160
0.211
0.133
0.167
0.219
0.184
0.230
0.134
0.215
0.204
0.149
0.115
0.143
0.207
0.115
0.194
0.100
0.130
0.149
0.265
0.197
0.217
0.227
0.106
0.148
0.222
0.121
0.114
0.116
0.140
0.237
0.141
0.107
0.206
0.149
0.145
0.210
0.224
0.211
0.255
0.267
0.219
0.182
0.135
0.204
0.103
0.174
0.171
0.153
0.124
0.148
0.146
0.222
0.162
0.108
0.295
0.243
0.198
0.092
0.236
0.251
0.215
0.175
0.158
0.199
0.232
0.142
0.222
0.214
0.085
0.172
0.256
0.242
0.103
0.196
0.165
0.149
0.281
0.154
0.236
0.214
0.180
0.088
0.151
0.198
0.086
0.201
0.305
0.111
0.152
0.113
0.078
0.116
0.147
0.195
0.204
0.139
0.150
0.159
0.106
0.199
0.248
0.185
0.125
0.270
0.097
0.108
0.106
0.287
0.172
0.139
0.215
0.274
0.202
0.117
0.094
0.095
0.153
0.179
0.132
0.124
0.208
0.093
0.235
0.213
0.127
0.198
0.256
0.159
0.220
0.131
0.241
0.170
0.133
0.167
0.150
0.307
0.243
0.190
0.266
0.283
0.085
0.212
0.159
0.151
0.142
0.106
0.249
0.241
0.123
0.172
0.187
0.071
0.231
0.229
0.246
0.251
0.192
0.252
0.159
0.216
0.200
0.182
0.239
0.237
0.255
0.248
0.141
0.168
0.208
0.095
0.166
0.187
0.167
0.198
0.188
0.115
0.091
0.135
0.207
0.265
0.022
0.189
0.181
0.221
0.025
0.136
0.137
0.139
0.231
0.126
0.105
0.157
0.185
0.113
0.132
0.172
0.095
0.101
0.125
0.098
0.198
0.206
0.169
0.273
0.199
0.094
0.134
0.145
0.100
0.187
0.208
0.225
0.127
0.201
0.114
0.190
0.151
0.206
0.152
0.204
0.153
0.247
0.149
0.216
0.250
0.199
0.210
0.142
0.195
0.165
0.240
0.117
0.151
0.269
0.190
0.094
0.237
0.181
0.140
0.191
0.192
0.194
0.179
0.220
0.251
0.194
0.180
0.266
0.120
0.151
0.102
0.266
0.257
0.262
0.134
0.183
0.178
0.224
0.191
0.182
0.230
0.194
0.196
0.239
0.169
0.208
0.184
0.166
0.213
0.166
0.121
0.098
0.192
0.205
0.186
0.232
0.078
0.133
0.215
0.194
0.173
0.180
0.168
0.134
0.027
0.252
0.117
0.133
0.152
0.198
0.239
0.159
0.259
0.130
0.260
0.194
0.207
0.187
0.221
0.162
0.179
0.113
0.202
0.160
0.031
0.261
0.189
0.176
0.260
0.141
0.188
0.174
0.226
0.215
0.208
0.132
0.099
0.164
0.181
0.142
0.149
0.170
0.213
0.182
0.097
0.235
0.104
0.197
0.187
0.095
0.202
0.136
0.196
0.210
0.213
0.187
0.307
0.135
0.178
0.200
0.297
0.151
0.240
0.169
0.138
0.101
0.206
0.169
0.170
0.101
0.152
0.158
0.187
0.196
0.226
0.119
0.172
0.119
0.251
0.271
0.109
0.121
0.136
0.251
0.211
0.207
0.025
0.105
0.204
0.239
0.259
0.216
0.305
0.125
0.184
0.138
0.167
0.228
0.199
0.137
0.137
0.122
0.235
0.199
0.196
0.020
0.179
0.094
0.172
0.174
0.197
0.156
0.241
0.153
0.150
0.102
0.214
0.135
0.096
0.203
0.089
0.191
0.310
0.210
0.174
0.115
0.255
0.132
0.228
0.163
0.203
0.188
0.220
0.242
0.252
0.099
0.138
0.115
0.118
0.218
0.254
0.229
0.274
0.155
0.248
0.228
0.128
0.211
0.186
0.137
0.126
0.161
0.209
0.182
0.158
0.182
0.205
0.287
0.217
0.249
0.159
0.149
0.136
0.131
0.229
0.187
0.091
0.113
0.168
0.194
0.201
0.102
0.256
0.203
0.138
0.109
0.124
0.128
0.115
0.254
0.305
0.151
0.229
0.098
0.244
0.159
0.113
0.145
0.263
0.149
0.236
0.086
0.132
0.169
0.187
0.189
0.079
0.189
0.154
0.111
0.258
0.116
0.129
0.132
0.161
0.103
0.191
0.180
0.149
0.159
0.165
0.173
0.246
0.188
0.112
0.131
0.106
0.237
0.099
0.235
0.092
0.139
0.143
0.169
0.153
0.235
0.205
0.293
0.163
0.113
0.228
0.120
0.195
0.217
0.213
0.106
0.235
0.175
0.094
0.166
0.193
0.181
0.108
0.155
0.273
0.173
0.170
0.188
0.273
0.238
0.101
0.181
0.202
0.235
0.156
0.133
0.227
0.193
0.221
0.114
0.197
0.293
0.124
0.207
0.137
0.166
0.234
0.279
0.233
0.111
0.325
0.338
0.221
0.138
0.183
0.196
0.203
0.131
0.251
0.270
0.138
0.156
0.103
0.134
0.126
0.195
0.153
0.128
0.253
0.239
0.183
0.222
0.107
0.168
0.222
0.120
0.256
0.177
0.097
0.185
0.125
0.218
0.196
0.121
0.244
0.184
0.111
0.135
0.220
0.148
0.130
0.128
0.125
0.230
0.213
0.096
0.142
0.185
0.239
0.232
0.259
0.146
0.205
0.157
0.121
0.195
0.234
0.217
0.179
0.225
0.133
0.153
0.244
0.211
0.173
0.091
0.191
0.186
0.118
0.209
0.197
0.210
0.190
0.183
0.239
0.196
0.280
0.142
0.201
0.124
0.273
0.088
0.217
0.230
0.036
0.185
0.255
0.211
0.205
0.229
0.126
0.245
0.104
0.203
0.183
0.109
0.245
0.161
0.146
0.093
0.228
0.169
0.135
0.104
0.107
0.307
0.247
0.230
0.128
0.206
0.144
0.188
0.121
0.170
0.121
0.172
0.208
0.148
0.289
0.115
0.142
0.141
0.172
0.197
0.104
0.126
0.212
0.213
0.186
0.274
0.102
0.140
0.217
0.214
0.138
0.198
0.197
0.150
0.195
0.214
0.096
0.215
0.109
0.113
0.172
0.194
0.096
0.181
0.188
0.128
0.173
0.266
0.175
0.119
0.121
0.101
0.248
0.147
0.154
0.133
0.208
0.121
0.138
0.199
0.124
0.111
0.198
0.160
0.126
0.239
0.159
0.182
0.132
0.215
0.233
0.192
0.200
0.168
0.172
0.188
0.151
0.100
0.189
0.144
0.193
0.138
0.104
0.215
0.163
0.115
0.177
0.197
0.274
0.200
0.204
0.101
0.168
0.116
0.203
0.196
0.100
0.196
0.137
0.222
0.091
0.137
0.131
0.236
0.140
0.204
0.171
0.151
0.276
0.274
0.160
0.137
0.233
0.212
0.093
0.138
0.179
0.196
0.154
0.131
0.183
0.254
0.178
0.182
0.163
0.121
0.208
0.203
0.109
0.107
0.268
0.146
0.125
0.122
0.164
0.124
0.139
0.294
0.105
0.235
0.248
0.104
0.082
0.186
0.245
0.229
0.031
0.244
0.176
0.142
0.219
0.183
0.129
0.113
0.178
0.194
0.079
0.229
0.140
0.129
0.200
0.172
0.106
0.114
0.136
0.273
0.105
0.157
0.131
0.229
0.206
0.217
0.196
0.184
0.219
0.145
0.174
0.222
0.209
0.238
0.358
0.084
0.112
0.226
0.123
0.268
0.202
0.129
0.184
0.281
0.128
0.261
0.245
0.176
0.246
0.183
0.158
0.189
0.154
0.179
0.212
0.173
0.136
0.198
0.267
0.258
0.161
0.219
0.212
0.177
0.148
0.151
0.088
0.155
0.220
0.094
0.155
0.278
0.228
0.103
0.189
0.122
0.120
0.209
0.201
0.107
0.175
0.112
0.121
0.118
0.156
0.133
0.144
0.171
0.183
0.168
0.251
0.162
0.146
0.211
0.156
0.210
0.159
0.263
0.264
0.253
0.123
0.164
0.136
0.221
0.222
0.239
0.209
0.207
0.096
0.163
0.258
0.209
0.084
0.115
0.237
0.140
0.227
0.249
0.102
0.102
0.226
0.282
0.285
0.225
0.177
0.184
0.158
0.139
0.203
0.174
0.174
0.307
0.112
0.210
0.178
0.163
0.222
0.237
0.135
0.233
0.091
0.104
0.164
0.217
0.254
0.251
0.154
0.162
0.132
0.202
0.140
0.171
0.115
0.217
0.096
0.151
0.137
0.132
0.309
0.214
0.121
0.254
0.142
0.146
0.145
0.191
0.284
0.212
0.135
0.255
0.210
0.251
0.136
0.182
0.102
0.104
0.318
0.261
0.112
0.159
0.127
0.098
0.165
0.227
0.210
0.120
0.112
0.196
0.205
0.225
0.133
0.145
0.156
0.124
0.142
0.107
0.175
0.164
0.282
0.133
0.097
0.220
0.144
0.262
0.195
0.133
0.091
0.102
0.262
0.228
0.149
0.137
0.210
0.184
0.122
0.201
0.122
0.107
0.183
0.108
0.143
0.167
0.228
0.165
0.147
0.190
0.107
0.202
0.189
0.138
0.166
0.184
0.157
0.206
0.265
0.198
0.166
0.152
0.198
0.150
0.190
0.240
0.269
0.224
0.171
0.144
0.156
0.106
0.212
0.099
0.163
0.228
0.099
0.168
0.226
0.242
0.203
0.221
0.173
0.107
0.120
0.140
0.197
0.193
0.190
0.271
0.161
0.136
0.158
0.123
0.233
0.187
0.203
0.174
0.200
0.156
0.112
0.095
0.182
0.147
0.197
0.122
0.096
0.142
0.206
0.217
0.198
0.124
0.176
0.202
0.194
0.137
0.140
0.205
0.233
0.164
0.234
0.234
0.113
0.202
0.095
0.034
0.285
0.097
0.128
0.235
0.171
0.138
0.143
0.179
0.253
0.114
0.111
0.172
0.205
0.117
0.120
0.190
0.107
0.258
0.204
0.178
0.109
0.157
0.115
0.075
0.208
0.281
0.111
0.227
0.151
0.151
0.116
0.144
0.178
0.153
0.193
0.130
0.156
0.194
0.224
0.182
0.136
0.110
0.150
0.208
0.147
0.219
0.124
0.131
0.106
0.250
0.216
0.118
0.099
0.186
0.133
0.207
0.234
0.253
0.202
0.139
0.199
0.116
0.157
0.208
0.124
0.185
0.153
0.178
0.224
0.182
0.177
0.205
0.133
0.108
0.131
0.262
0.213
0.204
0.145
0.110
0.215
0.169
0.126
0.258
0.197
0.185
0.253
0.092
0.197
0.239
0.196
0.091
0.173
0.149
0.199
0.126
0.147
0.109
0.093
0.148
0.139
0.136
0.188
0.178
0.158
0.114
0.177
0.173
0.215
0.105
0.096
0.102
0.291
0.198
0.113
0.076
0.135
0.099
0.129
0.166
0.219
0.124
0.165
0.233
0.232
0.163
0.184
0.160
0.113
0.209
0.184
0.157
0.195
0.138
0.223
0.224
0.098
0.245
0.174
0.141
0.202
0.157
0.300
0.166
0.217
0.168
0.189
0.128
0.143
0.134
0.160
0.164
0.220
0.160
0.194
0.123
0.236
0.103
0.187
0.113
0.151
0.196
0.200
0.203
0.199
0.132
0.164
0.126
0.160
0.248
0.120
0.193
0.183
0.186
0.190
0.160
0.183
0.235
0.191
0.137
0.149
0.257
0.190
0.227
0.167
0.272
0.136
0.296
0.265
0.229
0.208
0.269
0.110
0.207
0.111
0.104
0.079
0.259
0.083
0.223
0.087
0.137
0.171
0.116
0.126
0.124
0.100
0.261
0.209
0.140
0.175
0.141
0.190
0.279
0.196
0.179
0.143
0.292
0.135
0.221
0.137
0.089
0.194
0.159
0.245
0.239
0.181
0.187
0.192
0.178
0.222
0.208
0.113
0.179
0.169
0.140
0.243
0.234
0.212
0.205
0.180
0.170
0.217
0.208
0.242
0.218
0.158
0.126
0.225
0.146
0.336
0.138
0.097
0.108
0.148
0.137
0.120
0.110
0.111
0.168
0.212
0.203
0.217
0.101
0.101
0.159
0.099
0.130
0.160
0.260
0.145
0.258
0.221
0.238
0.107
0.112
0.258
0.108
0.188
0.216
0.138
0.262
0.132
0.139
0.104
0.277
0.135
0.083
0.141
0.122
0.101
0.114
0.116
0.238
0.123
0.191
0.226
0.205
0.174
0.187
0.101
0.106
0.100
0.109
0.131
0.112
0.028
0.163
0.104
0.126
0.165
0.116
0.166
0.201
0.092
0.177
0.204
0.235
0.180
0.224
0.182
0.196
0.196
0.284
0.143
0.174
0.121
0.219
0.164
0.101
0.131
0.202
0.105
0.286
0.171
0.217
0.171
0.197
0.159
0.081
0.088
0.268
0.145
0.205
0.144
0.195
0.114
0.194
0.238
0.208
0.167
0.093
0.182
0.114
0.156
0.161
0.082
0.166
0.175
0.166
0.076
0.183
0.215
0.189
0.121
0.128
0.191
0.192
0.272
0.176
0.131
0.224
0.141
0.219
0.127
0.102
0.179
0.225
0.147
0.181
0.174
0.103
0.167
0.129
0.213
0.220
0.189
0.100
0.185
0.166
0.259
0.208
0.120
0.142
0.129
0.241
0.206
0.187
0.172
0.199
0.116
0.187
0.207
0.251
0.152
0.125
0.215
0.094
0.224
0.180
0.117
0.119
0.135
0.191
0.171
0.108
0.204
0.151
0.133
0.241
0.188
0.123
0.126
0.178
0.183
0.170
0.216
0.178
0.144
0.100
0.169
0.100
0.114
0.221
0.213
0.191
0.108
0.238
0.136
0.206
0.198
0.204
0.227
0.024
0.163
0.184
0.161
0.182
0.235
0.101
0.080
0.096
0.179
0.260
0.196
0.086
0.234
0.226
0.203
0.082
0.172
0.169
0.255
0.125
0.248
0.103
0.139
0.135
0.153
0.195
0.247
0.153
0.188
0.125
0.149
0.130
0.162
0.233
0.182
0.154
0.092
0.127
0.272
0.111
0.094
0.132
0.182
0.277
0.098
0.145
0.147
0.167
0.140
0.113
0.140
0.095
0.238
0.244
0.197
0.285
0.161
0.289
0.217
0.237
0.283
0.168
0.180
0.090
0.114
0.172
0.242
0.184
0.191
0.217
0.244
0.158
0.248
0.103
0.185
0.207
0.186
0.102
0.245
0.207
0.205
0.238
0.113
0.167
0.129
0.139
0.189
0.181
0.161
0.146
0.231
0.114
0.245
0.168
0.199
0.117
0.195
0.363
0.148
0.189
0.116
0.206
0.182
0.108
0.231
0.191
0.308
0.165
0.110
0.136
0.156
0.188
0.241
0.208
0.266
0.140
0.158
0.163
0.248
0.175
0.207
0.240
0.121
0.156
0.211
0.193
0.301
0.153
0.178
0.153
0.155
0.223
0.132
0.274
0.170
0.184
0.132
0.208
0.264
0.142
0.190
0.290
0.176
0.202
0.121
0.171
0.201
0.090
0.309
0.269
0.231
0.141
0.200
0.118
0.161
0.113
0.137
0.207
0.206
0.118
0.230
0.152
0.184
0.244
0.133
0.117
0.145
0.120
0.222
0.161
0.084
0.094
0.227
0.220
0.124
0.232
0.234
0.123
0.122
0.152
0.142
0.205
0.118
0.164
0.179
0.156
0.266
0.108
0.115
0.251
0.173
0.138
0.094
0.177
0.148
0.178
0.306
0.161
0.215
0.140
0.131
0.130
0.166
0.240
0.127
0.138
0.158
0.270
0.229
0.189
0.256
0.146
0.095
0.111
0.161
0.106
0.173
0.180
0.209
0.306
0.112
0.124
0.081
0.199
0.153
0.129
0.262
0.166
0.245
0.271
0.262
0.120
0.157
0.113
0.219
0.267
0.113
0.094
0.180
0.216
0.204
0.185
0.140
0.103
0.195
0.239
0.179
0.140
0.098
0.254
0.172
0.203
0.131
0.165
0.192
0.215
0.082
0.150
0.112
0.152
0.105
0.218
0.175
0.181
0.189
0.108
0.236
0.131
0.236
0.103
0.251
0.179
0.121
0.109
0.126
0.200
0.116
0.107
0.120
0.198
0.239
0.105
0.178
0.158
0.280
0.090
0.100
0.268
0.147
0.164
0.139
0.127
0.124
0.231
0.248
0.095
0.209
0.180
0.190
0.160
0.198
0.094
0.121
0.285
0.132
0.233
0.228
0.201
0.129
0.220
0.134
0.219
0.187
0.097
0.241
0.086
0.112
0.175
0.253
0.269
0.103
0.175
0.158
0.145
0.296
0.206
0.186
0.187
0.145
0.240
0.142
0.125
0.026
0.123
0.189
0.266
0.214
0.210
0.235
0.161
0.198
0.182
0.089
0.217
0.163
0.193
0.183
0.234
0.177
0.194
0.254
0.232
0.176
0.137
0.205
0.218
0.214
0.179
0.251
0.158
0.164
0.181
0.176
0.163
0.148
0.151
0.156
0.100
0.178
0.094
0.149
0.110
0.178
0.175
0.135
0.212
0.155
0.230
0.179
0.132
0.122
0.242
0.166
0.174
0.136
0.130
0.274
0.248
0.180
0.113
0.097
0.172
0.202
0.110
0.093
0.166
0.170
0.160
0.268
0.112
0.151
0.204
0.168
0.103
0.170
0.174
0.165
0.194
0.152
0.245
0.130
0.225
0.264
0.198
0.124
0.137
0.095
0.169
0.263
0.111
0.148
0.227
0.112
0.265
0.109
0.158
0.129
0.083
0.251
0.151
0.108
0.129
0.202
0.128
0.261
0.201
0.106
0.159
0.153
0.187
0.109
0.156
0.220
0.190
0.220
0.251
0.132
0.221
0.144
0.128
0.227
0.155
0.143
0.151
0.182
0.106
0.129
0.179
0.189
0.176
0.188
0.259
0.093
0.205
0.195
0.158
0.160
0.164
0.024
0.136
0.087
0.144
0.215
0.107
0.229
0.124
0.167
0.168
0.187
0.263
0.186
0.120
0.113
0.177
0.118
0.275
0.273
0.083
0.207
0.204
0.248
0.232
0.103
0.209
0.200
0.271
0.266
0.202
0.198
0.135
0.187
0.206
0.111
0.216
0.095
0.133
0.107
0.130
0.222
0.257
0.163
0.217
0.201
0.190
0.196
0.153
0.139
0.136
0.135
0.206
0.152
0.253
0.142
0.141
0.211
0.135
0.121
0.128
0.269
0.232
0.244
0.118
0.151
0.196
0.106
0.093
0.210
0.163
0.105
0.153
0.131
0.156
0.104
0.151
0.194
0.206
0.194
0.120
0.246
0.217
0.224
0.219
0.218
0.161
0.200
0.207
0.152
0.104
0.100
0.207
0.231
0.146
0.129
0.139
0.281
0.183
0.189
0.141
0.186
0.118
0.214
0.175
0.228
0.117
0.186
0.120
0.180
0.183
0.254
0.112
0.132
0.084
0.111
0.233
0.267
0.135
0.260
0.265
0.208
0.082
0.213
0.150
0.250
0.022
0.257
0.175
0.125
0.177
0.187
0.233
0.242
0.135
0.250
0.250
0.099
0.166
0.175
0.149
0.128
0.120
0.218
0.209
0.187
0.210
0.206
0.240
0.167
0.099
0.231
0.122
0.146
0.146
0.117
0.174
0.090
0.259
0.150
0.188
0.202
0.227
0.198
0.095
0.257
0.280
0.185
0.122
0.133
0.194
0.146
0.212
0.183
0.198
0.131
0.196
0.252
0.278
0.123
0.136
0.217
0.082
0.160
0.261
0.130
0.175
0.206
0.189
0.109
0.200
0.115
0.185
0.189
0.194
0.278
0.245
0.125
0.160
0.192
0.116
0.142
0.163
0.216
0.198
0.168
0.177
0.163
0.119
0.182
0.124
0.183
0.235
0.232
0.147
0.224
0.148
0.176
0.129
0.198
0.154
0.181
0.273
0.231
0.148
0.175
0.274
0.122
0.166
0.142
0.189
0.217
0.231
0.139
0.177
0.203
0.226
0.159
0.170
0.184
0.150
0.138
0.183
0.311
0.169
0.227
0.109
0.220
0.117
0.187
0.278
0.140
0.093
0.197
0.119
0.210
0.170
0.086
0.107
0.245
0.095
0.219
0.256
0.117
0.183
0.223
0.174
0.258
0.182
0.135
0.131
0.164
0.186
0.251
0.193
0.184
0.149
0.110
0.167
0.184
0.268
0.222
0.265
0.131
0.239
0.092
0.097
0.219
0.205
0.243
0.156
0.168
0.160
0.310
0.176
0.235
0.106
0.160
0.192
0.126
0.231
0.166
0.184
0.162
0.270
0.098
0.160
0.229
0.216
0.110
0.105
0.273
0.141
0.210
0.164
0.261
0.110
0.125
0.177
0.209
0.193
0.201
0.178
0.200
0.239
0.230
0.189
0.132
0.164
0.123
0.123
0.236
0.270
0.235
0.247
0.183
0.224
0.183
0.210
0.271
0.216
0.136
0.136
0.152
0.186
0.118
0.142
0.154
0.136
0.134
0.135
0.195
0.118
0.147
0.237
0.212
0.087
0.192
0.183
0.134
0.033
0.111
0.150
0.255
0.272
0.130
0.030
0.089
0.283
0.112
0.113
0.254
0.165
0.221
0.206
0.116
0.202
0.198
0.285
0.100
0.141
0.217
0.111
0.152
0.172
0.120
0.200
0.221
0.169
0.191
0.210
0.115
0.131
0.181
0.139
0.206
0.233
0.146
0.182
0.181
0.113
0.129
0.239
0.162
0.125
0.121
0.108
0.189
0.197
0.165
0.277
0.158
0.229
0.163
0.109
0.123
0.128
0.200
0.207
0.160
0.217
0.252
0.179
0.254
0.098
0.154
0.131
0.165
0.131
0.245
0.156
0.135
0.211
0.133
0.223
0.153
0.150
0.192
0.199
0.188
0.100
0.135
0.201
0.129
0.147
0.144
0.213
0.162
0.099
0.198
0.150
0.136
0.190
0.212
0.105
0.112
0.145
0.103
0.231
0.095
0.127
0.175
0.105
0.204
0.245
0.194
0.266
0.232
0.203
0.104
0.117
0.221
0.183
0.158
0.320
0.241
0.274
0.239
0.248
0.172
0.088
0.228
0.107
0.113
0.163
0.236
0.286
0.167
0.185
0.146
0.177
0.195
0.179
0.275
0.139
0.157
0.192
0.137
0.134
0.089
0.215
0.211
0.245
0.205
0.174
0.110
0.140
0.253
0.151
0.179
0.221
0.281
0.080
0.140
0.086
0.100
0.119
0.170
0.191
0.149
0.123
0.188
0.268
0.118
0.102
0.169
0.209
0.095
0.302
0.200
0.249
0.093
0.168
0.151
0.123
0.233
0.110
0.271
0.125
0.113
0.178
0.187
0.127
0.195
0.213
0.098
0.169
0.192
0.136
0.153
0.109
0.251
0.156
0.155
0.124
0.112
0.107
0.252
0.148
0.145
0.124
0.188
0.149
0.096
0.279
0.114
0.101
0.288
0.163
0.245
0.160
0.165
0.173
0.206
0.107
0.191
0.136
0.113
0.310
0.244
0.254
0.261
0.159
0.140
0.175
0.096
0.101
0.215
0.139
0.147
0.231
0.113
0.243
0.097
0.164
0.170
0.110
0.131
0.130
0.191
0.246
0.145
0.215
0.128
0.094
0.152
0.146
0.177
0.128
0.173
0.218
0.154
0.211
0.108
0.103
0.164
0.117
0.103
0.214
0.222
0.124
0.169
0.249
0.170
0.164
0.154
0.099
0.119
0.278
0.135
0.244
0.271
0.116
0.182
0.150
0.127
0.188
0.179
0.186
0.193
0.185
0.154
0.118
0.154
0.076
0.249
0.166
0.249
0.085
0.253
0.202
0.189
0.105
0.223
0.139
0.189
0.171
0.190
0.248
0.115
0.235
0.190
0.206
0.104
0.097
0.123
0.090
0.236
0.110
0.126
0.198
0.111
0.231
0.103
0.240
0.188
0.160
0.194
0.208
0.279
0.179
0.100
0.248
0.204
0.122
0.165
0.135
0.130
0.107
0.159
0.203
0.192
0.140
0.204
0.218
0.133
0.270
0.110
0.199
0.174
0.182
0.126
0.173
0.088
0.090
0.154
0.187
0.181
0.231
0.115
0.124
0.200
0.221
0.110
0.110
0.127
0.145
0.114
0.139
0.220
0.181
0.255
0.263
0.101
0.129
0.225
0.170
0.252
0.207
0.156
0.166
0.102
0.207
0.102
0.237
0.207
0.103
0.203
0.138
0.173
0.212
0.208
0.118
0.159
0.214
0.091
0.128
0.114
0.210
0.124
0.111
0.167
0.095
0.188
0.256
0.215
0.191
0.277
0.170
0.223
0.225
0.139
0.229
0.146
0.156
0.104
0.155
0.277
0.154
0.167
0.189
0.185
0.204
0.187
0.141
0.117
0.233
0.240
0.145
0.278
0.210
0.251
0.186
0.163
0.236
0.095
0.136
0.227
0.099
0.213
0.180
0.186
0.162
0.211
0.221
0.206
0.184
0.236
0.117
0.211
0.100
0.127
0.158
0.101
0.193
0.207
0.103
0.158
0.233
0.224
0.170
0.240
0.168
0.207
0.215
0.122
0.125
0.125
0.209
0.122
0.239
0.210
0.191
0.131
0.100
0.110
0.098
0.106
0.117
0.113
0.119
0.120
0.101
0.168
0.109
0.077
0.124
0.120
0.213
0.104
0.143
0.116
0.262
0.130
0.212
0.092
0.243
0.217
0.208
0.186
0.117
0.129
0.133
0.204
0.096
0.134
0.116
0.183
0.250
0.191
0.137
0.259
0.254
0.128
0.136
0.091
0.131
0.108
0.175
0.125
0.179
0.205
0.107
0.217
0.081
0.254
0.186
0.105
0.188
0.190
0.221
0.202
0.217
0.115
0.092
0.113
0.256
0.168
0.209
0.112
0.099
0.180
0.272
0.245
0.187
0.173
0.151
0.247
0.206
0.233
0.105
0.100
0.300
0.094
0.218
0.212
0.190
0.205
0.229
0.177
0.202
0.192
0.164
0.167
0.215
0.090
0.114
0.209
0.172
0.256
0.097
0.155
0.148
0.153
0.208
0.108
0.173
0.147
0.225
0.150
0.133
0.272
0.194
0.104
0.202
0.171
0.206
0.142
0.253
0.108
0.179
0.223
0.193
0.163
0.285
0.215
0.159
0.152
0.221
0.093
0.163
0.197
0.109
0.227
0.161
0.181
0.119
0.213
0.261
0.151
0.180
0.110
0.157
0.122
0.161
0.108
0.182
0.110
0.160
0.163
0.236
0.183
0.118
0.214
0.184
0.122
0.209
0.223
0.124
0.192
0.130
0.224
0.116
0.201
0.197
0.196
0.198
0.247
0.114
0.136
0.130
0.111
0.234
0.242
0.152
0.099
0.166
0.162
0.101
0.238
0.134
0.186
0.095
0.191
0.217
0.169
0.200
0.148
0.206
0.194
0.148
0.248
0.233
0.211
0.101
0.189
0.154
0.205
0.119
0.114
0.227
0.264
0.180
0.188
0.087
0.331
0.215
0.155
0.145
0.146
0.292
0.181
0.202
0.115
0.140
0.129
0.189
0.148
0.159
0.181
0.128
0.104
0.195
0.105
0.264
0.261
0.219
0.137
0.166
0.206
0.262
0.227
0.107
0.142
0.280
0.163
0.210
0.245
0.227
0.114
0.211
0.168
0.182
0.152
0.100
0.149
0.176
0.156
0.146
0.131
0.108
0.189
0.173
0.115
0.169
0.219
0.130
0.182
0.187
0.138
0.269
0.252
0.166
0.179
0.160
0.098
0.167
0.303
0.218
0.232
0.235
0.194
0.124
0.254
0.145
0.082
0.188
0.102
0.222
0.139
0.154
0.170
0.184
0.215
0.106
0.286
0.146
0.144
0.245
0.158
0.196
0.130
0.151
0.150
0.181
0.180
0.130
0.180
0.195
0.233
0.193
0.246
0.182
0.194
0.179
0.133
0.127
0.238
0.098
0.189
0.230
0.218
0.086
0.165
0.161
0.216
0.241
0.136
0.095
0.144
0.087
0.258
0.195
0.266
0.108
0.156
0.244
0.187
0.121
0.185
0.231
0.099
0.102
0.102
0.164
0.198
0.248
0.254
0.231
0.255
0.235
0.085
0.100
0.165
0.027
0.196
0.136
0.131
0.217
0.264
0.176
0.125
0.103
0.192
0.169
0.168
0.233
0.262
0.241
0.111
0.097
0.190
0.225
0.028
0.183
0.248
0.220
0.097
0.117
0.203
0.181
0.186
0.137
0.113
0.193
0.186
0.284
0.157
0.171
0.101
0.115
0.091
0.175
0.125
0.201
0.133
0.277
0.142
0.194
0.111
0.088
0.208
0.168
0.183
0.212
0.148
0.138
0.220
0.170
0.167
0.154
0.146
0.099
0.191
0.170
0.193
0.207
0.185
0.226
0.233
0.087
0.281
0.123
0.218
0.149
0.214
0.153
0.170
0.103
0.148
0.251
0.112
0.198
0.205
0.192
0.205
0.173
0.121
0.231
0.103
0.182
0.180
0.147
0.212
0.120
0.155
0.196
0.223
0.120
0.191
0.161
0.124
0.150
0.218
0.116
0.116
0.189
0.226
0.216
0.213
0.195
0.149
0.205
0.181
0.107
0.116
0.205
0.259
0.184
0.163
0.082
0.112
0.123
0.110
0.118
0.227
0.219
0.249
0.112
0.204
0.273
0.200
0.128
0.226
0.121
0.171
0.112
0.182
0.172
0.232
0.147
0.213
0.207
0.159
0.129
0.135
0.167
0.248
0.169
0.110
0.094
0.122
0.119
0.167
0.164
0.093
0.251
0.202
0.210
0.265
0.180
0.240
0.090
0.188
0.126
0.122
0.122
0.114
0.193
0.147
0.283
0.187
0.108
0.237
0.228
0.103
0.109
0.188
0.284
0.129
0.205
0.114
0.129
0.245
0.116
0.257
0.280
0.116
0.141
0.132
0.128
0.209
0.262
0.155
0.136
0.107
0.193
0.298
0.137
0.118
0.239
0.092
0.101
0.164
0.262
0.134
0.097
0.110
0.203
0.173
0.195
0.174
0.222
0.195
0.151
0.116
0.110
0.253
0.152
0.143
0.273
0.207
0.188
0.276
0.214
0.023
0.201
0.205
0.180
0.230
0.198
0.116
0.104
0.227
0.237
0.175
0.190
0.205
0.110
0.169
0.148
0.259
0.171
0.235
0.169
0.188
0.133
0.157
0.154
0.230
0.173
0.103
0.106
0.274
0.220
0.145
0.121
0.124
0.117
0.128
0.188
0.186
0.132
0.184
0.191
0.230
0.134
0.180
0.155
0.141
0.107
0.160
0.134
0.161
0.207
0.180
0.178
0.174
0.116
0.264
0.174
0.161
0.180
0.259
0.147
0.166
0.092
0.108
0.115
0.123
0.146
0.201
0.231
0.220
0.160
0.189
0.119
0.170
0.098
0.155
0.123
0.215
0.208
0.166
0.239
0.128
0.230
0.126
0.167
0.245
0.101
0.241
0.206
0.189
0.128
0.154
0.128
0.244
0.209
0.162
0.145
0.184
0.110
0.260
0.101
0.197
0.092
0.245
0.106
0.218
0.123
0.138
0.220
0.199
0.109
0.214
0.154
0.169
0.121
0.115
0.131
0.124
0.100
0.256
0.131
0.099
0.160
0.233
0.113
0.195
0.143
0.186
0.114
0.102
0.171
0.239
0.105
0.118
0.167
0.109
0.223
0.183
0.166
0.236
0.117
0.150
0.125
0.099
0.122
0.101
0.187
0.204
0.196
0.123
0.173
0.179
0.190
0.177
0.161
0.207
0.121
0.126
0.094
0.132
0.143
0.116
0.149
0.113
0.231
0.099
0.165
0.231
0.224
0.270
0.166
0.179
0.122
0.250
0.131
0.092
0.088
0.170
0.168
0.156
0.220
0.207
0.215
0.153
0.045
0.210
0.194
0.145
0.130
0.100
0.153
0.131
0.125
0.138
0.167
0.172
0.164
0.137
0.158
0.224
0.226
0.021
0.146
0.230
0.140
0.115
0.122
0.133
0.160
0.275
0.140
0.237
0.270
0.296
0.134
0.138
0.146
0.244
0.240
0.101
0.202
0.108
0.132
0.183
0.156
0.118
0.132
0.203
0.094
0.194
0.250
0.112
0.105
0.258
0.220
0.211
0.111
0.098
0.265
0.168
0.247
0.152
0.124
0.159
0.265
0.230
0.148
0.115
0.190
0.185
0.266
0.230
0.184
0.142
0.217
0.116
0.180
0.188
0.110
0.207
0.241
0.113
0.028
0.106
0.173
0.126
0.143
0.256
0.143
0.137
0.168
0.150
0.216
0.239
0.115
0.227
0.183
0.133
0.196
0.205
0.073
0.148
0.224
0.126
0.186
0.177
0.163
0.308
0.132
0.223
0.172
0.157
0.130
0.189
0.193
0.023
0.095
0.197
0.171
0.240
0.212
0.166
0.165
0.123
0.225
0.119
0.150
0.294
0.239
0.133
0.138
0.195
0.176
0.117
0.087
0.231
0.157
0.209
0.185
0.144
0.158
0.166
0.216
0.147
0.164
0.194
0.107
0.232
0.116
0.160
0.097
0.027
0.221
0.136
0.101
0.195
0.195
0.155
0.227
0.254
0.151
0.149
0.124
0.249
0.205
0.219
0.227
0.147
0.073
0.142
0.268
0.256
0.163
0.120
0.159
0.188
0.194
0.093
0.102
0.099
0.191
0.110
0.214
0.229
0.169
0.243
0.172
0.249
0.149
0.177
0.233
0.094
0.080
0.153
0.162
0.092
0.204
0.169
0.237
0.248
0.122
0.126
0.133
0.250
0.187
0.270
0.213
0.124
0.178
0.201
0.269
0.169
0.093
0.219
0.179
0.195
0.230
0.148
0.158
0.142
0.188
0.146
0.161
0.112
0.224
0.145
0.287
0.244
0.123
0.137
0.311
0.025
0.113
0.179
0.111
0.126
0.095
0.104
0.158
0.191
0.111
0.223
0.257
0.199
0.134
0.242
0.222
0.184
0.204
0.164
0.242
0.216
0.138
0.266
0.124
0.185
0.222
0.249
0.250
0.152
0.270
0.237
0.134
0.193
0.135
0.228
0.263
0.211
0.217
0.133
0.130
0.083
0.119
0.131
0.210
0.101
0.154
0.082
0.178
0.183
0.097
0.199
0.165
0.188
0.145
0.185
0.181
0.095
0.175
0.171
0.110
0.149
0.187
0.180
0.283
0.232
0.196
0.131
0.071
0.153
0.111
0.201
0.181
0.190
0.140
0.145
0.149
0.218
0.153
0.133
0.124
0.102
0.132
0.158
0.230
0.155
0.083
0.158
0.209
0.161
0.204
0.106
0.196
0.154
0.236
0.103
0.194
0.150
0.138
0.136
0.137
0.168
0.192
0.111
0.278
0.095
0.214
0.102
0.119
0.183
0.170
0.195
0.169
0.124
0.202
0.107
0.106
0.185
0.228
0.140
0.102
0.196
0.187
0.203
0.105
0.116
0.214
0.184
0.192
0.092
0.123
0.232
0.257
0.106
0.252
0.022
0.162
0.111
0.132
0.184
0.099
0.245
0.165
0.180
0.134
0.169
0.210
0.217
0.171
0.261
0.263
0.115
0.125
0.091
0.187
0.188
0.241
0.260
0.104
0.122
0.161
0.177
0.230
0.189
0.184
0.030
0.102
0.168
0.210
0.079
0.222
0.113
0.248
0.283
0.128
0.157
0.160
0.123
0.229
0.182
0.195
0.114
0.096
0.185
0.155
0.175
0.144
0.198
0.134
0.220
0.217
0.114
0.217
0.240
0.273
0.184
0.112
0.246
0.202
0.125
0.128
0.158
0.134
0.100
0.138
0.105
0.178
0.128
0.174
0.215
0.246
0.186
0.185
0.176
0.128
0.180
0.231
0.285
0.219
0.195
0.205
0.210
0.133
0.150
0.184
0.178
0.108
0.226
0.206
0.140
0.219
0.198
0.160
0.204
0.164
0.197
0.034
0.226
0.134
0.121
0.260
0.138
0.097
0.211
0.156
0.140
0.207
0.215
0.116
0.233
0.145
0.099
0.162
0.104
0.141
0.155
0.185
0.218
0.129
0.235
0.129
0.143
0.019
0.168
0.091
0.217
0.210
0.211
0.124
0.211
0.152
0.149
0.268
0.185
0.155
0.175
0.170
0.105
0.142
0.211
0.219
0.086
0.120
0.259
0.091
0.218
0.148
0.227
0.231
0.199
0.239
0.032
0.207
0.220
0.215
0.286
0.177
0.233
0.183
0.135
0.129
0.246
0.182
0.120
0.177
0.218
0.150
0.184
0.182
0.149
0.132
0.268
0.184
0.158
0.195
0.196
0.125
0.222
0.174
0.126
0.186
0.118
0.117
0.230
0.092
0.157
0.242
0.156
0.142
0.194
0.157
0.175
0.216
0.193
0.192
0.167
0.118
0.111
0.087
0.149
0.141
0.241
0.166
0.134
0.145
0.071
0.214
0.198
0.209
0.183
0.172
0.078
0.122
0.116
0.095
0.149
0.091
0.141
0.130
0.198
0.203
0.106
0.222
0.096
0.123
0.255
0.146
0.146
0.143
0.267
0.113
0.185
0.121
0.053
0.132
0.222
0.205
0.198
0.214
0.248
0.251
0.093
0.107
0.133
0.225
0.243
0.117
0.270
0.142
0.102
0.117
0.121
0.170
0.265
0.157
0.101
0.124
0.163
0.134
0.146
0.112
0.181
0.118
0.193
0.110
0.220
0.210
0.167
0.110
0.159
0.208
0.179
0.302
0.222
0.208
0.164
0.212
0.167
0.156
0.172
0.219
0.212
0.173
0.089
0.239
0.129
0.161
0.172
0.108
0.087
0.119
0.172
0.200
0.177
0.234
0.167
0.250
0.151
0.144
0.133
0.189
0.208
0.214
0.108
0.136
0.193
0.166
0.212
0.104
0.148
0.212
0.241
0.237
0.223
0.192
0.202
0.129
0.080
0.242
0.163
0.196
0.161
0.237
0.192
0.121
0.115
0.158
0.215
0.212
0.142
0.200
0.099
0.246
0.117
0.130
0.149
0.181
0.099
0.196
0.134
0.180
0.261
0.202
0.197
0.184
0.095
0.250
0.203
0.159
0.087
0.165
0.171
0.121
0.153
0.242
0.102
0.264
0.115
0.270
0.155
0.096
0.227
0.193
0.174
0.141
0.187
0.129
0.285
0.096
0.100
0.109
0.201
0.079
0.191
0.151
0.194
0.180
0.133
0.025
0.232
0.167
0.133
0.102
0.214
0.118
0.130
0.184
0.160
0.103
0.219
0.089
0.228
0.114
0.202
0.193
0.169
0.107
0.207
0.162
0.210
0.219
0.166
0.148
0.156
0.157
0.115
0.148
0.166
0.157
0.121
0.131
0.129
0.129
0.103
0.203
0.183
0.149
0.211
0.153
0.140
0.142
0.171
0.153
0.131
0.111
0.157
0.122
0.128
0.247
0.117
0.094
0.200
0.098
0.149
0.182
0.111
0.205
0.116
0.270
0.287
0.159
0.112
0.200
0.106
0.103
0.106
0.121
0.224
0.268
0.243
0.224
0.183
0.137
0.230
0.138
0.130
0.030
0.191
0.276
0.185
0.113
0.194
0.183
0.123
0.153
0.191
0.184
0.248
0.111
0.193
0.179
0.203
0.106
0.200
0.108
0.247
0.180
0.168
0.170
0.165
0.119
0.203
0.121
0.195
0.174
0.142
0.124
0.267
0.171
0.105
0.185
0.221
0.208
0.232
0.205
0.128
0.241
0.121
0.157
0.220
0.181
0.209
0.214
0.120
0.240
0.182
0.112
0.235
0.213
0.270
0.145
0.284
0.278
0.135
0.106
0.191
0.102
0.173
0.230
0.092
0.171
0.141
0.185
0.160
0.121
0.118
0.154
0.220
0.117
0.165
0.144
0.135
0.149
0.108
0.093
0.230
0.124
0.203
0.228
0.173
0.133
0.198
0.158
0.127
0.120
0.173
0.091
0.109
0.127
0.222
0.124
0.118
0.096
0.185
0.147
0.237
0.163
0.147
0.116
0.116
0.174
0.140
0.205
0.110
0.255
0.278
0.143
0.147
0.185
0.183
0.115
0.193
0.117
0.164
0.258
0.221
0.150
0.170
0.111
0.230
0.179
0.118
0.112
0.202
0.097
0.237
0.237
0.091
0.178
0.109
0.245
0.137
0.125
0.162
0.133
0.218
0.027
0.212
0.123
0.204
0.240
0.108
0.163
0.128
0.165
0.270
0.284
0.145
0.178
0.145
0.235
0.142
0.226
0.268
0.186
0.232
0.253
0.227
0.300
0.143
0.218
0.258
0.123
0.192
0.114
0.174
0.191
0.209
0.132
0.188
0.167
0.127
0.274
0.160
0.088
0.109
0.122
0.131
0.219
0.178
0.176
0.197
0.215
0.224
0.115
0.176
0.162
0.098
0.210
0.116
0.111
0.228
0.137
0.175
0.145
0.248
0.142
0.233
0.185
0.163
0.159
0.128
0.143
0.241
0.117
0.223
0.104
0.123
0.213
0.106
0.181
0.143
0.195
0.037
0.186
0.115
0.073
0.296
0.130
0.201
0.232
0.159
0.169
0.205
0.232
0.119
0.236
0.223
0.088
0.186
0.105
0.187
0.236
0.173
0.127
0.184
0.177
0.144
0.103
0.160
0.108
0.108
0.108
0.257
0.167
0.250
0.139
0.149
0.363
0.141
0.130
0.165
0.126
0.093
0.129
0.083
0.105
0.240
0.275
0.122
0.248
0.125
0.106
0.242
0.173
0.190
0.152
0.261
0.191
0.181
0.109
0.161
0.148
0.158
0.260
0.125
0.121
0.166
0.150
0.235
0.255
0.112
0.097
0.125
0.178
0.172
0.179
0.033
0.209
0.180
0.173
0.126
0.153
0.144
0.225
0.175
0.106
0.171
0.150
0.106
0.173
0.125
0.105
0.153
0.199
0.160
0.196
0.077
0.122
0.132
0.203
0.244
0.207
0.129
0.216
0.179
0.179
0.122
0.270
0.154
0.159
0.172
0.145
0.163
0.089
0.200
0.105
0.162
0.218
0.114
0.178
0.186
0.106
0.169
0.163
0.129
0.209
0.128
0.276
0.234
0.228
0.254
0.143
0.137
0.160
0.207
0.285
0.210
0.135
0.190
0.139
0.232
0.194
0.235
0.100
0.169
0.199
0.218
0.220
0.101
0.155
0.172
0.113
0.208
0.137
0.234
0.220
0.180
0.262
0.159
0.233
0.032
0.179
0.128
0.228
0.267
0.187
0.126
0.239
0.147
0.081
0.136
0.132
0.213
0.145
0.131
0.176
0.206
0.134
0.233
0.180
0.128
0.245
0.110
0.152
0.118
0.189
0.212
0.207
0.149
0.146
0.116
0.192
0.181
0.230
0.102
0.078
0.170
0.179
0.132
0.182
0.214
0.182
0.068
0.166
0.221
0.136
0.235
0.120
0.095
0.125
0.143
0.142
0.199
0.181
0.104
0.122
0.281
0.129
0.170
0.216
0.133
0.163
0.085
0.114
0.114
0.127
0.175
0.146
0.084
0.179
0.183
0.147
0.193
0.273
0.271
0.150
0.094
0.130
0.198
0.109
0.164
0.117
0.135
0.179
0.208
0.144
0.162
0.234
0.215
0.174
0.193
0.216
0.267
0.171
0.137
0.083
0.156
0.222
0.110
0.160
0.106
0.139
0.121
0.133
0.120
0.227
0.167
0.169
0.206
0.119
0.244
0.243
0.180
0.101
0.142
0.200
0.216
0.103
0.158
0.125
0.121
0.219
0.095
0.191
0.271
0.192
0.197
0.214
0.187
0.276
0.225
0.109
0.229
0.085
0.108
0.195
0.177
0.205
0.196
0.241
0.143
0.246
0.215
0.113
0.131
0.120
0.234
0.246
0.181
0.186
0.196
0.187
0.252
0.206
0.114
0.134
0.160
0.121
0.206
0.253
0.232
0.268
0.087
0.167
0.197
0.211
0.203
0.255
0.073
0.191
0.182
0.216
0.161
0.193
0.127
0.253
0.218
0.141
0.168
0.157
0.212
0.149
0.179
0.190
0.251
0.157
0.168
0.281
0.311
0.139
0.239
0.283
0.162
0.122
0.232
0.167
0.148
0.141
0.150
0.199
0.111
0.144
0.174
0.154
1.039
0.167
0.247
0.284
0.147
0.203
0.209
0.160
0.226
0.121
0.220
0.172
0.235
0.308
0.215
0.104
0.194
0.219
0.027
0.176
0.211
0.243
0.114
0.109
0.110
0.276
0.165
0.200
0.093
0.155
0.213
0.103
0.181
0.193
0.138
0.173
0.146
0.221
0.177
0.113
0.132
0.172
0.127
0.117
0.139
0.165
0.276
0.131
0.210
0.102
0.134
0.213
0.107
0.191
0.153
0.094
0.125
0.170
0.201
0.134
0.217
0.140
0.120
0.236
0.136
0.244
0.168
0.256
0.240
0.163
0.252
0.176
0.131
0.228
0.242
0.254
0.171
0.180
0.164
0.204
0.097
0.174
0.240
0.261
0.153
0.114
0.159
0.147
0.095
0.123
0.135
0.161
0.104
0.273
0.148
0.133
0.195
0.128
0.155
0.156
0.169
0.147
0.096
0.179
0.185
0.207
0.119
0.126
0.165
0.212
0.190
0.153
0.163
0.123
0.247
0.210
0.149
0.113
0.193
0.202
0.218
0.181
0.264
0.093
0.193
0.160
0.221
0.134
0.100
0.164
0.102
0.141
0.234
0.134
0.269
0.135
0.118
0.137
0.167
0.179
0.138
0.111
0.168
0.137
0.150
0.205
0.226
0.151
0.235
0.093
0.186
0.157
0.184
0.156
0.223
0.099
0.172
0.205
0.162
0.215
0.123
0.182
0.179
0.118
0.165
0.142
0.167
0.185
0.210
0.271
0.104
0.165
0.231
0.127
0.247
0.116
0.207
0.027
0.178
0.199
0.165
0.119
0.117
0.163
0.091
0.241
0.189
0.267
0.231
0.241
0.182
0.107
0.247
0.081
0.225
0.133
0.178
0.155
0.167
0.192
0.266
0.264
0.225
0.147
0.108
0.094
0.209
0.205
0.136
0.239
0.110
0.087
0.146
0.174
0.266
0.196
0.148
0.110
0.270
0.162
0.166
0.196
0.253
0.127
0.170
0.199
0.133
0.181
0.201
0.167
0.197
0.161
0.199
0.213
0.153
0.183
0.110
0.139
0.089
0.140
0.196
0.296
0.104
0.198
0.096
0.194
0.184
0.173
0.268
0.154
0.248
0.103
0.265
0.023
0.169
0.262
0.248
0.177
0.265
0.171
0.211
0.239
0.253
0.176
0.187
0.151
0.132
0.088
0.231
0.105
0.199
0.103
0.217
0.145
0.204
0.101
0.122
0.180
0.160
0.165
0.082
0.215
0.215
0.160
0.145
0.149
0.210
0.214
0.144
0.120
0.159
0.221
0.202
0.229
0.096
0.120
0.217
0.201
0.233
0.242
0.241
0.225
0.222
0.152
0.216
0.082
0.255
0.212
0.249
0.168
0.139
0.221
0.122
0.194
0.286
0.268
0.115
0.234
0.157
0.183
0.148
0.157
0.276
0.146
0.206
0.221
0.223
0.109
0.129
0.212
0.137
0.215
0.150
0.110
0.249
0.179
0.121
0.146
0.018
0.237
0.169
0.251
0.230
0.166
0.189
0.247
0.107
0.114
0.229
0.122
0.201
0.135
0.193
0.282
0.245
0.167
0.147
0.148
0.181
0.084
0.180
0.111
0.134
0.268
0.228
0.164
0.217
0.101
0.270
0.200
0.104
0.275
0.238
0.240
0.178
0.106
0.251
0.180
0.208
0.200
0.107
0.024
0.271
0.203
0.175
0.217
0.236
0.151
0.212
0.139
0.222
0.114
0.196
0.248
0.129
0.197
0.172
0.121
1.234
0.165
0.140
0.257
0.250
0.204
0.177
0.245
0.183
0.297
0.102
0.163
0.190
0.241
0.197
0.186
0.182
0.151
0.096
0.118
0.094
0.170
0.112
0.157
0.183
0.197
0.155
0.183
0.118
0.184
0.137
0.115
0.127
0.141
0.186
0.176
0.249
0.125
0.182
0.251
0.206
0.195
0.103
0.217
0.119
0.184
0.162
0.167
0.203
0.275
0.110
0.263
0.215
0.226
0.103
0.242
0.231
0.158
0.133
0.185
0.126
0.167
0.118
0.150
0.120
0.266
0.276
0.206
0.133
0.144
0.114
0.230
0.165
0.192
0.200
0.153
0.251
0.120
0.219
0.109
0.126
0.131
0.129
0.251
0.247
0.110
0.235
0.123
0.191
0.166
0.240
0.177
0.169
0.232
0.172
0.096
0.156
0.137
0.214
0.174
0.220
0.248
0.242
0.101
0.152
0.175
0.112
0.138
0.150
0.267
0.086
0.223
0.066
0.170
0.244
0.165
0.247
0.190
0.244
0.138
0.217
0.119
0.192
0.199
0.133
0.153
0.116
0.111
0.137
0.150
0.175
0.123
0.142
0.224
0.099
0.218
0.199
0.221
0.187
0.108
0.238
0.125
0.091
0.154
0.123
0.147
0.215
0.171
0.097
0.225
0.229
0.248
0.232
0.215
0.092
0.213
0.250
0.221
0.272
0.073
0.197
0.202
0.239
0.174
0.197
0.230
0.090
0.180
0.220
0.164
0.183
0.129
0.198
0.215
0.179
0.245
0.197
0.095
0.123
0.234
0.205
0.049
0.187
0.179
0.301
0.181
0.166
0.202
0.165
0.215
0.107
0.171
0.121
0.125
0.236
0.138
0.222
0.142
0.143
0.218
0.107
0.023
0.188
0.180
0.276
0.245
0.241
0.145
0.283
0.228
0.149
0.250
0.094
0.136
0.213
0.295
0.174
0.174
0.213
0.134
0.210
0.089
0.213
0.147
0.184
0.189
0.195
0.194
0.146
0.232
0.122
0.159
0.189
0.139
0.174
0.218
0.240
0.137
0.196
0.227
0.156
0.191
0.186
0.166
0.126
0.200
0.125
0.159
0.165
0.186
0.141
0.206
0.147
0.151
0.211
0.113
0.232
0.253
0.211
0.248
0.192
0.162
0.157
0.251
0.112
0.110
0.194
0.101
0.114
0.187
0.253
0.121
0.162
0.160
0.148
0.176
0.153
0.157
0.111
0.259
0.229
0.174
0.167
0.220
0.195
0.170
0.171
0.171
0.190
0.212
0.222
0.213
0.116
0.081
0.130
0.163
0.128
0.201
0.152
0.131
0.145
0.142
0.121
0.210
0.170
0.106
0.127
0.189
0.097
0.090
0.202
0.269
0.112
0.214
0.125
0.240
0.282
0.114
0.184
0.172
0.154
0.193
0.238
0.149
0.190
0.164
0.134
0.173
0.152
0.130
0.117
0.107
0.179
0.165
0.215
0.102
0.096
0.320
0.127
0.142
0.130
0.120
0.274
0.107
0.112
0.203
0.139
0.120
0.108
0.114
0.135
0.211
0.139
0.142
0.183
0.091
0.125
0.142
0.223
0.174
0.202
0.179
0.172
0.146
0.253
0.110
0.134
0.234
0.151
0.232
0.113
0.220
0.025
0.143
0.156
0.260
0.108
0.174
0.088
0.203
0.241
0.166
0.164
0.110
0.218
0.164
0.243
0.198
0.281
0.102
0.206
0.089
0.155
0.082
0.228
0.231
0.095
0.129
0.105
0.174
0.239
0.177
0.105
0.027
0.250
0.107
0.104
0.139
0.315
0.032
0.213
0.202
0.088
0.231
0.260
0.175
0.075
0.211
0.213
0.186
0.110
0.187
0.147
0.275
0.137
0.198
0.110
0.119
0.260
0.180
0.097
0.126
0.134
0.186
0.222
0.210
0.292
0.192
0.107
0.234
0.183
0.170
0.222
0.146
0.096
0.189
0.248
0.157
0.187
0.191
0.215
0.117
0.132
0.164
0.176
0.125
0.191
0.190
0.136
0.106
0.190
0.251
0.266
0.179
0.116
0.106
0.126
0.213
0.251
0.199
0.113
0.197
0.277
0.130
0.131
0.126
0.196
0.193
0.141
0.150
0.122
0.198
0.194
0.139
0.123
0.178
0.178
0.029
0.098
0.252
0.192
0.187
0.157
0.226
0.131
0.161
0.211
0.180
0.142
0.199
0.161
0.156
0.143
0.127
0.295
0.285
0.101
0.130
0.236
0.118
0.148
0.112
0.246
0.122
0.251
0.115
0.171
0.218
0.176
0.122
0.149
0.168
0.121
0.131
0.104
0.167
0.199
0.246
0.194
0.204
0.129
0.268
0.160
0.138
0.200
0.112
0.236
0.218
0.195
0.183
0.110
0.163
0.197
0.163
0.141
0.249
0.211
0.105
0.210
0.229
0.174
0.160
0.114
0.211
0.147
0.119
0.112
0.165
0.109
0.236
0.164
0.128
0.241
0.152
0.141
0.193
0.117
0.220
0.160
0.224
0.184
0.209
0.098
0.226
0.209
0.214
0.097
0.156
0.129
0.110
0.111
0.132
0.158
0.113
0.236
0.232
0.167
0.151
0.233
0.184
0.259
0.154
0.249
0.172
0.276
0.176
0.221
0.170
0.142
0.124
0.081
0.092
0.097
0.208
0.211
0.108
0.235
0.151
0.183
0.142
0.197
0.161
0.267
0.195
0.141
0.240
0.212
0.184
0.090
0.189
0.219
0.111
0.145
0.105
0.160
0.117
0.157
0.098
0.154
0.263
0.179
0.104
0.190
0.157
0.156
0.163
0.227
0.186
0.255
0.273
0.228
0.147
0.191
0.135
0.210
0.195
0.129
0.248
0.164
0.165
0.170
0.199
0.124
0.165
0.203
0.113
0.286
0.113
0.164
0.161
0.123
0.149
0.151
0.210
0.289
0.143
0.215
0.197
0.243
0.217
0.157
0.165
0.188
0.275
0.205
0.181
0.084
0.098
0.261
0.138
0.101
0.137
0.194
0.195
0.149
0.161
0.206
0.113
0.131
0.185
0.155
0.225
0.106
0.185
0.181
0.145
0.186
0.205
0.175
0.106
0.200
0.115
0.109
0.093
0.182
0.132
0.213
0.202
0.184
0.317
0.217
0.128
0.171
0.246
0.092
0.180
0.125
0.208
0.186
0.122
0.160
0.191
0.175
0.215
0.258
0.199
0.165
0.164
0.174
0.269
0.197
0.247
0.179
0.177
0.127
0.208
0.155
0.140
0.140
0.097
0.169
0.101
0.235
0.180
0.136
0.209
0.214
0.194
0.163
0.168
0.240
0.166
0.115
0.134
0.133
0.111
0.123
0.193
0.111
0.132
0.221
0.169
0.211
0.218
0.269
0.109
0.156
0.173
0.162
0.149
0.169
0.136
0.209
0.272
0.194
0.173
0.147
0.201
0.211
0.190
0.094
0.136
0.161
0.157
0.210
0.231
0.278
0.107
0.205
0.161
0.101
0.110
0.237
0.100
0.230
0.154
0.251
0.184
0.201
0.172
0.220
0.181
0.188
0.077
0.177
0.113
0.190
0.093
0.146
0.160
0.184
0.104
0.236
0.107
0.114
0.212
0.202
0.169
0.119
0.115
0.174
0.102
0.110
0.182
0.078
0.236
0.232
0.147
0.190
0.247
0.206
0.170
0.256
0.121
0.110
0.163
0.147
0.235
0.110
0.208
0.099
0.210
0.226
0.162
0.203
0.169
0.141
0.173
0.100
0.165
0.158
0.170
0.296
0.128
0.171
0.130
0.111
0.097
0.098
0.193
0.207
0.235
0.108
0.138
0.194
0.098
0.174
0.142
0.192
0.225
0.259
0.196
0.177
0.078
0.135
0.181
0.178
0.264
0.185
0.166
0.223
0.244
0.205
0.114
0.134
0.129
0.226
0.143
0.225
0.151
0.162
0.164
0.169
0.184
0.145
0.204
0.148
0.121
0.191
0.213
0.135
0.254
0.151
0.240
0.171
0.191
0.177
0.095
0.241
0.277
0.184
0.222
0.124
0.254
0.192
0.125
0.169
0.116
0.122
0.154
0.202
0.235
0.196
0.196
0.094
0.105
0.228
0.120
0.209
0.169
0.162
0.103
0.215
0.142
0.234
0.148
0.217
0.089
0.194
0.164
0.142
0.103
0.142
0.162
0.122
0.175
0.233
0.093
0.195
0.146
0.194
0.210
0.196
0.234
0.084
0.176
0.207
0.262
0.124
0.124
0.110
0.080
0.192
0.222
0.186
0.193
0.113
0.095
0.105
0.178
0.267
0.181
0.305
0.232
0.107
0.114
0.159
0.168
0.164
0.187
0.123
0.218
0.111
0.221
0.226
0.101
0.182
0.126
0.195
0.183
0.157
0.219
0.113
0.195
0.140
0.158
0.160
0.202
0.160
0.202
0.194
0.165
0.239
0.073
0.197
0.184
0.191
0.207
0.137
0.167
0.182
0.156
0.191
0.187
0.180
0.132
0.240
0.175
0.221
0.247
0.211
0.155
0.088
0.178
0.162
0.099
0.135
0.257
0.216
0.116
0.100
0.161
0.106
0.144
0.205
0.243
0.160
0.174
0.169
0.201
0.146
0.265
0.265
0.111
0.144
0.219
0.187
0.204
0.216
0.239
0.164
0.209
0.227
0.275
0.175
0.217
0.101
0.107
0.248
0.114
0.222
0.186
0.254
0.123
0.278
0.130
0.194
0.028
0.167
0.097
0.133
0.255
0.231
0.099
0.124
0.200
0.156
0.277
0.215
0.102
0.232
0.113
0.179
0.099
0.241
0.226
0.100
0.135
0.127
0.170
0.272
0.141
0.260
0.188
0.147
0.115
0.168
0.214
0.170
0.181
0.152
0.160
0.144
0.088
0.181
0.267
0.119
0.283
0.191
0.194
0.188
0.112
0.173
0.128
0.120
0.153
0.198
0.197
0.143
0.176
0.225
0.284
0.167
0.146
0.125
0.262
0.074
0.026
0.195
0.110
0.182
0.117
0.214
0.023
0.194
0.079
0.128
0.090
0.118
0.092
0.223
0.222
0.025
0.200
0.211
0.226
0.239
0.183
0.117
0.144
0.093
0.271
0.176
0.173
0.125
0.124
0.243
0.153
0.284
0.143
0.118
0.246
0.128
0.194
0.193
0.189
0.266
0.185
0.107
0.223
0.130
0.273
0.118
0.196
0.250
0.133
0.214
0.150
0.209
0.246
0.091
0.214
0.026
0.116
0.162
0.169
0.247
0.275
0.221
0.155
0.162
0.140
0.209
0.089
0.184
0.109
0.194
0.156
0.192
0.242
0.223
0.200
0.218
0.138
0.224
0.161
0.150
0.262
0.157
0.209
0.091
0.190
0.178
0.172
0.153
0.136
0.110
0.233
0.213
0.124
0.225
0.148
0.202
0.264
0.218
0.177
0.184
0.194
0.177
0.135
0.157
0.195
0.168
0.088
0.141
0.175
0.127
0.200
0.216
0.255
0.250
0.186
0.210
0.106
0.181
0.146
0.268
0.224
0.294
0.138
0.191
0.215
0.123
0.234
0.135
0.184
0.232
0.242
0.126
0.147
0.127
0.111
0.166
0.273
0.115
0.238
0.107
0.177
0.216
0.196
0.159
0.170
0.225
0.203
0.245
0.112
0.245
0.289
0.164
0.174
0.136
0.093
0.220
0.104
0.106
0.161
0.196
0.190
0.225
0.102
0.208
0.315
0.119
0.209
0.239
0.121
0.247
0.190
0.152
0.105
0.238
0.203
0.193
0.103
0.247
0.264
0.184
0.244
0.192
0.234
0.156
0.094
0.115
0.104
0.170
0.133
0.155
0.247
0.170
0.215
0.163
0.097
0.157
0.222
0.193
0.248
0.120
0.136
0.107
0.128
0.174
0.119
0.103
0.263
0.234
0.108
0.167
0.086
0.255
0.275
0.160
0.122
0.147
0.164
0.241
0.204
0.140
0.225
0.158
0.135
0.163
0.157
0.180
0.027
0.187
0.204
0.210
0.210
0.200
0.110
0.131
0.209
0.206
0.128
0.151
0.165
0.121
0.182
0.179
0.235
0.124
0.022
0.182
0.196
0.136
0.128
0.200
0.204
0.238
0.196
0.224
0.272
0.161
0.136
0.164
0.215
0.183
0.217
0.139
0.215
0.186
0.199
0.027
0.255
0.098
0.179
0.227
0.178
0.149
0.210
0.216
0.267
0.171
0.255
0.196
0.283
0.193
0.263
0.182
0.202
0.131
0.194
0.241
0.156
0.172
0.100
0.092
0.203
0.180
0.222
0.178
0.145
0.244
0.245
0.112
0.208
0.204
0.204
0.258
0.106
0.159
0.190
0.157
0.190
0.100
0.125
0.157
0.205
0.114
0.135
0.094
0.200
0.258
0.164
0.304
0.153
0.103
0.173
0.124
0.241
0.174
0.185
0.274
0.181
0.144
0.084
0.170
0.153
0.194
0.126
0.149
0.113
0.241
0.145
0.273
0.138
0.146
0.166
0.110
0.128
0.130
0.204
0.197
0.149
0.228
0.134
0.267
0.103
0.127
0.156
0.249
0.276
0.207
0.165
0.193
0.255
0.218
0.148
0.103
0.174
0.233
0.026
0.084
0.134
0.139
0.254
0.136
0.149
0.116
0.181
0.141
0.169
0.122
0.184
0.229
0.212
0.200
0.209
0.154
0.213
0.108
0.139
0.131
0.144
0.214
0.289
0.195
0.166
0.110
0.197
0.184
0.180
0.191
0.172
0.190
0.147
0.129
0.222
0.216
0.107
0.029
0.185
0.123
0.252
0.106
0.117
0.234
0.289
0.220
0.187
0.289
0.203
0.087
0.242
0.222
0.189
0.161
0.093
0.117
0.190
0.126
0.227
0.154
0.201
0.199
0.169
0.210
0.195
0.141
0.179
0.160
0.246
0.223
0.137
0.295
0.198
0.130
0.243
0.144
0.198
0.194
0.241
0.085
0.134
0.174
0.188
0.242
0.110
0.286
0.169
0.142
0.095
0.216
0.223
0.193
0.198
0.219
0.212
0.223
0.097
0.219
0.237
0.126
0.147
0.221
0.099
0.135
0.130
0.222
0.177
0.099
0.216
0.247
0.121
0.094
0.233
0.118
0.099
0.079
0.217
0.118
0.100
0.188
0.204
0.119
0.198
0.183
0.188
0.171
0.189
0.244
0.194
0.217
0.251
0.183
0.236
0.111
0.248
0.111
0.122
0.189
0.128
0.172
0.104
0.111
0.211
0.201
0.138
0.200
0.153
0.235
0.271
0.125
0.105
0.287
0.216
0.188
0.164
0.130
0.204
0.182
0.194
0.211
0.100
0.272
0.112
0.140
0.205
0.123
0.123
0.205
0.312
0.188
0.167
0.117
0.097
0.095
0.201
0.193
0.196
0.102
0.151
0.167
0.171
0.234
0.141
0.202
0.212
0.085
0.191
0.250
0.172
0.088
0.238
0.230
0.143
0.101
0.181
0.170
0.098
0.152
0.165
0.185
0.121
0.128
0.242
0.149
0.083
0.146
0.240
0.173
0.195
0.174
0.119
0.292
0.156
0.232
0.169
0.100
0.120
0.250
0.109
0.278
0.255
0.158
0.227
0.190
0.234
0.136
0.147
0.169
0.214
0.106
0.193
0.244
0.201
0.249
0.089
0.154
0.197
0.093
0.231
0.205
0.163
0.204
0.199
0.200
0.150
0.191
0.124
0.118
0.215
0.241
0.196
0.077
0.236
0.179
0.221
0.232
0.211
0.196
0.108
0.123
0.114
0.222
0.175
0.120
0.243
0.224
0.182
0.162
0.217
0.098
0.090
0.229
0.266
0.123
0.108
0.189
0.226
0.104
0.212
0.114
0.232
0.118
0.309
0.146
0.137
0.225
0.215
0.188
0.092
0.120
0.185
0.208
0.109
0.115
0.104
0.090
0.143
0.126
0.180
0.138
0.190
0.217
0.187
0.253
0.176
0.221
0.191
0.174
0.191
0.234
0.136
0.113
0.170
0.205
0.125
0.223
0.099
0.245
0.242
0.174
0.314
0.099
0.160
0.151
0.178
0.136
0.135
0.149
0.160
0.137
0.237
0.110
0.122
0.106
0.206
0.238
0.195
0.129
0.293
0.021
0.173
0.273
0.129
0.171
0.093
0.146
0.194
0.111
0.134
0.105
0.236
0.229
0.110
0.110
0.171
0.250
0.268
0.186
0.197
0.223
0.151
0.139
0.094
0.212
0.089
0.173
0.109
0.195
0.203
0.249
0.099
0.142
0.218
0.173
0.251
0.216
0.204
0.095
0.172
0.206
0.153
0.197
0.225
0.194
0.214
0.212
0.224
0.103
0.109
0.176
0.174
0.198
0.225
0.215
0.173
0.181
0.129
0.122
0.186
0.168
0.102
0.258
0.163
0.213
0.187
0.195
0.134
0.248
0.190
0.253
0.235
0.239
0.144
0.251
0.105
0.117
0.097
0.156
0.172
0.133
0.128
0.198
0.150
0.260
0.142
0.180
0.162
0.127
0.145
0.195
0.207
0.141
0.159
0.191
0.170
0.127
0.118
0.184
0.209
0.106
0.126
0.272
0.239
0.108
0.230
0.210
0.116
0.148
0.201
0.095
0.159
0.153
0.118
0.144
0.252
0.188
0.225
0.211
0.176
0.231
0.097
0.178
0.184
0.185
0.142
0.571
0.200
0.228
0.102
0.103
0.193
0.126
0.096
0.192
0.192
0.120
0.113
0.105
0.205
0.231
0.120
0.118
0.217
0.120
0.154
0.163
0.184
0.166
0.127
0.179
0.212
0.125
0.191
0.163
0.198
0.146
0.164
0.201
0.108
0.175
0.191
0.120
0.212
0.267
0.271
0.204
0.233
0.084
0.182
0.080
0.260
0.191
0.230
0.172
0.238
0.123
0.088
0.261
0.171
0.232
0.136
0.163
0.109
0.176
0.103
0.176
0.160
0.200
0.073
0.163
0.255
0.154
0.098
0.199
0.177
0.094
0.134
0.192
0.270
0.183
0.159
0.035
0.201
0.157
0.222
0.221
0.123
0.157
0.135
0.107
0.230
0.212
0.208
0.195
0.136
0.216
0.143
0.151
0.262
0.260
0.148
0.100
0.140
0.085
0.206
0.118
0.103
0.232
0.125
0.281
0.129
0.112
0.095
0.095
0.092
0.165
0.121
0.110
0.126
0.092
0.276
0.176
0.157
0.167
0.247
0.128
0.213
0.209
0.191
0.227
0.217
0.266
0.143
0.255
0.108
0.132
0.148
0.134
0.226
0.134
0.212
0.276
0.141
0.195
0.210
0.114
0.153
0.217
0.191
0.147
0.244
0.189
0.135
0.250
0.241
0.250
0.232
0.247
0.154
0.099
0.129
0.156
0.163
0.196
0.123
0.206
0.179
0.028
0.233
0.257
0.220
0.181
0.216
0.137
0.116
0.096
0.276
0.109
0.186
0.126
0.138
0.129
0.177
0.127
0.234
0.105
0.236
0.111
0.105
0.121
0.169
0.223
0.244
0.187
0.304
0.158
0.124
0.157
0.248
0.126
0.268
0.193
0.139
0.134
0.172
0.208
0.239
0.215
0.164
0.256
0.144
0.245
0.178
0.150
0.162
0.194
0.192
0.180
0.181
0.171
0.217
0.194
0.027
0.268
0.161
0.124
0.195
0.152
0.132
0.159
0.171
0.120
0.169
0.081
0.199
0.213
0.200
0.147
0.201
0.120
0.212
0.146
0.131
0.140
0.238
0.063
0.253
0.115
0.235
0.119
0.265
0.161
0.128
0.204
0.237
0.198
0.149
0.198
0.214
0.197
0.140
0.140
0.149
0.180
0.098
0.209
0.242
0.091
0.195
0.243
0.144
0.136
0.255
0.189
0.151
0.251
0.163
0.150
0.166
0.126
0.186
0.218
0.117
0.148
0.115
0.197
0.105
0.152
0.140
0.171
0.181
0.239
0.223
0.233
0.242
0.173
0.143
0.189
0.118
0.118
0.071
0.100
0.093
0.164
0.156
0.191
0.201
0.152
0.224
0.145
0.135
0.222
0.176
0.098
0.150
0.172
0.167
0.171
0.170
0.110
0.233
0.166
0.104
0.213
0.144
0.197
0.133
0.114
0.137
0.155
0.166
0.205
0.275
0.206
0.225
0.134
0.245
0.153
0.237
0.122
0.113
0.213
0.231
0.135
0.182
0.207
0.166
0.228
0.190
0.221
0.167
0.122
0.207
0.239
0.142
0.108
0.131
0.196
0.207
0.126
0.149
0.272
0.228
0.213
0.220
0.128
0.199
0.157
0.124
0.281
0.223
0.158
0.108
0.118
0.179
0.170
0.178
0.158
0.194
0.170
0.180
0.234
0.158
0.152
0.126
0.122
0.129
0.210
0.275
0.134
0.202
0.191
0.197
0.215
0.112
0.114
0.118
0.187
0.211
0.149
0.150
0.113
0.110
0.083
0.197
0.142
0.208
0.112
0.127
0.104
0.235
0.169
0.223
0.140
0.176
0.151
0.200
0.218
0.223
0.216
0.194
0.136
0.140
0.220
0.180
0.188
0.166
0.131
0.168
0.123
0.216
0.140
0.227
0.199
0.188
0.132
0.101
0.090
0.279
0.194
0.191
0.193
0.294
0.162
0.238
0.220
0.169
0.127
0.116
0.176
0.108
0.200
0.205
0.174
0.192
0.113
0.237
0.182
0.192
0.229
0.251
0.103
0.218
0.100
0.194
0.119
0.093
0.132
0.167
0.170
0.119
0.113
0.129
0.222
0.133
0.176
0.150
0.233
0.116
0.095
0.125
0.154
0.099
0.235
0.160
0.091
0.149
0.106
0.170
0.115
0.242
0.330
0.149
0.119
0.156
0.167
0.286
0.190
0.204
0.244
0.212
0.194
0.100
0.195
0.277
0.172
0.176
0.119
0.132
0.130
0.219
0.138
0.150
0.101
0.176
0.189
0.215
0.187
0.290
0.099
0.245
0.212
0.117
0.144
0.185
0.161
0.138
0.183
0.120
0.167
0.221
0.171
0.194
0.132
0.265
0.123
0.100
0.154
0.153
0.145
0.107
0.124
0.134
0.123
0.258
0.135
0.173
0.194
0.198
0.276
0.154
0.133
0.241
0.173
0.114
0.093
0.280
0.243
0.272
0.152
0.156
0.228
0.132
0.120
0.198
0.253
0.123
0.216
0.236
0.231
0.128
0.107
0.164
0.296
0.101
0.227
0.211
0.220
0.222
0.220
0.128
0.121
0.155
0.212
0.226
0.136
0.244
0.098
0.129
0.111
0.147
0.158
0.129
0.110
0.131
0.219
0.151
0.235
0.219
0.220
0.160
0.185
0.186
0.250
0.140
0.179
0.193
0.282
0.220
0.152
0.144
0.172
0.183
0.204
0.195
0.167
0.172
0.092
0.097
0.179
0.126
0.157
0.156
0.155
0.168
0.234
0.165
0.194
0.190
0.099
0.113
0.118
0.120
0.135
0.199
0.111
0.237
0.092
0.160
0.150
0.122
0.174
0.104
0.177
0.123
0.105
0.117
0.194
0.155
0.131
0.237
0.252
0.184
0.203
0.135
0.030
0.265
0.196
0.216
0.107
0.207
0.184
0.189
0.127
0.154
0.145
0.260
0.170
0.152
0.183
0.120
0.248
0.116
0.117
0.167
0.116
0.185
0.180
0.123
0.165
0.183
0.185
0.103
0.163
0.184
0.135
0.167
0.207
0.120
0.125
0.288
0.109
0.199
0.149
0.113
0.173
0.288
0.129
0.232
0.258
0.235
0.111
0.150
0.106
0.213
0.220
0.104
0.137
0.197
0.152
0.127
0.132
0.170
0.166
0.182
0.094
0.107
0.249
0.202
0.200
0.130
0.115
0.179
0.210
0.035
0.213
0.160
0.229
0.155
0.178
0.230
0.289
0.208
0.118
0.114
0.175
0.222
0.182
0.121
0.166
0.181
0.209
0.261
0.178
0.210
0.166
0.125
0.091
0.177
0.194
0.229
0.128
0.142
0.259
0.144
0.260
0.120
0.139
0.162
0.167
0.107
0.152
0.159
0.230
0.261
0.161
0.126
0.116
0.118
0.204
0.171
0.261
0.127
0.190
0.203
0.140
0.165
0.154
0.225
0.220
0.148
0.241
0.173
0.154
0.213
0.146
0.099
0.236
0.140
0.149
0.175
0.093
0.198
0.171
0.138
0.259
0.131
0.183
0.206
0.149
0.235
0.219
0.156
0.200
0.164
0.184
0.217
0.104
0.258
0.158
0.148
0.132
0.115
0.249
0.167
0.148
0.193
0.106
0.174
0.156
0.190
0.131
0.185
0.247
0.137
0.278
0.159
0.195
0.195
0.262
0.142
0.269
0.172
0.120
0.125
0.198
0.304
0.136
0.199
0.221
0.093
0.234
0.152
0.183
0.243
0.145
0.293
0.154
0.201
0.196
0.136
0.166
0.108
0.208
0.104
0.245
0.251
0.161
0.224
0.211
0.192
0.107
0.250
0.271
0.127
0.263
0.203
0.231
0.100
0.170
0.129
0.116
0.094
0.143
0.242
0.186
0.214
0.089
0.201
0.159
0.136
0.115
0.137
0.179
0.126
0.158
0.227
0.160
0.118
0.146
0.173
0.180
0.132
0.183
0.151
0.247
0.116
0.114
0.209
0.135
0.145
0.111
0.151
0.112
0.171
0.143
0.204
0.101
0.089
0.230
0.140
0.135
0.104
0.218
0.181
0.134
0.128
0.106
0.177
0.147
0.244
0.133
0.209
0.177
0.194
0.095
0.134
0.208
0.202
0.108
0.138
0.228
0.174
0.130
0.154
0.127
0.149
0.263
0.134
0.120
0.166
0.209
0.147
0.099
0.227
0.101
0.238
0.142
0.247
0.118
0.110
0.118
0.254
0.228
0.122
0.185
0.105
0.082
0.122
0.225
0.147
0.088
0.105
0.214
0.173
0.253
0.246
0.141
0.146
0.155
0.226
0.175
0.236
0.140
0.206
0.187
0.138
0.200
0.125
0.185
0.198
0.118
0.222
0.173
0.242
0.100
0.133
0.101
0.195
0.078
0.198
0.213
0.172
0.160
0.161
0.140
0.172
0.101
0.199
0.175
0.212
0.124
0.159
0.260
0.237
0.131
0.097
0.079
0.257
0.150
0.262
0.202
0.112
0.153
0.153
0.253
0.184
0.134
0.183
0.215
0.178
0.293
0.181
0.217
0.155
0.107
0.191
0.263
0.132
0.228
0.170
0.214
0.222
0.186
0.148
0.099
0.113
0.219
0.108
0.170
0.213
0.163
0.217
0.094
0.168
0.092
0.122
0.163
0.129
0.104
0.218
0.169
0.199
0.117
0.248
0.099
0.117
0.175
0.162
0.129
0.125
0.152
0.234
0.303
0.230
0.134
0.178
0.192
0.170
0.133
0.149
0.106
0.215
0.217
0.176
0.228
0.193
0.092
0.128
0.214
0.154
0.243
0.208
0.220
0.173
0.194
0.092
0.139
0.212
0.144
0.185
0.103
0.095
0.159
0.241
0.153
0.194
0.218
0.233
0.278
0.206
0.127
0.109
0.130
0.171
0.240
0.287
0.130
0.139
0.272
0.246
0.189
0.173
0.097
0.086
0.243
0.115
0.178
0.116
0.155
0.281
0.149
0.115
0.155
0.107
0.149
0.269
0.175
0.208
0.159
0.138
0.219
0.105
0.090
0.192
0.157
0.123
0.109
0.143
0.187
0.248
0.179
0.106
0.221
0.182
0.133
0.193
0.135
0.221
0.203
0.156
0.120
0.145
0.226
0.196
0.242
0.134
0.093
0.200
0.082
0.188
0.188
0.141
0.177
0.199
0.164
0.222
0.076
0.164
0.145
0.214
0.210
0.137
0.120
0.208
0.272
0.248
0.104
0.139
0.219
0.177
0.166
0.108
0.129
0.212
0.232
0.179
0.207
0.126
0.081
0.183
0.197
0.177
0.188
0.236
0.235
0.207
0.210
0.192
0.224
0.298
0.102
0.241
0.209
0.180
0.217
0.145
0.167
0.197
0.141
0.113
0.114
0.033
0.189
0.132
0.226
0.150
0.109
0.168
0.196
0.091
0.128
0.238
0.101
0.236
0.128
0.089
0.234
0.112
0.108
0.261
0.160
0.111
0.157
0.236
0.142
0.128
0.178
0.094
0.111
0.133
0.136
0.211
0.130
0.139
0.256
0.217
0.124
0.166
0.122
0.262
0.275
0.149
0.118
0.125
0.241
0.251
0.208
0.102
0.152
0.190
0.253
0.195
0.204
0.139
0.136
0.079
0.235
0.153
0.183
0.169
0.137
0.284
0.199
0.118
0.160
0.251
0.214
0.204
0.119
0.158
0.131
0.110
0.172
0.142
0.273
0.235
0.221
0.122
0.086
0.189
0.169
0.093
0.210
0.200
0.135
0.109
0.190
0.232
0.179
0.141
0.205
0.110
0.119
0.140
0.107
0.194
0.162
0.264
0.123
0.141
0.183
0.240
0.132
0.162
0.238
0.170
0.155
0.124
0.193
0.101
0.088
0.092
0.155
0.124
0.176
0.147
0.251
0.120
0.216
0.266
0.153
0.194
0.174
0.135
0.134
0.111
0.200
0.183
0.156
0.217
0.177
0.138
0.106
0.124
0.160
0.158
0.211
0.129
0.160
0.144
0.137
0.189
0.105
0.157
0.151
0.089
0.215
0.255
0.174
0.148
0.230
0.255
0.103
0.153
0.189
0.181
0.147
0.090
0.214
0.132
0.299
0.173
0.227
0.267
0.122
0.259
0.108
0.134
0.237
0.109
0.191
0.170
0.291
0.190
0.155
0.102
0.185
0.164
0.126
0.201
0.181
0.120
0.163
0.264
0.115
0.238
0.099
0.104
0.160
0.144
0.232
0.035
0.102
0.174
0.267
0.200
0.150
0.217
0.232
0.148
0.131
0.106
0.131
0.191
0.085
0.207
0.164
0.158
0.133
0.178
0.144
0.088
0.107
0.182
0.108
0.215
0.212
0.200
0.205
0.233
0.108
0.127
0.116
0.110
0.244
0.158
0.136
0.119
0.151
0.225
0.169
0.139
0.107
0.222
0.213
0.177
0.176
0.215
0.168
0.096
0.112
0.242
0.207
0.246
0.205
0.165
0.161
0.156
0.158
0.152
0.095
0.201
0.183
0.088
0.130
0.151
0.168
0.183
0.234
0.103
0.282
0.289
0.116
0.179
0.190
0.241
0.185
0.245
0.163
0.113
0.161
0.152
0.156
0.156
0.127
0.154
0.177
0.085
0.306
0.098
0.097
0.143
0.211
0.201
0.214
0.207
0.105
0.170
0.152
0.111
0.228
0.197
0.127
0.173
0.148
0.174
0.120
0.135
0.223
0.127
0.082
0.104
0.162
0.148
0.185
0.200
0.118
0.261
0.132
0.182
0.189
0.139
0.226
0.211
0.109
0.199
0.079
0.104
0.165
0.201
0.145
0.120
0.228
0.141
0.189
0.197
0.180
0.126
0.298
0.208
0.179
0.190
0.151
0.124
0.154
0.244
0.114
0.199
0.158
0.119
0.263
0.153
0.231
0.207
0.184
0.090
0.161
0.264
0.170
0.143
0.199
0.160
0.227
0.182
0.178
0.101
0.200
0.139
0.196
0.181
0.209
0.120
0.165
0.217
0.226
0.126
0.224
0.229
0.209
0.215
0.114
0.183
0.113
0.163
0.191
0.143
0.087
0.114
0.206
0.147
0.126
0.099
0.109
0.201
0.198
0.297
0.212
0.181
0.107
0.213
0.218
0.252
0.109
0.149
0.178
0.303
0.147
0.134
0.079
0.124
0.094
0.168
0.189
0.201
0.118
0.128
0.212
0.241
0.158
0.186
0.221
0.253
0.107
0.176
0.180
0.224
0.207
0.147
0.133
0.082
0.199
0.236
0.135
0.148
0.176
0.213
0.120
0.177
0.171
0.215
0.179
0.236
0.203
0.142
0.201
0.155
0.097
0.247
0.233
0.267
0.257
0.239
0.176
0.183
0.196
0.199
0.259
0.288
0.195
0.145
0.268
0.199
0.141
0.155
0.154
0.221
0.206
0.225
0.148
0.200
0.242
0.149
0.149
0.156
0.087
0.194
0.189
0.191
0.248
0.103
0.169
0.274
0.163
0.165
0.203
0.211
0.125
0.173
0.193
0.091
0.239
0.169
0.100
0.220
0.158
0.078
0.264
0.248
0.118
0.221
0.125
0.154
0.216
0.174
0.108
0.191
0.179
0.110
0.247
0.171
0.102
0.231
0.182
0.195
0.112
0.097
0.220
0.139
0.148
0.204
0.191
0.208
0.231
0.148
0.150
0.261
0.204
0.201
0.152
0.179
0.083
0.215
0.249
0.116
0.179
0.141
0.156
0.239
0.236
0.119
0.118
0.100
0.136
0.184
0.202
0.183
0.260
0.169
0.178
0.159
0.112
0.205
0.186
0.166
0.239
0.201
0.148
0.297
0.204
0.275
0.254
0.117
0.187
0.105
0.175
0.155
0.196
0.226
0.260
0.174
0.196
0.088
0.095
0.184
0.211
0.244
0.114
0.132
0.170
0.207
0.252
0.104
0.124
0.105
0.103
0.201
0.144
0.198
0.115
0.219
0.188
0.212
0.206
0.172
0.103
0.197
0.176
0.196
0.233
0.115
0.108
0.113
0.273
0.220
0.094
0.173
0.109
0.146
0.138
0.069
0.114
0.210
0.090
0.127
0.161
0.207
0.100
0.184
0.153
0.169
0.180
0.127
0.187
0.123
0.196
0.193
0.123
0.098
0.184
0.210
0.265
0.098
0.125
0.281
0.228
0.178
0.175
0.153
0.194
0.257
0.226
0.287
0.142
0.169
0.109
0.111
0.120
0.237
0.184
0.244
0.261
0.238
0.249
0.252
0.167
0.263
0.200
0.220
0.214
0.249
0.023
0.125
0.226
0.239
0.230
0.215
0.184
0.145
0.163
0.174
0.197
0.127
0.165
0.241
0.107
0.196
0.191
0.203
0.118
0.226
0.160
0.123
0.200
0.207
0.095
0.203
0.129
0.166
0.207
0.196
0.070
0.204
0.183
0.175
0.110
0.162
0.157
0.189
0.174
0.202
0.185
0.212
0.110
0.180
0.208
0.162
0.217
0.197
0.227
0.178
0.181
0.231
0.198
0.147
0.158
0.099
0.113
0.131
0.180
0.188
0.107
0.162
0.146
0.197
0.166
0.173
0.204
0.229
0.179
0.196
0.269
0.174
0.184
0.199
0.121
0.200
0.179
0.138
0.111
0.106
0.168
0.197
0.237
0.167
0.245
0.131
0.086
0.158
0.214
0.128
0.208
0.185
0.111
0.138
0.157
0.206
0.220
0.215
0.180
0.131
0.106
0.092
0.164
0.142
0.220
0.201
0.176
0.137
0.215
0.203
0.121
0.205
0.106
0.225
0.232
0.221
0.124
0.168
0.128
0.222
0.162
0.092
0.116
0.124
0.105
0.237
0.168
0.138
0.158
0.157
0.200
0.213
0.145
0.182
0.182
0.132
0.146
0.133
0.162
0.222
0.274
0.137
0.145
0.085
0.192
0.207
0.258
0.095
0.171
0.239
0.154
0.140
0.184
0.273
0.120
0.139
0.197
0.099
0.184
0.258
0.217
0.129
0.087
0.098
0.169
0.205
0.123
0.113
0.244
0.188
0.200
0.130
0.161
0.125
0.124
0.132
0.158
0.167
0.251
0.167
0.170
0.193
0.185
0.175
0.182
0.130
0.232
0.159
0.259
0.262
0.256
0.162
0.169
0.217
0.110
0.190
0.242
0.201
0.136
0.181
0.222
0.224
0.201
0.132
0.185
0.193
0.111
0.214
0.103
0.126
0.194
0.202
0.197
0.224
0.092
0.233
0.259
0.151
0.163
0.141
0.203
0.189
0.242
0.169
0.215
0.179
0.120
0.159
0.174
0.225
0.116
0.186
0.184
0.184
0.256
0.186
0.277
0.232
0.112
0.174
0.184
0.241
0.167
0.130
0.274
0.241
0.266
0.095
0.107
0.238
0.092
0.212
0.123
0.094
0.171
0.142
0.103
0.114
0.234
0.229
0.172
0.240
0.125
0.210
0.242
0.216
0.231
0.230
0.184
0.214
0.099
0.257
0.300
0.165
0.142
0.292
0.272
0.211
0.159
0.172
0.210
0.193
0.290
0.200
0.206
0.225
0.090
0.182
0.111
0.138
0.181
0.164
0.171
0.201
0.184
0.153
0.125
0.147
0.131
0.224
0.189
0.213
0.139
0.144
0.085
0.086
0.117
0.211
0.180
0.184
0.181
0.118
0.218
0.232
0.100
0.128
0.094
0.187
0.091
0.272
0.232
0.188
0.207
0.194
0.218
0.220
0.144
0.250
0.223
0.199
0.111
0.221
0.116
0.207
0.157
0.242
0.162
0.197
0.166
0.203
0.266
0.257
0.177
0.121
0.109
0.105
0.166
0.154
0.204
0.162
0.196
0.185
0.191
0.164
0.160
0.181
0.108
0.201
0.157
0.101
0.108
0.228
0.114
0.198
0.208
0.171
0.229
0.087
0.179
0.230
0.203
0.104
0.143
0.201
0.199
0.128
0.166
0.252
0.079
0.204
0.174
0.196
0.106
0.204
0.093
0.141
0.325
0.137
0.252
0.123
0.230
0.179
0.172
0.112
0.123
0.238
0.199
0.241
0.093
0.238
0.226
0.205
0.126
0.116
0.115
0.288
0.159
0.164
0.027
0.142
0.117
0.085
0.156
0.223
0.182
0.128
0.152
0.242
0.220
0.101
0.199
0.265
0.197
0.094
0.142
0.086
0.199
0.110
0.099
0.167
0.105
0.217
0.175
0.204
0.246
0.125
0.198
0.174
0.152
0.217
0.167
0.159
0.253
0.208
0.116
0.106
0.197
0.158
0.239
0.146
0.173
0.155
0.134
0.216
0.140
0.213
0.138
0.139
0.187
0.181
0.261
0.139
0.198
0.096
0.268
0.118
0.190
0.176
0.124
0.130
0.193
0.280
0.173
0.249
0.221
0.143
0.242
0.101
0.251
0.137
0.133
0.198
0.186
0.138
0.209
0.213
0.177
0.281
0.195
0.168
0.092
0.228
0.215
0.112
0.208
0.154
0.101
0.183
0.136
0.212
0.205
0.134
0.187
0.284
0.152
0.088
0.174
0.172
0.222
0.102
0.169
0.147
0.120
0.188
0.159
0.196
0.220
0.277
0.142
0.149
0.274
0.217
0.137
0.181
0.185
0.216
0.207
0.124
0.208
0.146
0.235
0.228
0.165
0.205
0.203
0.209
0.106
0.195
0.243
0.290
0.102
0.258
0.103
0.201
0.260
0.137
0.261
0.112
0.138
0.101
0.101
0.181
0.176
0.209
0.277
0.242
0.165
0.224
0.141
0.151
0.260
0.185
0.173
0.226
0.114
0.125
0.194
0.275
0.066
0.165
0.234
0.158
0.190
0.179
0.172
0.131
0.201
0.128
0.262
0.265
0.272
0.238
0.240
0.101
0.196
0.104
0.288
0.112
0.243
0.109
0.122
0.192
0.178
0.225
0.168
0.165
0.113
0.135
0.141
0.138
0.176
0.130
0.262
0.124
0.028
0.156
0.084
0.192
0.203
0.159
0.242
0.235
0.205
0.173
0.136
0.197
0.222
0.136
0.227
0.230
0.114
0.139
0.219
0.145
0.141
0.105
0.209
0.198
0.119
0.298
0.143
0.144
0.103
0.222
0.223
0.187
0.231
0.211
0.194
0.121
0.230
0.164
0.207
0.098
0.093
0.121
0.119
0.216
0.157
0.261
0.092
0.182
0.183
0.133
0.198
0.224
0.113
0.185
0.238
0.167
0.098
0.257
0.216
0.177
0.120
0.194
0.190
0.149
0.197
0.234
0.239
0.136
0.195
0.222
0.108
0.172
0.121
0.148
0.178
0.251
0.220
0.110
0.186
0.102
0.175
0.220
0.151
0.234
0.202
0.161
0.220
0.105
0.228
0.220
0.145
0.162
0.193
0.195
0.107
0.182
0.200
0.116
0.105
0.133
0.304
0.107
0.121
0.179
0.217
0.215
0.189
0.121
0.198
0.107
0.126
0.258
0.207
0.185
0.137
0.112
0.209
0.231
0.182
0.127
0.219
0.106
0.244
0.181
0.114
0.122
0.250
0.103
0.117
0.196
0.222
0.174
0.255
0.179
0.121
0.219
0.153
0.276
0.100
0.245
0.199
0.200
0.111
0.193
0.211
0.182
0.099
0.169
0.280
0.187
0.138
0.212
0.165
0.199
0.214
0.294
0.232
0.210
0.118
0.125
0.226
0.194
0.157
0.223
0.159
0.204
0.156
0.126
0.228
0.179
0.181
0.108
0.119
0.192
0.099
0.186
0.113
0.151
0.220
0.169
0.153
0.164
0.193
0.118
0.193
0.240
0.115
0.254
0.226
0.183
0.153
0.106
0.207
0.228
0.210
0.208
0.160
0.277
0.249
0.157
0.152
0.140
0.170
0.174
0.164
0.123
0.226
0.250
0.189
0.154
0.071
0.171
0.190
0.145
0.132
0.189
0.097
0.150
0.146
0.215
0.176
0.239
0.119
0.234
0.193
0.121
0.163
0.236
0.105
0.239
0.184
0.207
0.176
0.087
0.218
0.131
0.138
0.222
0.228
0.142
0.183
0.130
0.174
0.203
0.080
0.189
0.302
0.242
0.209
0.209
0.187
0.181
0.200
0.199
0.028
0.139
0.162
0.183
0.233
0.118
0.130
0.215
0.130
0.145
0.215
0.268
0.189
0.195
0.178
0.145
0.122
0.181
0.204
0.125
0.137
0.175
0.112
0.124
0.171
0.142
0.190
0.200
0.144
0.226
0.143
0.103
0.132
0.254
0.246
0.171
0.202
0.196
0.099
0.182
0.206
0.201
0.211
0.126
0.161
0.132
0.226
0.170
0.298
0.139
0.111
0.159
0.294
0.182
0.234
0.117
0.110
0.236
0.180
0.130
0.127
0.134
0.126
0.210
0.166
0.120
0.213
0.163
0.099
0.125
0.149
0.189
0.268
0.252
0.112
0.149
0.237
0.218
0.116
0.128
0.130
0.131
0.237
0.169
0.204
0.221
0.176
0.141
0.231
0.138
0.135
0.149
0.317
0.226
0.102
0.098
0.161
0.165
0.101
0.145
0.304
0.238
0.124
0.140
0.281
0.196
0.278
0.097
0.229
0.206
0.093
0.107
0.125
0.234
0.185
0.217
0.181
0.103
0.105
0.211
0.268
0.096
0.218
0.079
0.133
0.097
0.247
0.291
0.219
0.233
0.187
0.107
0.189
0.261
0.186
0.158
0.204
0.088
0.081
0.127
0.201
0.187
0.134
0.233
0.171
0.112
0.174
0.106
0.165
0.148
0.094
0.176
0.196
0.128
0.112
0.160
0.185
0.212
0.195
0.242
0.236
0.257
0.228
0.092
0.261
0.213
0.212
0.030
0.092
0.237
0.233
0.259
0.192
0.209
0.216
0.121
0.179
0.304
0.116
0.109
0.222
0.171
0.191
0.175
0.192
0.138
0.158
0.192
0.136
0.239
0.188
0.119
0.202
0.115
0.244
0.093
0.148
0.225
0.214
0.182
0.240
0.202
0.095
0.212
0.124
0.104
0.133
0.251
0.214
0.135
0.164
0.193
0.216
0.127
0.209
0.120
0.236
0.119
0.139
0.199
0.251
0.146
0.222
0.320
0.200
0.211
0.110
0.078
0.133
0.129
0.177
0.167
0.162
0.236
0.217
0.131
0.148
0.113
0.210
0.160
0.140
0.222
0.181
0.112
0.124
0.240
0.198
0.101
0.209
0.271
0.188
0.296
0.199
0.295
0.108
0.218
0.264
0.115
0.128
0.142
0.219
0.107
0.199
0.100
0.155
0.117
0.107
0.128
0.222
0.161
0.129
0.152
0.137
0.114
0.151
0.100
0.181
0.115
0.095
0.101
0.186
0.134
0.173
0.165
0.191
0.171
0.152
0.187
0.121
0.095
0.100
0.177
0.100
0.099
0.148
0.174
0.191
0.150
0.178
0.138
0.179
0.158
0.219
0.116
0.123
0.216
0.233
0.166
0.208
0.103
0.143
0.107
0.223
0.132
0.217
0.145
0.112
0.116
0.137
0.116
0.192
0.229
0.099
0.169
0.125
0.097
0.123
0.106
0.139
0.273
0.165
0.150
0.178
0.243
0.121
0.124
0.215
0.276
0.149
0.136
0.104
0.117
0.125
0.345
0.295
0.101
0.125
0.180
0.127
0.217
0.143
0.197
0.165
0.293
0.139
0.292
0.247
0.286
0.236
0.140
0.096
0.113
0.120
0.189
0.187
0.195
0.267
0.179
0.217
0.187
0.207
0.174
0.167
0.256
0.165
0.168
0.257
0.154
0.129
0.116
0.127
0.132
0.223
0.156
0.110
0.189
0.158
0.183
0.238
0.182
0.100
0.239
0.196
0.240
0.130
0.186
0.181
0.147
0.139
0.160
0.186
0.163
0.227
0.133
0.169
0.120
0.220
0.138
0.298
0.216
0.205
0.129
0.089
0.188
0.219
0.132
0.213
0.118
0.100
0.208
0.144
0.203
0.100
0.126
0.107
0.121
0.235
0.217
0.192
0.136
0.138
0.159
0.157
0.255
0.209
0.200
0.117
0.185
0.259
0.098
0.164
0.207
0.197
0.117
0.282
0.167
0.188
0.250
0.167
0.212
0.119
0.188
0.176
0.091
0.154
0.130
0.093
0.241
0.137
0.232
0.276
0.162
0.167
0.236
0.299
0.176
0.183
0.180
0.208
0.175
0.220
0.194
0.166
0.127
0.141
0.130
0.159
0.180
0.231
0.159
0.215
0.195
0.086
0.113
0.111
0.245
0.226
0.053
0.180
0.192
0.182
0.172
0.119
0.138
0.194
0.157
0.115
0.159
0.195
0.126
0.124
0.123
0.134
0.240
0.186
0.284
0.139
0.217
0.102
0.188
0.100
0.126
0.186
0.236
0.090
0.178
0.105
0.185
0.147
0.150
0.205
0.112
0.108
0.214
0.176
0.260
0.171
0.151
0.201
0.192
0.163
0.170
0.105
0.255
0.177
0.249
0.126
0.144
0.121
0.260
0.255
0.241
0.160
0.186
0.170
0.164
0.217
0.166
0.151
0.202
0.101
0.270
0.207
0.135
0.191
0.115
0.213
0.120
0.189
0.251
0.131
0.258
0.230
0.134
0.114
0.293
0.144
0.175
0.166
0.273
0.279
0.170
0.216
0.032
0.152
0.180
0.147
0.201
0.218
0.134
0.257
0.230
0.192
0.212
0.150
0.204
0.138
0.170
0.303
0.119
0.172
0.156
0.223
0.205
0.190
0.116
0.095
0.179
0.135
0.145
0.191
0.160
0.166
0.232
0.136
0.287
0.112
0.186
0.243
0.153
0.144
0.127
0.126
0.196
0.129
0.131
0.110
0.158
0.246
0.190
0.219
0.089
0.168
0.177
0.200
0.128
0.232
0.094
0.163
0.084
0.174
0.117
0.105
0.240
0.175
0.160
0.162
0.150
0.239
0.130
0.168
0.209
0.115
0.182
0.252
0.128
0.134
0.170
0.187
0.107
0.141
0.260
0.217
0.213
0.113
0.247
0.291
0.135
0.196
0.105
0.210
0.170
0.143
0.165
0.254
0.168
0.130
0.085
0.222
0.195
0.111
0.228
0.248
0.162
0.244
0.256
0.214
0.219
0.194
0.254
0.225
0.119
0.141
0.147
0.200
0.241
0.124
0.144
0.271
0.144
0.098
0.096
0.093
0.210
0.204
0.281
0.192
0.209
0.201
0.185
0.188
0.182
0.197
0.125
0.124
0.241
0.193
0.265
0.228
0.160
0.154
0.100
0.259
0.197
0.264
0.210
0.121
0.107
0.127
0.126
0.173
0.081
0.187
0.089
0.191
0.151
0.136
0.146
0.169
0.251
0.159
0.173
0.108
0.121
0.091
0.123
0.226
0.174
0.119
0.158
0.180
0.109
0.214
0.116
0.130
0.212
0.150
0.220
0.258
0.178
0.094
0.184
0.160
0.201
0.213
0.197
0.262
0.210
0.247
0.181
0.106
0.175
0.107
0.134
0.171
0.098
0.251
0.123
0.108
0.169
0.110
0.151
0.106
0.216
0.136
0.181
0.251
0.235
0.233
0.105
0.160
0.273
0.228
0.242
0.296
0.107
0.152
0.141
0.165
0.175
0.114
0.100
0.149
0.115
0.121
0.091
0.130
0.229
0.162
0.193
0.207
0.103
0.142
0.148
0.124
0.208
0.155
0.190
0.137
0.117
0.185
0.241
0.188
0.125
0.119
0.186
0.126
0.248
0.196
0.185
0.176
0.211
0.155
0.219
0.131
0.147
0.127
0.154
0.111
0.247
0.243
0.235
0.103
0.149
0.235
0.131
0.185
0.233
0.140
0.190
0.215
0.117
0.152
0.144
0.111
0.107
0.258
0.132
0.244
0.121
0.182
0.121
0.171
0.096
0.115
0.254
0.215
0.105
0.121
0.283
0.185
0.086
0.204
0.150
0.193
0.199
0.168
0.167
0.152
0.105
0.181
0.220
0.141
0.193
0.096
0.153
0.208
0.274
0.206
0.123
0.025
0.219
0.098
0.235
0.320
0.213
0.161
0.169
0.163
0.149
0.097
0.244
0.112
0.148
0.165
0.193
0.217
0.245
0.108
0.109
0.275
0.115
0.103
0.140
0.196
0.105
0.228
0.168
0.242
0.206
0.234
0.111
0.264
0.185
0.207
0.106
0.239
0.156
0.127
0.175
0.114
0.195
0.141
0.121
0.147
0.194
0.228
0.216
0.182
0.143
0.117
0.190
0.112
0.207
0.154
0.097
0.123
0.189
0.290
0.136
0.122
0.179
0.234
0.170
0.140
0.167
0.179
0.219
0.089
0.221
0.198
0.179
0.225
0.131
0.135
0.187
0.210
0.239
0.170
0.113
0.169
0.269
0.138
0.209
0.168
0.181
0.217
0.230
0.190
0.149
0.198
0.101
0.201
0.148
0.296
0.173
0.263
0.108
0.190
0.218
0.162
0.170
0.170
0.231
0.157
0.107
0.124
0.239
0.205
0.172
0.199
0.220
0.193
0.192
0.210
0.161
0.127
0.183
0.104
0.221
0.223
0.196
0.164
0.125
0.133
0.108
0.227
0.198
0.257
0.226
0.225
0.229
0.247
0.121
0.132
0.155
0.198
0.119
0.118
0.156
0.162
0.210
0.183
0.185
0.214
0.113
0.185
0.280
0.124
0.104
0.194
0.163
0.151
0.197
0.180
0.170
0.218
0.235
0.106
0.203
0.109
0.101
0.132
0.268
0.250
0.170
0.135
0.167
0.161
0.101
0.156
0.151
0.174
0.245
0.260
0.207
0.208
0.235
0.192
0.166
0.164
0.134
0.190
0.113
0.202
0.127
0.148
0.121
0.116
0.153
0.022
0.118
0.103
0.106
0.175
0.240
0.130
0.128
0.081
0.236
0.199
0.083
0.181
0.116
0.131
0.102
0.217
0.159
0.110
0.220
0.235
0.223
0.169
0.143
0.243
0.182
0.161
0.117
0.196
0.027
0.158
0.226
0.180
0.236
0.159
0.126
0.134
0.106
0.118
0.133
0.164
0.203
0.208
0.112
0.208
0.144
0.218
0.118
0.153
0.186
0.181
0.077
0.217
0.103
0.103
0.190
0.186
0.114
0.207
0.196
0.184
0.227
0.119
0.184
0.115
0.226
0.186
0.268
0.231
0.083
0.215
0.160
0.116
0.163
0.112
0.153
0.145
0.284
0.124
0.181
0.280
0.026
0.275
0.155
0.139
0.182
0.140
0.137
0.124
0.080
0.192
0.247
0.100
0.142
0.177
0.257
0.173
0.202
0.121
0.226
0.244
0.245
0.126
0.203
0.111
0.225
0.195
0.160
0.200
0.131
0.174
0.257
0.218
0.230
0.201
0.265
0.092
0.201
0.143
0.123
0.136
0.164
0.181
0.141
0.203
0.278
0.178
0.233
0.097
0.182
0.159
0.116
0.268
0.171
0.192
0.200
0.127
0.133
0.157
0.190
0.111
0.249
0.143
0.253
0.119
0.182
0.201
0.112
0.252
0.113
0.263
0.156
0.218
0.154
0.240
0.147
0.242
0.102
0.221
0.136
0.100
0.233
0.123
0.213
0.279
0.111
0.202
0.097
0.193
0.167
0.248
0.216
0.175
0.222
0.155
0.097
0.099
0.228
0.100
0.184
0.158
0.222
0.159
0.141
0.181
0.251
0.289
0.125
0.146
0.242
0.195
0.215
0.106
0.105
0.137
0.227
0.288
0.175
0.166
0.267
0.149
0.179
0.107
0.212
0.135
0.122
0.190
0.206
0.168
0.213
0.210
0.154
0.108
0.123
0.180
0.166
0.214
0.118
0.228
0.240
0.194
0.166
0.250
0.207
0.111
0.211
0.166
0.205
0.119
0.288
0.115
0.136
0.209
0.212
0.035
0.144
0.168
0.166
0.260
0.203
0.140
0.110
0.215
0.227
0.229
0.197
0.111
0.182
0.248
0.235
0.156
0.265
0.235
0.204
0.102
0.077
0.208
0.109
0.135
0.180
0.157
0.210
0.219
0.210
0.193
0.106
0.127
0.174
0.096
0.145
0.111
0.258
0.173
0.157
0.141
0.199
0.192
0.105
0.222
0.083
0.251
0.202
0.218
0.213
0.248
0.211
0.146
0.101
0.176
0.186
0.162
0.212
0.250
0.159
0.109
0.143
0.123
0.223
0.195
0.319
0.130
0.240
0.128
0.134
0.188
0.108
0.124
0.232
0.114
0.186
0.104
0.201
0.233
0.141
0.309
0.124
0.124
0.247
0.267
0.120
0.262
0.176
0.210
0.183
0.189
0.265
0.242
0.125
0.112
0.210
0.117
0.237
0.138
0.105
0.217
0.251
0.179
0.308
0.182
0.139
0.203
0.283
0.128
0.287
0.130
0.169
0.200
0.196
0.220
0.174
0.251
0.173
0.187
0.102
0.115
0.244
0.142
0.193
0.236
0.232
0.130
0.097
0.168
0.227
0.272
0.220
0.109
0.077
0.098
0.236
0.161
0.151
0.273
0.133
0.094
0.132
0.139
0.137
0.208
0.194
0.145
0.116
0.134
0.121
0.207
0.193
0.137
0.119
0.280
0.174
0.103
0.108
0.243
0.107
0.113
0.188
0.180
0.174
0.223
0.108
0.211
0.223
0.210
0.170
0.152
0.137
0.168
0.284
0.273
0.129
0.193
0.158
0.128
0.231
0.122
0.103
0.145
0.192
0.183
0.149
0.108
0.190
0.191
0.118
0.191
0.153
0.184
0.125
0.268
0.088
0.194
0.265
0.165
0.149
0.096
0.205
0.139
0.220
0.232
0.132
0.122
0.102
0.132
0.148
0.130
0.251
0.229
0.189
0.104
0.205
0.143
0.159
0.243
0.233
0.192
0.174
0.221
0.219
0.177
0.231
0.179
0.203
0.095
0.261
0.237
0.158
0.241
0.112
0.133
0.191
0.178
0.108
0.234
0.192
0.225
0.122
0.248
0.033
0.238
0.253
0.226
0.278
0.261
0.151
0.227
0.104
0.203
0.105
0.220
0.260
0.119
0.224
0.298
0.165
0.147
0.138
0.107
0.113
0.302
0.093
0.104
0.217
0.210
0.164
0.110
0.122
1.630
0.242
0.157
0.244
