0.208
0.128
0.150
0.138
0.139
0.119
0.134
0.126
0.142
0.134
0.121
0.128
0.174
0.158
0.169
0.160
0.135
0.180
0.135
0.138
0.132
0.187
0.179
0.195
0.143
0.166
0.223
0.171
0.108
0.167
0.134
0.127
0.161
0.183
0.190
0.186
0.158
0.164
0.188
0.184
0.129
0.163
0.156
0.140
0.150
0.173
0.156
0.142
0.168
0.187
0.126
0.144
0.145
0.155
0.166
0.146
0.168
0.146
0.121
0.156
0.164
0.138
0.145
0.171
0.144
0.158
0.150
0.133
0.151
0.103
0.175
0.121
0.139
0.136
0.172
0.123
0.177
0.175
0.129
0.162
0.173
0.142
0.141
0.173
0.152
0.139
0.163
0.154
0.142
0.152
0.119
0.152
0.132
0.163
0.167
0.127
0.143
0.152
0.150
0.141
0.129
0.171
0.176
0.175
0.147
0.149
0.172
0.147
0.124
0.156
0.175
0.168
0.157
0.141
0.141
0.176
0.135
0.135
0.182
0.128
0.163
0.135
0.147
0.147
0.132
0.159
0.143
0.145
0.168
0.139
0.134
0.127
0.164
0.165
0.148
0.124
0.151
0.156
0.157
0.119
0.153
0.155
0.128
0.141
0.130
0.163
0.139
0.195
0.158
0.159
0.150
0.121
0.152
0.131
0.144
0.150
0.141
0.147
0.160
0.134
0.152
0.133
0.132
0.144
0.112
0.166
0.145
0.144
0.158
0.132
0.175
0.161
0.147
0.150
0.160
0.140
0.116
0.148
0.138
0.143
0.136
0.136
0.180
0.123
0.165
0.154
0.166
0.156
0.130
0.160
0.150
0.140
0.146
0.137
0.125
0.138
0.170
0.112
0.169
0.114
0.139
0.122
0.128
0.160
0.139
0.152
0.134
0.142
0.143
0.151
0.130
0.145
0.149
0.160
0.119
0.148
0.163
0.151
0.151
0.124
0.128
0.142
0.160
0.158
0.136
0.129
0.164
0.117
0.142
0.124
0.123
0.165
0.173
0.154
0.160
0.175
0.164
0.152
0.161
0.120
0.118
0.163
0.152
0.165
0.139
0.154
0.163
0.138
0.154
0.163
0.161
0.167
0.116
0.134
0.193
0.127
0.145
0.175
0.133
0.140
0.165
0.149
0.158
0.153
0.148
0.122
0.189
0.158
0.131
0.149
0.152
0.166
0.142
0.175
0.139
0.144
0.189
0.156
0.165
0.172
0.164
0.159
0.163
0.123
0.147
0.126
0.146
0.148
0.154
0.141
0.156
0.192
0.167
0.144
0.145
0.142
0.134
0.157
0.167
0.171
0.157
0.161
0.148
0.142
0.128
0.130
0.164
0.144
0.153
0.145
0.166
0.163
0.142
0.162
0.163
0.155
0.151
0.174
0.135
0.154
0.165
0.137
0.144
0.170
0.134
0.143
0.140
0.149
0.146
0.144
0.126
0.151
0.121
0.164
0.122
0.177
0.146
0.150
0.138
0.131
0.151
0.137
0.175
0.171
0.163
0.136
0.156
0.158
0.197
0.142
0.145
0.141
0.152
0.131
0.152
0.140
0.152
0.168
0.166
0.148
0.150
0.194
0.158
0.150
0.135
0.143
0.168
0.131
0.143
0.195
0.100
0.145
0.151
0.141
0.145
0.121
0.147
0.144
0.151
0.177
0.138
0.118
0.157
0.154
0.145
0.147
0.144
0.134
0.156
0.147
0.125
0.140
0.167
0.153
0.132
0.143
0.178
0.163
0.114
0.152
0.125
0.161
0.192
0.146
0.145
0.152
0.164
0.158
0.156
0.148
0.147
0.120
0.137
0.173
0.146
0.137
0.137
0.137
0.186
0.141
0.151
0.138
0.142
0.144
0.152
0.161
0.161
0.153
0.138
0.141
0.161
0.193
0.136
0.174
0.162
0.150
0.191
0.169
0.139
0.134
0.149
0.165
0.164
0.119
0.167
0.154
0.150
0.170
0.133
0.165
0.170
0.156
0.135
0.153
0.143
0.162
0.124
0.160
0.169
0.139
0.166
0.132
0.199
0.184
0.135
0.140
0.164
0.138
0.224
0.154
0.163
0.149
0.136
0.170
0.128
0.135
0.130
0.132
0.139
0.179
0.152
0.171
0.187
0.113
0.155
0.141
0.165
0.147
0.147
0.157
0.148
0.135
0.172
0.142
0.144
0.135
0.143
0.152
0.156
0.187
0.153
0.166
0.125
0.165
0.146
0.169
0.150
0.124
0.143
0.136
0.150
0.141
0.187
0.142
0.138
0.150
0.122
0.126
0.151
0.157
0.141
0.187
0.153
0.159
0.133
0.112
0.127
0.189
0.166
0.126
0.127
0.129
0.188
0.134
0.164
0.176
0.129
0.152
0.131
0.134
0.152
0.175
0.148
0.141
0.138
0.160
0.125
0.142
0.186
0.106
0.143
0.145
0.142
0.171
0.136
0.166
0.137
0.122
0.171
0.146
0.161
0.152
0.151
0.169
0.142
0.163
0.129
0.123
0.131
0.133
0.131
0.163
0.157
0.146
0.169
0.140
0.151
0.131
0.117
0.168
0.140
0.138
0.176
0.158
0.145
0.189
0.150
0.152
0.140
0.156
0.142
0.147
0.131
0.163
0.145
0.178
0.169
0.129
0.178
0.233
0.160
0.150
0.137
0.160
0.166
0.148
0.170
0.166
0.144
0.160
0.157
0.130
0.149
0.128
0.146
0.129
0.170
0.144
0.177
0.153
0.171
0.176
0.139
0.148
0.171
0.156
0.141
0.156
0.184
0.171
0.146
0.143
0.161
0.141
0.129
0.138
0.162
0.158
0.131
0.174
0.148
0.139
0.152
0.105
0.163
0.142
0.165
0.119
0.192
0.161
0.164
0.145
0.155
0.141
0.182
0.159
0.146
0.142
0.158
0.205
0.128
0.145
0.135
0.137
0.145
0.162
0.150
0.175
0.162
0.144
0.173
0.144
0.139
0.136
0.151
0.153
0.149
0.190
0.122
0.165
0.135
0.141
0.123
0.154
0.165
0.132
0.174
0.164
0.144
0.164
0.158
0.152
0.146
0.147
0.128
0.143
0.189
0.166
0.156
0.148
0.142
0.146
0.155
0.141
0.131
0.193
0.167
0.140
0.157
0.169
0.161
0.189
0.189
0.158
0.171
0.158
0.121
0.167
0.149
0.179
0.153
0.120
0.163
0.168
0.158
0.156
0.150
0.149
0.149
0.139
0.188
0.164
0.156
0.145
0.171
0.158
0.190
0.137
0.152
0.136
0.121
0.114
0.147
0.164
0.158
0.130
0.161
0.194
0.171
0.130
0.188
0.174
0.135
0.133
0.155
0.148
0.185
0.175
0.138
0.141
0.152
0.146
0.125
0.161
0.176
0.151
0.153
0.146
0.142
0.155
0.160
0.152
0.165
0.190
0.170
0.143
0.148
0.166
0.147
0.139
0.161
0.170
0.138
0.176
0.154
0.142
0.140
0.170
0.180
0.170
0.190
0.187
0.153
0.155
0.142
0.148
0.157
0.156
0.140
0.162
0.132
0.150
0.143
0.164
0.124
0.139
0.156
0.167
0.130
0.166
0.172
0.136
0.138
0.140
0.139
0.182
0.130
0.160
0.135
0.172
0.128
0.152
0.134
0.169
0.123
0.161
0.133
0.126
0.145
0.163
0.145
0.160
0.183
0.145
0.176
0.154
0.146
0.123
0.144
0.158
0.179
0.162
0.141
0.143
0.167
0.121
0.176
0.126
0.159
0.166
0.148
0.128
0.138
0.154
0.161
0.135
0.148
0.152
0.153
0.130
0.168
0.162
0.161
0.200
0.131
0.159
0.184
0.136
0.200
0.176
0.132
0.208
0.128
0.191
0.177
0.176
0.158
0.154
0.144
0.169
0.158
0.128
0.156
0.163
0.150
0.175
0.171
0.163
0.168
0.173
0.148
0.161
0.148
0.157
0.137
0.186
0.124
0.171
0.160
0.179
0.141
0.176
0.126
0.110
0.178
0.121
0.141
0.133
0.129
0.139
0.167
0.142
0.147
0.131
0.170
0.156
0.175
0.156
0.194
0.125
0.171
0.133
0.165
0.142
0.160
0.171
0.134
0.150
0.146
0.134
0.163
0.131
0.144
0.136
0.131
0.153
0.143
0.187
0.154
0.174
0.180
0.166
0.154
0.169
0.156
0.150
0.145
0.158
0.145
0.155
0.150
0.171
0.137
0.105
0.134
0.136
0.144
0.148
0.132
0.162
0.132
0.163
0.132
0.151
0.155
0.179
0.143
0.162
0.155
0.148
0.135
0.144
0.179
0.165
0.145
0.152
0.162
0.158
0.151
0.146
0.189
0.143
0.134
0.163
0.161
0.150
0.170
0.163
0.113
0.156
0.147
0.157
0.138
0.161
0.159
0.158
0.150
0.141
0.149
0.160
0.143
0.187
0.153
0.145
0.129
0.178
0.178
0.161
0.126
0.158
0.174
0.178
0.131
0.151
0.172
0.155
0.149
0.151
0.159
0.149
0.154
0.155
0.130
0.152
