0.087
0.098
0.128
0.120
0.122
0.177
0.143
0.164
0.186
0.195
0.207
0.131
0.260
0.114
0.121
0.239
0.132
0.217
0.243
0.127
0.210
0.192
0.191
0.098
0.180
0.318
0.242
0.089
0.228
0.118
0.141
0.194
0.116
0.196
0.108
0.207
0.146
0.092
0.093
0.134
0.177
0.128
0.248
0.230
0.204
0.176
0.246
0.141
0.191
0.087
0.152
0.269
0.196
0.173
0.189
0.210
0.160
0.206
0.183
0.029
0.132
0.126
0.218
0.157
0.120
0.178
0.123
0.099
0.189
0.163
0.155
0.203
0.147
0.083
0.271
0.154
0.236
0.144
0.225
0.170
0.111
0.251
0.221
0.182
0.167
0.241
0.210
0.106
0.193
0.124
0.195
0.191
0.144
0.228
0.159
0.218
0.154
0.265
0.164
0.243
0.216
0.111
0.229
0.212
0.180
0.154
0.221
0.114
0.258
0.112
0.245
0.255
0.156
0.215
0.103
0.079
0.127
0.214
0.184
0.114
0.145
0.123
0.161
0.178
0.255
0.127
0.097
0.183
0.089
0.121
0.237
0.110
0.132
0.177
0.176
0.026
0.123
0.260
0.210
0.149
0.161
0.103
0.209
0.130
0.189
0.165
0.099
0.115
0.232
0.125
0.126
0.260
0.200
0.147
0.241
0.177
0.150
0.214
0.150
0.207
0.181
0.195
0.215
0.149
0.093
0.158
0.117
0.090
0.225
0.244
0.199
0.203
0.110
0.263
0.250
0.232
0.109
0.115
0.118
0.228
0.113
0.123
0.196
0.118
0.117
0.230
0.117
0.162
0.117
0.216
0.108
0.192
0.083
0.106
0.107
0.182
0.186
0.108
0.187
0.221
0.242
0.121
0.132
0.164
0.187
0.166
0.228
0.167
0.218
0.152
0.088
0.021
0.206
0.217
0.235
0.134
0.292
0.140
0.101
0.184
0.123
0.175
0.123
0.081
0.211
0.235
0.139
0.252
0.196
0.272
0.213
0.186
0.150
0.186
0.114
0.141
0.216
0.074
0.229
0.206
0.096
0.144
0.174
0.203
0.224
0.166
0.157
0.198
0.186
0.258
0.186
0.227
0.163
0.219
0.156
0.219
0.144
0.157
0.187
0.152
0.101
0.163
0.112
0.066
0.116
0.300
0.131
0.207
0.128
0.174
0.211
0.160
0.127
0.199
0.138
0.148
0.192
0.127
0.099
0.176
0.163
0.214
0.102
0.157
0.194
0.235
0.104
0.213
0.182
0.129
0.133
0.162
0.199
0.190
0.136
0.127
0.182
0.151
0.206
0.270
0.141
0.200
0.169
0.231
0.232
0.124
0.145
0.124
0.229
0.235
0.182
0.097
0.118
0.165
0.176
0.164
0.135
0.198
0.201
0.156
0.194
0.156
0.276
0.200
0.114
0.159
0.123
0.126
0.186
0.155
0.176
0.202
0.156
0.110
0.151
0.117
0.194
0.130
0.138
0.171
0.118
0.218
0.230
0.224
0.133
0.188
0.128
0.139
0.199
0.175
0.105
0.116
0.237
0.264
0.179
0.209
0.223
0.191
0.156
0.232
0.101
0.130
0.233
0.186
0.281
0.145
0.258
0.235
0.217
0.139
0.280
0.167
0.150
0.167
0.141
0.304
0.204
0.193
0.111
0.146
0.272
0.106
0.187
0.082
0.113
0.175
0.198
0.118
0.148
0.166
0.185
0.158
0.218
0.160
0.210
0.225
0.193
0.187
0.166
0.210
0.108
0.210
0.082
0.105
0.231
0.138
0.186
0.175
0.113
0.112
0.173
0.202
0.238
0.280
0.242
0.234
0.160
0.121
0.180
0.223
0.239
0.157
0.175
0.243
0.119
0.200
0.119
0.203
0.173
0.203
0.263
0.184
0.120
0.077
0.107
0.193
0.128
0.104
0.200
0.318
0.135
0.131
0.255
0.188
0.207
0.169
0.172
0.132
0.204
0.136
0.221
0.224
0.212
0.150
0.136
0.169
0.178
0.185
0.116
0.166
0.159
0.119
0.132
0.247
0.175
0.216
0.120
0.150
0.192
0.173
0.169
0.224
0.144
0.114
0.201
0.248
0.290
0.200
0.174
0.124
0.088
0.223
0.280
0.124
0.120
0.112
0.187
0.027
0.269
0.088
0.194
0.161
0.184
0.238
0.096
0.196
0.226
0.188
0.104
0.214
0.188
0.262
0.137
0.204
0.168
0.232
0.135
0.255
0.286
0.182
0.241
0.261
0.217
0.199
0.118
0.199
0.153
0.258
0.255
0.235
0.196
0.136
0.198
0.203
0.136
0.192
0.253
0.223
0.254
0.267
0.223
0.133
0.239
0.164
0.211
0.217
0.121
0.251
0.261
0.182
0.115
0.167
0.081
0.134
0.159
0.280
0.203
0.211
0.159
0.140
0.121
0.145
0.262
0.083
0.242
0.122
0.253
0.228
0.118
0.124
0.177
0.102
0.124
0.099
0.209
0.127
0.164
0.133
0.264
0.143
0.265
0.255
0.179
0.170
0.148
0.170
0.197
0.131
0.177
0.132
0.192
0.155
0.205
0.184
0.188
0.131
0.200
0.230
0.228
0.254
0.198
0.111
0.158
0.111
0.201
0.221
0.024
0.152
0.112
0.135
0.084
0.102
0.180
0.233
0.150
0.110
0.142
0.201
0.099
0.193
0.139
0.284
0.129
0.291
0.158
0.224
0.127
0.160
0.108
0.156
0.166
0.116
0.219
0.097
0.158
0.167
0.231
0.114
0.128
0.232
0.092
0.283
0.151
0.170
0.133
0.105
0.189
0.125
0.152
0.095
0.191
0.176
0.136
0.156
0.121
0.084
0.019
0.255
0.145
0.118
0.127
0.132
0.238
0.184
0.217
0.157
0.178
0.151
0.189
0.222
0.193
0.146
0.104
0.136
0.126
0.259
0.120
0.240
0.147
0.171
0.168
0.239
0.151
0.184
0.182
0.114
0.201
0.246
0.122
0.180
0.226
0.201
0.103
0.141
0.218
0.178
0.207
0.117
0.119
0.183
0.096
0.101
0.195
0.161
0.227
0.246
0.151
0.119
0.286
0.237
0.171
0.186
0.184
0.125
0.124
0.164
0.213
0.184
0.088
0.119
0.154
0.124
0.192
0.212
0.149
0.104
0.032
0.138
0.145
0.106
0.217
0.126
0.121
0.191
0.209
0.094
0.224
0.223
0.129
0.230
0.178
0.110
0.167
0.236
0.090
0.192
0.149
0.196
0.199
0.156
0.098
0.151
0.102
0.150
0.256
0.218
0.152
0.105
0.102
0.137
0.174
0.176
0.124
0.156
0.217
0.205
0.138
0.171
0.112
0.247
0.224
0.124
0.230
0.180
0.183
0.243
0.297
0.203
0.127
0.190
0.121
0.147
0.081
0.122
0.255
0.146
0.173
0.176
0.175
0.154
0.126
0.212
0.233
0.268
0.215
0.117
0.265
0.218
0.187
0.165
0.086
0.216
0.183
0.128
0.220
0.214
0.237
0.210
0.180
0.184
0.261
0.136
0.155
0.225
0.165
0.206
0.260
0.216
0.186
0.201
0.216
0.155
0.152
0.184
0.141
0.225
0.116
0.138
0.139
0.236
0.140
0.196
0.194
0.259
0.210
0.205
0.197
0.282
0.122
0.095
0.106
0.194
0.252
0.175
0.197
0.165
0.240
0.268
0.199
0.213
0.088
0.139
0.190
0.190
0.197
0.196
0.142
0.134
0.169
0.112
0.217
0.196
0.246
0.106
0.205
0.209
0.153
0.277
0.120
0.148
0.239
0.130
0.214
0.187
0.160
0.133
0.122
0.184
0.216
0.189
0.196
0.265
0.263
0.082
0.103
0.154
0.133
0.125
0.297
0.190
0.182
0.199
0.148
0.213
0.194
0.219
0.161
0.095
0.191
0.156
0.211
0.268
0.222
0.206
0.208
0.258
0.117
0.125
0.200
0.080
0.219
0.206
0.185
0.087
0.176
0.144
0.162
0.100
0.187
0.105
0.120
0.161
0.202
0.200
0.265
0.113
0.250
0.166
0.134
0.180
0.232
0.256
0.123
0.253
0.216
0.095
0.028
0.201
0.210
0.215
0.179
0.098
0.195
0.149
0.169
0.213
0.218
0.162
0.237
0.173
0.125
0.150
0.183
0.101
0.183
0.125
0.161
0.275
0.169
0.099
0.184
0.204
0.097
0.081
0.189
0.118
0.235
0.093
0.138
0.240
0.194
0.176
0.254
0.256
0.134
0.102
0.097
0.176
0.134
0.095
0.194
0.098
0.042
0.101
0.168
0.236
0.314
0.188
0.196
0.202
0.175
0.176
0.174
0.203
0.297
0.094
0.214
0.242
0.109
0.165
0.122
0.229
0.126
0.177
0.262
0.131
0.165
0.135
0.181
0.105
0.137
0.185
0.116
0.223
0.193
0.170
0.234
0.146
0.164
0.177
0.114
0.230
0.160
0.123
0.097
0.267
0.138
0.217
0.151
0.154
0.221
0.124
0.201
0.225
0.147
0.225
0.207
0.180
0.122
0.113
0.124
0.169
0.204
0.142
0.215
0.099
0.111
0.108
0.201
0.195
0.167
0.124
0.088
0.254
0.136
0.110
0.248
0.159
0.166
0.112
0.155
0.110
0.243
0.221
0.236
0.123
0.175
0.152
0.144
0.110
0.192
0.170
0.113
0.231
0.147
0.184
0.164
0.248
0.109
0.243
0.160
0.161
0.202
0.202
0.203
0.155
0.208
0.155
0.240
0.216
0.153
0.171
0.172
0.226
0.196
0.252
0.129
0.193
0.172
0.222
0.184
0.115
0.136
0.113
0.202
0.212
0.222
0.118
0.214
0.164
0.120
0.219
0.211
0.175
0.168
0.228
0.222
0.172
0.198
0.196
0.103
0.138
0.161
0.152
0.152
0.113
0.161
0.231
0.228
0.225
0.128
0.193
0.213
0.188
0.240
0.099
0.123
0.182
0.103
0.126
0.157
0.111
0.106
0.126
0.122
0.255
0.106
0.270
0.181
0.256
0.092
0.102
0.111
0.168
0.206
0.170
0.234
0.153
0.196
0.123
0.255
0.188
0.107
0.253
0.133
0.113
0.207
0.229
0.134
0.142
0.166
0.201
0.173
0.214
0.234
0.098
0.154
0.123
0.149
0.180
0.205
0.102
0.214
0.121
0.177
0.202
0.240
0.248
0.243
0.248
0.242
0.312
0.165
0.184
0.111
0.159
0.268
0.252
0.184
0.086
0.199
0.189
0.125
0.254
0.158
0.087
0.161
0.138
0.119
0.082
0.094
0.137
0.125
0.185
0.239
0.230
0.240
0.210
0.104
0.101
0.175
0.123
0.102
0.209
0.109
0.133
0.131
0.102
0.124
0.093
0.119
0.117
0.197
0.132
0.192
0.245
0.104
0.136
0.163
0.118
0.208
0.228
0.112
0.169
0.106
0.192
0.217
0.228
0.182
0.156
0.159
0.209
0.212
0.113
0.148
0.106
0.174
0.201
0.099
0.238
0.029
0.123
0.210
0.291
0.089
0.178
0.190
0.112
0.169
0.199
0.120
0.227
0.213
0.162
0.223
0.181
0.172
0.252
0.199
0.212
0.125
0.213
0.101
0.258
0.182
0.164
0.145
0.180
0.105
0.129
0.109
0.121
0.126
0.098
0.133
0.134
0.128
0.107
0.260
0.184
0.136
0.138
0.264
0.133
0.121
0.211
0.118
0.247
0.162
0.103
0.209
0.231
0.296
0.261
0.257
0.251
0.195
0.102
0.179
0.119
0.112
0.154
0.235
0.246
0.116
0.202
0.161
0.116
0.188
0.115
0.194
0.178
0.218
0.116
0.114
0.075
0.202
0.162
0.191
0.164
0.188
0.200
0.109
0.167
0.111
0.258
0.189
0.144
0.193
0.175
0.087
0.161
0.117
0.246
0.249
0.214
0.158
0.287
0.213
0.131
0.305
0.228
0.145
0.136
0.296
0.112
0.106
0.137
0.080
0.164
0.120
0.155
0.169
0.089
0.125
0.203
0.191
0.108
0.230
0.133
0.185
0.222
0.303
0.142
0.179
0.102
0.090
0.180
0.121
0.246
0.233
0.138
0.184
0.133
0.252
0.124
0.199
0.168
0.143
0.108
0.219
0.108
0.139
0.176
0.180
0.182
0.150
0.106
0.148
0.175
0.112
0.112
0.245
0.170
0.103
0.213
0.180
0.179
0.205
0.204
0.106
0.180
0.228
0.140
0.230
0.241
0.229
0.203
0.170
0.205
0.238
0.282
0.131
0.231
0.142
0.230
0.133
0.304
0.211
0.223
0.135
0.140
0.168
0.199
0.172
0.112
0.242
0.104
0.249
0.286
0.169
0.208
0.273
0.172
0.135
0.172
0.209
0.193
0.093
0.262
0.207
0.232
0.173
0.160
0.184
0.286
0.223
0.182
0.131
0.260
0.200
0.094
0.122
0.090
0.149
0.084
0.110
0.159
0.134
0.093
0.226
0.230
0.170
0.204
0.203
0.125
0.137
0.217
0.200
0.184
0.127
0.209
0.203
0.279
0.141
0.117
0.233
0.156
0.248
0.237
0.111
0.209
0.207
0.160
0.126
0.127
0.091
0.267
0.188
0.159
0.208
0.202
0.099
0.210
0.139
0.114
0.194
0.104
0.119
0.018
0.380
0.220
0.180
0.087
0.139
0.268
0.240
0.103
0.114
0.218
0.302
0.240
0.236
0.151
0.235
0.208
0.171
0.203
0.103
0.189
0.212
0.205
0.185
0.172
0.159
0.212
0.123
0.296
0.134
0.225
0.147
0.168
0.130
0.171
0.210
0.027
0.235
0.114
0.175
0.104
0.210
0.121
0.110
0.085
0.130
0.141
0.189
0.125
0.159
0.237
0.124
0.155
0.112
0.221
0.135
0.179
0.177
0.150
0.099
0.313
0.170
0.215
0.130
0.219
0.199
0.271
0.148
0.101
0.104
0.168
0.104
0.228
0.221
0.182
0.266
0.184
0.198
0.188
0.128
0.149
0.143
0.195
0.218
0.148
0.167
0.205
0.110
0.178
0.207
0.153
0.219
0.226
0.168
0.265
0.188
0.172
0.220
0.208
0.224
0.169
0.256
0.085
0.089
0.211
0.108
0.220
0.142
0.024
0.158
0.244
0.201
0.223
0.304
0.091
0.114
0.150
0.143
0.179
0.230
0.226
0.219
0.248
0.129
0.215
0.264
0.242
0.189
0.233
0.113
0.198
0.212
0.197
0.177
0.215
0.119
0.115
0.206
0.103
0.264
0.146
0.206
0.226
0.102
0.189
0.170
0.091
0.105
0.120
0.139
0.228
0.284
0.099
0.197
0.105
0.097
0.103
0.108
0.168
0.130
0.099
0.163
0.292
0.242
0.227
0.112
0.208
0.193
0.182
0.230
0.094
0.150
0.152
0.114
0.295
0.132
0.175
0.172
0.240
0.264
0.075
0.150
0.220
0.175
0.255
0.089
0.226
0.134
0.131
0.171
0.087
0.198
0.222
0.178
0.227
0.158
0.139
0.210
0.105
0.182
0.126
0.201
0.216
0.111
0.133
0.229
0.178
0.112
0.168
0.178
0.217
0.150
0.153
0.148
0.119
0.245
0.184
0.165
0.207
0.209
0.140
0.232
0.223
0.188
0.172
0.204
0.190
0.212
0.151
0.222
0.243
0.125
0.135
0.106
0.213
0.100
0.198
0.178
0.159
0.169
0.201
0.109
0.176
0.111
0.199
0.192
0.133
0.182
0.197
0.186
0.187
0.262
0.154
0.149
0.174
0.196
0.197
0.145
0.187
0.252
0.136
0.169
0.185
0.238
0.200
0.140
0.163
0.181
0.157
0.095
0.206
0.182
0.137
0.109
0.223
0.116
0.106
0.148
0.149
0.100
0.196
0.168
0.152
0.240
0.202
0.122
0.206
0.022
0.100
0.025
0.202
0.129
0.194
0.236
0.162
0.195
0.186
0.113
0.170
0.118
0.168
0.192
0.181
0.212
0.181
0.099
0.210
0.122
0.192
0.133
0.211
0.164
0.183
0.094
0.135
0.106
0.231
0.108
0.109
0.151
0.152
0.177
0.107
0.204
0.132
0.144
0.134
0.270
0.196
0.202
0.106
0.137
0.142
0.155
0.117
0.095
0.174
0.213
0.172
0.216
0.220
0.117
0.197
0.245
0.220
0.265
0.077
0.239
0.126
0.254
0.251
0.181
0.156
0.141
0.224
0.190
0.308
0.211
0.132
0.168
0.203
0.185
0.222
0.259
0.253
0.152
0.120
0.104
0.212
0.189
0.149
0.232
0.253
0.175
0.164
0.089
0.267
0.163
0.137
0.174
0.152
0.224
0.217
0.205
0.228
0.216
0.146
0.180
0.227
0.242
0.168
0.162
0.120
0.135
0.102
0.179
0.104
0.107
0.131
0.031
0.128
0.107
0.120
0.173
0.192
0.152
0.170
0.131
0.132
0.154
0.116
0.214
0.121
0.210
0.311
0.131
0.103
0.197
0.187
0.259
0.224
0.274
0.150
0.209
0.145
0.106
0.163
0.296
0.094
0.107
0.113
0.255
0.192
0.187
0.208
0.238
0.228
0.155
0.181
0.097
0.162
0.189
0.160
0.109
0.245
0.236
0.270
0.118
0.184
0.024
0.169
0.093
0.090
0.232
0.135
0.099
0.115
0.195
0.220
0.078
0.147
0.143
0.243
0.228
0.140
0.110
0.192
0.108
0.160
0.173
0.148
0.172
0.092
0.194
0.108
0.208
0.163
0.155
0.146
0.142
0.138
0.108
0.096
0.089
0.079
0.119
0.208
0.211
0.127
0.189
0.095
0.195
0.280
0.102
0.170
0.160
0.149
0.248
0.139
0.133
0.087
0.241
0.118
0.205
0.184
0.283
0.132
0.096
0.128
0.209
0.171
0.119
0.165
0.144
0.121
0.153
0.137
0.073
0.163
0.183
0.131
0.200
0.210
0.289
0.216
0.155
0.224
0.112
0.153
0.164
0.218
0.135
0.124
0.070
0.114
0.112
0.109
0.177
0.187
0.204
0.204
0.105
0.165
0.171
0.112
0.110
0.148
0.130
0.098
0.208
0.217
0.116
0.194
0.139
0.146
0.125
0.145
0.204
0.154
0.301
0.175
0.109
0.253
0.113
0.199
0.194
0.167
0.202
0.100
0.227
0.129
0.258
0.220
0.136
0.239
0.118
0.190
0.166
0.137
0.231
0.155
0.121
0.112
0.196
0.177
0.118
0.190
0.160
0.217
0.180
0.136
0.153
0.240
0.241
0.284
0.156
0.130
0.183
0.105
0.205
0.263
0.171
0.165
0.101
0.206
0.144
0.196
0.145
0.174
0.189
0.178
0.248
0.262
0.188
0.195
0.110
0.187
0.097
0.171
0.251
0.143
0.082
0.213
0.172
0.223
0.182
0.202
0.209
0.210
0.216
0.100
0.078
0.219
0.126
0.248
0.177
0.091
0.215
0.216
0.201
0.131
0.133
0.096
0.099
0.266
0.173
0.203
0.177
0.173
0.119
0.168
0.145
0.220
0.261
0.135
0.192
0.230
0.148
0.204
0.222
0.107
0.121
0.107
0.201
0.210
0.170
0.026
0.109
0.215
0.261
0.136
0.102
0.217
0.106
0.187
0.139
0.199
0.238
0.308
0.207
0.123
0.160
0.105
0.107
0.148
0.197
0.236
0.147
0.102
0.167
0.199
0.068
0.215
0.309
0.197
0.210
0.210
0.148
0.203
0.254
0.161
0.221
0.182
0.133
0.190
0.245
0.128
0.109
0.110
0.222
0.104
0.117
0.159
0.143
0.189
0.152
0.167
0.244
0.161
0.171
0.291
0.187
0.229
0.153
0.184
0.214
0.140
0.229
0.113
0.253
0.214
0.239
0.138
0.117
0.231
0.217
0.203
0.267
0.132
0.111
0.206
0.156
0.138
0.226
0.117
0.187
0.131
0.192
0.171
0.137
0.165
0.217
0.206
0.175
0.189
0.245
0.146
0.171
0.093
0.199
0.207
0.157
0.133
0.129
0.100
0.262
0.155
0.179
0.182
0.227
0.131
0.114
0.140
0.199
0.257
0.157
0.176
0.101
0.206
0.096
0.129
0.119
0.138
0.258
0.179
0.201
0.155
0.104
0.211
0.203
0.141
0.216
0.114
0.207
0.226
0.225
0.145
0.101
0.169
0.229
0.102
0.155
0.110
0.136
0.190
0.202
0.240
0.182
0.098
0.215
0.117
0.132
0.129
0.101
0.205
0.118
0.083
0.261
0.102
0.118
0.207
0.174
0.103
0.125
0.228
0.250
0.216
0.123
0.257
0.111
0.173
0.269
0.133
0.114
0.106
0.209
0.129
0.159
0.221
0.089
0.157
0.232
0.114
0.193
0.280
0.100
0.190
0.089
0.226
0.181
0.237
0.213
0.157
0.128
0.227
0.153
0.124
0.130
0.109
0.111
0.103
0.095
0.211
0.224
0.193
0.105
0.246
0.159
0.175
0.102
0.172
0.080
0.101
0.189
0.159
0.170
0.187
0.240
0.118
0.207
0.280
0.186
0.153
0.183
0.173
0.169
0.192
0.111
0.246
0.230
0.139
0.173
0.162
0.256
0.157
0.101
0.247
0.127
0.183
0.124
0.205
0.277
0.168
0.162
0.214
0.094
0.118
0.254
0.141
0.220
0.113
0.092
0.191
0.159
0.197
0.135
0.184
0.164
0.234
0.133
0.098
0.107
0.135
0.231
0.259
0.153
0.112
0.103
0.113
0.319
0.215
0.076
0.167
0.197
0.182
0.108
0.161
0.295
0.174
0.142
0.190
0.149
0.269
0.136
0.214
0.116
0.121
0.175
0.252
0.220
0.318
0.152
0.122
0.232
0.256
0.209
0.137
0.160
0.174
0.153
0.148
0.190
0.169
0.146
0.182
0.125
0.126
0.100
0.244
0.213
0.170
0.170
0.122
0.207
0.278
0.105
0.114
0.152
0.163
0.206
0.103
0.146
0.292
0.149
0.163
0.178
0.093
0.199
0.147
0.062
0.138
0.230
0.127
0.200
0.177
0.192
0.148
0.253
0.238
0.221
0.239
0.281
0.258
0.188
0.276
0.193
0.031
0.168
0.194
0.225
0.109
0.148
0.144
0.249
0.170
0.210
0.218
0.125
0.168
0.139
0.139
0.161
0.216
0.171
0.138
0.311
0.210
0.116
0.228
0.087
0.205
0.170
0.122
0.179
0.130
0.181
0.126
0.184
0.213
0.193
0.128
0.110
0.096
0.100
0.176
0.101
0.101
0.148
0.212
0.171
0.021
0.213
0.129
0.120
0.292
0.254
0.209
0.288
0.146
0.128
0.166
0.192
0.113
0.122
0.228
0.115
0.115
0.249
0.148
0.177
0.132
0.187
0.208
0.159
0.236
0.120
0.153
0.185
0.112
0.207
0.180
0.152
0.125
0.263
0.120
0.114
0.141
0.119
0.145
0.245
0.278
0.141
0.229
0.196
0.242
0.110
0.122
0.217
0.131
0.210
0.163
0.271
0.228
0.205
0.201
0.148
0.199
0.178
0.184
0.246
0.279
0.187
0.107
0.129
0.115
0.140
0.230
0.104
0.120
0.168
0.230
0.092
0.203
0.212
0.132
0.190
0.167
0.170
0.114
0.246
0.147
0.141
0.157
0.115
0.226
0.110
0.202
0.249
0.236
0.146
0.191
0.193
0.155
0.193
0.121
0.095
0.125
0.111
0.139
0.113
0.094
0.177
0.182
0.237
0.161
0.187
0.167
0.177
0.120
0.186
0.176
0.141
0.107
0.145
0.197
0.185
0.174
0.197
0.170
0.123
0.188
0.108
0.193
0.170
0.132
0.179
0.209
0.189
0.226
0.149
0.208
0.158
0.203
0.172
0.140
0.113
0.133
0.300
0.214
0.160
0.201
0.237
0.147
0.137
0.173
0.125
0.127
0.140
0.112
0.127
0.193
0.198
0.121
0.245
0.102
0.091
0.115
0.224
0.177
0.205
0.146
0.233
0.112
0.110
0.169
0.181
0.224
0.095
0.186
0.142
0.272
0.291
0.110
0.174
0.209
0.270
0.183
0.110
0.227
0.186
0.136
0.201
0.170
0.164
0.218
0.229
0.150
0.233
0.204
0.117
0.121
0.217
0.198
0.096
0.249
0.280
0.123
0.221
0.130
0.169
0.201
0.140
0.249
0.231
0.271
0.265
0.184
0.181
0.167
0.338
0.105
0.095
0.143
0.193
0.268
0.182
0.108
0.195
0.114
0.172
0.179
0.088
0.124
0.198
0.099
0.102
0.215
0.020
0.182
0.116
0.171
0.260
0.150
0.250
0.076
0.129
0.130
0.107
0.096
0.132
0.134
0.272
0.114
0.209
0.121
0.131
0.153
0.239
0.157
0.193
0.228
0.126
0.176
0.291
0.253
0.137
0.124
0.206
0.152
0.134
0.192
0.210
0.202
0.133
0.126
0.207
0.127
0.278
0.131
0.142
0.096
0.186
0.214
0.175
0.200
0.176
0.217
0.099
0.153
0.212
0.084
0.149
0.228
0.199
0.243
0.183
0.161
0.206
0.187
0.113
0.132
0.161
0.162
0.087
0.107
0.162
0.237
0.083
0.244
0.083
0.120
0.176
0.183
0.154
0.172
0.086
0.203
0.229
0.104
0.224
0.222
0.163
0.278
0.128
0.129
0.139
0.147
0.226
0.215
0.137
0.115
0.273
0.221
0.228
0.204
0.157
0.152
0.240
0.153
0.121
0.130
0.242
0.231
0.132
0.242
0.105
0.291
0.108
0.164
0.128
0.161
0.137
0.217
0.127
0.116
0.172
0.247
0.193
0.235
0.238
0.110
0.094
0.272
0.159
0.184
0.189
0.113
0.112
0.174
0.200
0.179
0.123
0.233
0.098
0.208
0.153
0.125
0.097
0.167
0.177
0.138
0.117
0.227
0.207
0.077
0.118
0.320
0.188
0.152
0.137
0.210
0.130
0.181
0.211
0.120
0.107
0.126
0.163
0.287
0.237
0.106
0.166
0.262
0.172
0.129
0.214
0.195
0.163
0.173
0.217
0.233
0.105
0.146
0.171
0.179
0.122
0.196
0.218
0.182
0.035
0.211
0.158
0.184
0.226
0.200
0.168
0.108
0.064
0.175
0.143
0.106
0.247
0.233
0.173
0.239
0.169
0.227
0.268
0.197
0.204
0.110
0.229
0.106
0.229
0.213
0.169
0.169
0.209
0.233
0.248
0.118
0.100
0.251
0.231
0.258
0.146
0.086
0.239
0.175
0.094
0.147
0.227
0.254
0.153
0.184
0.310
0.173
0.111
0.208
0.150
0.183
0.128
0.153
0.270
0.157
0.093
0.237
0.229
0.159
0.213
0.096
0.093
0.214
0.177
0.146
0.099
0.182
0.125
0.171
0.242
0.112
0.123
0.220
0.219
0.204
0.204
0.161
0.120
0.116
0.161
0.129
0.237
0.168
0.194
0.152
0.102
0.243
0.144
0.097
0.181
0.294
0.222
0.111
0.171
0.214
0.154
0.112
0.178
0.267
0.109
0.165
0.111
0.104
0.163
0.107
0.182
0.222
0.207
0.239
0.212
0.188
0.163
0.163
0.187
0.211
0.234
0.150
0.167
0.219
0.100
0.181
0.272
0.166
0.145
0.168
0.234
0.144
0.195
0.125
0.171
0.182
0.204
0.091
0.122
0.024
0.260
0.152
0.161
0.217
0.224
0.160
0.118
0.222
0.245
0.232
0.118
0.193
0.184
0.161
0.114
0.148
0.198
0.111
0.191
0.144
0.160
0.215
0.173
0.198
0.154
0.146
0.126
0.222
0.150
0.201
0.270
0.224
0.159
0.169
0.161
0.113
0.105
0.129
0.095
0.122
0.162
0.165
0.110
0.176
0.198
0.125
0.143
0.136
0.256
0.094
0.246
0.017
0.118
0.149
0.160
0.120
0.161
0.163
0.240
0.238
0.106
0.222
0.146
0.102
0.134
0.197
0.115
0.130
0.192
0.146
0.248
0.192
0.124
0.096
0.094
0.259
0.144
0.107
0.206
0.224
0.150
0.123
0.194
0.255
0.247
0.240
0.115
0.129
0.114
0.211
0.123
0.201
0.094
0.225
0.157
0.226
0.147
0.103
0.090
0.274
0.265
0.102
0.203
0.201
0.102
0.220
0.173
0.224
0.155
0.114
0.208
0.155
0.114
0.098
0.170
0.255
0.255
0.181
0.203
0.134
0.132
0.227
0.221
0.217
0.190
0.207
0.169
0.211
0.156
0.127
0.102
0.164
0.090
0.183
0.144
0.243
0.146
0.207
0.183
0.199
0.204
0.144
0.191
0.203
0.262
0.083
0.207
0.166
0.199
0.127
0.165
0.243
0.150
0.261
0.111
0.230
0.252
0.198
0.208
0.141
0.252
0.103
0.100
0.212
0.135
0.112
0.282
0.134
0.237
0.263
0.105
0.163
0.236
0.174
0.085
0.133
0.169
0.194
0.211
0.216
0.113
0.173
0.182
0.211
0.206
0.249
0.178
0.216
0.152
0.164
0.240
0.229
0.209
0.088
0.201
0.140
0.135
0.159
0.217
0.190
0.231
0.252
0.141
0.157
0.258
0.135
0.265
0.183
0.212
0.177
0.212
0.174
0.214
0.145
0.221
0.245
0.210
0.247
0.115
0.124
0.160
0.252
0.107
0.288
0.225
0.114
0.130
0.236
0.190
0.192
0.094
0.184
0.177
0.196
0.218
0.100
0.123
0.177
0.198
0.165
0.180
0.111
0.253
0.086
0.116
0.117
0.265
0.244
0.109
0.114
0.100
0.280
0.101
0.107
0.121
0.120
0.198
0.184
0.255
0.134
0.254
0.190
0.283
0.243
0.196
0.246
0.160
0.182
0.179
0.180
0.122
0.122
0.178
0.120
0.093
0.128
0.198
0.119
0.105
0.150
0.197
0.138
0.177
0.220
0.106
0.136
0.115
0.207
0.217
0.283
0.256
0.151
0.241
0.206
0.169
0.214
0.208
0.235
0.236
0.244
0.098
0.164
0.242
0.246
0.148
0.285
0.136
0.230
0.303
0.137
0.135
0.210
0.118
0.142
0.214
0.116
0.208
0.130
0.122
0.241
0.095
0.181
0.135
0.154
0.111
0.114
0.188
0.249
0.150
0.104
0.139
0.127
0.155
0.229
0.148
0.173
0.118
0.145
0.092
0.182
0.248
0.104
0.216
0.253
0.228
0.146
0.159
0.249
0.186
0.109
0.222
0.105
0.087
0.219
0.137
0.174
0.110
0.207
0.114
0.243
0.185
0.158
0.145
0.250
0.233
0.215
0.250
0.094
0.114
0.135
0.224
0.151
0.256
0.165
0.310
0.090
0.200
0.095
0.086
0.099
0.188
0.227
0.197
0.148
0.226
0.190
0.099
0.229
0.198
0.262
0.160
0.124
0.174
0.122
0.103
0.168
0.154
0.138
0.098
0.221
0.187
0.143
0.122
0.284
0.289
0.110
0.191
0.188
0.199
0.202
0.134
0.153
0.251
0.154
0.263
0.169
0.193
0.134
0.108
0.239
0.201
0.204
0.264
0.091
0.229
0.101
0.223
0.212
0.234
0.195
0.190
0.148
0.163
0.235
0.262
0.224
0.215
0.279
0.105
0.184
0.099
0.159
0.226
0.251
0.177
0.129
0.102
0.126
0.172
0.132
0.266
0.142
0.121
0.197
0.202
0.139
0.144
0.199
0.263
0.198
0.145
0.194
0.256
0.155
0.130
0.128
0.143
0.200
0.206
0.213
0.148
0.137
0.255
0.102
0.214
0.220
0.108
0.225
0.207
0.095
0.172
0.146
0.173
0.187
0.212
0.154
0.119
0.207
0.192
0.090
0.115
0.102
0.188
0.032
0.196
0.112
0.138
0.165
0.126
0.121
0.172
0.186
0.186
0.237
0.195
0.141
0.124
0.112
0.174
0.164
0.256
0.174
0.166
0.132
0.124
0.168
0.272
0.192
0.146
0.193
0.174
0.112
0.137
0.033
0.096
0.103
0.145
0.171
0.178
0.208
0.228
0.239
0.218
0.130
0.112
0.202
0.132
0.217
0.187
0.150
0.208
0.143
0.093
0.146
0.276
0.239
0.149
0.178
0.269
0.207
0.223
0.180
0.249
0.109
0.199
0.217
0.099
0.249
0.206
0.151
0.198
0.220
0.211
0.098
0.105
0.126
0.140
0.221
0.255
0.126
0.199
0.181
0.200
0.190
0.169
0.185
0.161
0.203
0.090
0.175
0.185
0.187
0.178
0.202
0.185
0.167
0.185
0.169
0.214
0.219
0.197
0.232
0.205
0.165
0.162
0.150
0.186
0.216
0.098
0.145
0.199
0.124
0.136
0.138
0.288
0.161
0.116
0.111
0.113
0.182
0.252
0.122
0.120
0.214
0.196
0.115
0.112
0.216
0.164
0.148
0.150
0.193
0.217
0.116
0.223
0.158
0.238
0.204
0.203
0.248
0.125
0.149
0.270
0.225
0.243
0.232
0.215
0.117
0.266
0.102
0.196
0.176
0.104
0.140
0.150
0.245
0.258
0.335
0.135
0.165
0.106
0.198
0.202
0.192
0.156
0.129
0.210
0.248
0.078
0.261
0.133
0.102
0.162
0.181
0.144
0.116
0.106
0.216
0.195
0.245
0.215
0.274
0.206
0.264
0.135
0.121
0.160
0.110
0.168
0.204
0.216
0.140
0.123
0.115
0.159
0.105
0.186
0.217
0.102
0.139
0.251
0.129
0.205
0.148
0.132
0.099
0.122
0.096
0.123
0.287
0.166
0.267
0.170
0.133
0.185
0.138
0.218
0.168
0.124
0.245
0.130
0.193
0.156
0.176
0.237
0.205
0.199
0.138
0.189
0.259
0.178
0.164
0.178
0.199
0.204
0.171
0.205
0.081
0.174
0.191
0.169
0.233
0.235
0.166
0.248
0.145
0.199
0.094
0.213
0.181
0.194
0.236
0.221
0.278
0.107
0.142
0.115
0.121
0.112
0.177
0.235
0.183
0.185
0.236
0.184
0.131
0.147
0.153
0.268
0.193
0.102
0.207
0.128
0.170
0.189
0.115
0.249
0.239
0.100
0.130
0.268
0.211
0.224
0.278
0.116
0.222
0.222
0.097
0.199
0.228
0.262
0.241
0.142
0.177
0.139
0.228
0.255
0.115
0.158
0.114
0.140
0.182
0.087
0.189
0.144
0.284
0.185
0.112
0.149
0.186
0.165
0.088
0.146
0.241
0.153
0.167
0.147
0.194
0.183
0.105
0.111
0.179
0.129
0.211
0.164
0.232
0.091
0.154
0.086
0.130
0.199
0.186
0.179
0.127
0.261
0.134
0.175
0.104
0.202
0.256
0.095
0.255
0.153
0.189
0.221
0.114
0.209
0.156
0.189
0.210
0.177
0.149
0.180
0.165
0.123
0.138
0.082
0.204
0.186
0.206
0.259
0.303
0.139
0.232
0.096
0.094
0.184
0.234
0.212
0.105
0.314
0.180
0.150
0.200
0.165
0.137
0.153
0.273
0.149
0.178
0.213
0.240
0.198
0.171
0.267
0.142
0.221
0.200
0.259
0.107
0.279
0.215
0.185
0.238
0.100
0.120
0.146
0.102
0.183
0.164
0.208
0.083
0.215
0.244
0.146
0.129
0.152
0.183
0.184
0.250
0.156
0.104
0.112
0.251
0.277
0.130
0.216
0.121
0.113
0.148
0.124
0.141
0.133
0.233
0.100
0.100
0.122
0.257
0.233
0.156
0.152
0.139
0.173
0.147
0.081
0.191
0.162
0.202
0.150
0.152
0.200
0.095
0.211
0.194
0.161
0.214
0.204
0.198
0.119
0.130
0.263
0.158
0.230
0.246
0.097
0.272
0.160
0.223
0.199
0.156
0.258
0.097
0.233
0.099
0.114
0.102
0.093
0.108
0.161
0.131
0.102
0.105
0.093
0.154
0.185
0.101
0.083
0.141
0.125
0.204
0.109
0.121
0.203
0.218
0.116
0.173
0.219
0.094
0.161
0.098
0.126
0.168
0.266
0.121
0.257
0.179
0.141
0.082
0.289
0.022
0.183
0.218
0.255
0.173
0.300
0.256
0.149
0.106
0.100
0.199
0.208
0.249
0.208
0.136
0.212
0.187
0.221
0.285
0.211
0.185
0.169
0.154
0.195
0.194
0.126
0.085
0.166
0.133
0.200
0.175
0.266
0.185
0.137
0.181
0.191
0.234
0.125
0.183
0.132
0.184
0.236
0.128
0.134
0.223
0.118
0.158
0.193
0.159
0.211
0.162
0.263
0.099
0.111
0.261
0.137
0.185
0.133
0.204
0.191
0.189
0.141
0.139
0.151
0.203
0.275
0.200
0.125
0.106
0.243
0.100
0.137
0.243
0.152
0.182
0.131
0.090
0.163
0.170
0.218
0.192
0.193
0.183
0.128
0.124
0.169
0.164
0.181
0.175
0.122
0.136
0.239
0.194
0.135
0.101
0.267
0.158
0.194
0.183
0.228
0.185
0.233
0.097
0.150
0.249
0.181
0.176
0.147
0.160
0.136
0.095
0.222
0.101
0.176
0.159
0.199
0.243
0.136
0.197
0.194
0.112
0.266
0.174
0.159
0.194
0.164
0.180
0.141
0.108
0.099
0.104
0.191
0.135
0.235
0.153
0.182
0.144
0.227
0.130
0.255
0.195
0.132
0.176
0.028
0.265
0.179
0.130
0.267
0.110
0.138
0.212
0.165
0.187
0.144
0.130
0.143
0.257
0.198
0.148
0.211
0.112
0.176
0.102
0.199
0.145
0.160
0.356
0.134
0.183
0.251
0.109
0.243
0.100
0.210
0.199
0.278
0.137
0.194
0.200
0.175
0.145
0.134
0.087
0.137
0.186
0.129
0.187
0.253
0.102
0.240
0.169
0.214
0.169
0.205
0.211
0.186
0.134
0.157
0.189
0.127
0.171
0.121
0.174
0.175
0.213
0.167
0.243
0.219
0.242
0.262
0.213
0.155
0.137
0.148
0.210
0.157
0.135
0.230
0.204
0.119
0.115
0.262
0.252
0.229
0.149
0.266
0.090
0.235
0.233
0.117
0.134
0.137
0.233
0.197
0.167
0.113
0.230
0.247
0.196
0.192
0.170
0.195
0.202
0.119
0.256
0.181
0.226
0.110
0.186
0.181
0.214
0.240
0.210
0.208
0.199
0.213
0.025
0.125
0.170
0.135
0.164
0.160
0.145
0.091
0.228
0.100
0.198
0.196
0.308
0.152
0.104
0.203
0.096
0.121
0.250
0.129
0.161
0.122
0.148
0.141
0.173
0.213
0.191
0.180
0.152
0.122
0.160
0.236
0.125
0.166
0.110
0.136
0.234
0.126
0.152
0.225
0.080
0.249
0.126
0.192
0.252
0.121
0.182
0.289
0.189
0.280
0.119
0.218
0.144
0.218
0.090
0.144
0.164
0.159
0.100
0.089
0.136
0.269
0.171
0.219
0.101
0.132
0.239
0.114
0.181
0.130
0.206
0.222
0.143
0.118
0.098
0.127
0.276
0.239
0.171
0.027
0.267
0.111
0.205
0.128
0.149
0.199
0.246
0.171
0.227
0.097
0.230
0.149
0.143
0.198
0.119
0.184
0.199
0.251
0.161
0.240
0.099
0.237
0.172
0.221
0.270
0.148
0.092
0.273
0.185
0.106
0.210
0.104
0.103
0.110
0.171
0.173
0.281
0.170
0.199
0.274
0.116
0.132
0.158
0.221
0.192
0.109
0.122
0.113
0.234
0.200
0.133
0.161
0.231
0.178
0.285
0.319
0.095
0.261
0.210
0.196
0.261
0.150
0.195
0.166
0.113
0.162
0.222
0.111
0.203
0.235
0.144
0.172
0.217
0.225
0.200
0.075
0.083
0.093
0.143
0.206
0.103
0.266
0.266
0.108
0.181
0.245
0.233
0.181
0.163
0.105
0.178
0.186
0.213
0.199
0.111
0.191
0.125
0.166
0.256
0.137
0.219
0.205
0.155
0.219
0.157
0.167
0.136
0.114
0.234
0.165
0.135
0.130
0.151
0.235
0.356
0.119
0.261
0.181
0.156
0.227
0.144
0.267
0.199
0.200
0.111
0.204
0.184
0.268
0.190
0.148
0.090
0.158
0.239
0.227
0.188
0.234
0.164
0.189
0.241
0.198
0.172
0.142
0.176
0.287
0.122
0.251
0.237
0.157
0.140
0.261
0.103
0.129
0.140
0.191
0.045
0.118
0.116
0.130
0.105
0.135
0.132
0.140
0.304
0.120
0.090
0.180
0.102
0.165
0.084
0.132
0.222
0.234
0.112
0.158
0.150
0.203
0.198
0.104
0.082
0.164
0.203
0.228
0.131
0.154
0.218
0.245
0.276
0.127
0.124
0.121
0.236
0.106
0.181
0.131
0.132
0.200
0.135
0.220
0.145
0.208
0.132
0.204
0.229
0.202
0.206
0.106
0.099
0.129
0.135
0.161
0.231
0.244
0.146
0.134
0.117
0.172
0.114
0.217
0.116
0.108
0.188
0.170
0.115
0.195
0.132
0.134
0.086
0.280
0.077
0.137
0.203
0.166
0.168
0.121
0.180
0.239
0.131
0.186
0.178
0.263
0.187
0.144
0.178
0.161
0.109
0.178
0.183
0.093
0.152
0.139
0.195
0.190
0.169
0.099
0.207
0.166
0.146
0.157
0.097
0.171
0.077
0.213
0.190
0.176
0.160
0.208
0.175
0.179
0.138
0.247
0.233
0.107
0.247
0.123
0.137
0.122
0.196
0.152
0.150
0.156
0.115
0.108
0.195
0.201
0.170
0.125
0.095
0.107
0.185
0.170
0.123
0.099
0.229
0.126
0.102
0.108
0.109
0.188
0.156
0.106
0.122
0.094
0.123
0.184
0.152
0.151
0.164
0.159
0.143
0.118
0.140
0.226
0.161
0.175
0.097
0.265
0.209
0.101
0.155
0.106
0.170
0.222
0.214
0.127
0.221
0.167
0.186
0.160
0.176
0.189
0.093
0.284
0.148
0.206
0.157
0.221
0.273
0.123
0.271
0.095
0.190
0.115
0.161
0.201
0.216
0.118
0.114
0.155
0.167
0.098
0.177
0.279
0.241
0.160
0.090
0.207
0.127
0.206
0.126
0.169
0.201
0.206
0.112
0.152
0.194
0.122
0.183
0.156
0.120
0.113
0.113
0.188
0.187
0.241
0.124
0.134
0.107
0.198
0.253
0.206
0.226
0.183
0.146
0.110
0.133
0.216
0.182
0.206
0.137
0.100
0.163
0.247
0.140
0.191
0.218
0.170
0.112
0.192
0.205
0.128
0.151
0.139
0.145
0.187
0.165
0.125
0.109
0.218
0.090
0.131
0.081
0.124
0.220
0.109
0.165
0.148
0.279
0.108
0.140
0.202
0.123
0.259
0.202
0.217
0.124
0.156
0.173
0.168
0.159
0.219
0.183
0.232
0.182
0.256
0.166
0.184
0.122
0.095
0.127
0.267
0.163
0.181
0.213
0.272
0.132
0.080
0.164
0.166
0.168
0.220
0.081
0.213
0.254
0.119
0.232
0.289
0.166
0.196
0.136
0.107
0.098
0.240
0.227
0.026
0.195
0.218
0.211
0.184
0.230
0.235
0.118
0.137
0.178
0.098
0.201
0.164
0.167
0.140
0.213
0.198
0.146
0.179
0.091
0.240
0.124
0.141
0.134
0.251
0.180
0.126
0.215
0.125
0.137
0.103
0.225
0.074
0.191
0.130
0.109
0.186
0.277
0.178
0.102
0.104
0.291
0.149
0.205
0.187
0.173
0.141
0.216
0.246
0.128
0.182
0.196
0.203
0.256
0.242
0.224
0.114
0.172
0.244
0.151
0.139
0.112
0.204
0.104
0.225
0.231
0.222
0.189
0.171
0.131
0.140
0.104
0.152
0.208
0.222
0.144
0.255
0.246
0.159
0.211
0.270
0.277
0.167
0.127
0.036
0.180
0.124
0.193
0.202
0.153
0.261
0.161
0.214
0.160
0.196
0.251
0.186
0.149
0.172
0.139
0.174
0.233
0.125
0.132
0.265
0.143
0.187
0.177
0.094
0.103
0.127
0.238
0.225
0.166
0.143
0.270
0.102
0.214
0.232
0.086
0.173
0.114
0.197
0.191
0.094
0.138
0.193
0.168
0.287
0.207
0.142
0.123
0.261
0.237
0.186
0.153
0.219
0.268
0.119
0.115
0.268
0.146
0.192
0.241
0.139
0.173
0.164
0.109
0.140
0.178
0.164
0.206
0.236
0.167
0.138
0.112
0.278
0.228
0.119
0.156
0.178
0.115
0.234
0.207
0.090
0.245
0.126
0.214
0.151
0.270
0.213
0.266
0.191
0.113
0.193
0.215
0.099
0.244
0.217
0.204
0.220
0.248
0.098
0.114
0.159
0.139
0.216
0.170
0.208
0.171
0.244
0.105
0.104
0.172
0.186
0.139
0.181
0.170
0.127
0.182
0.171
0.173
0.175
0.198
0.139
0.101
0.265
0.149
0.179
0.146
0.146
0.202
0.200
0.136
0.090
0.145
0.131
0.197
0.141
0.104
0.131
0.167
0.153
0.166
0.185
0.138
0.178
0.155
0.128
0.185
0.155
0.195
0.195
0.113
0.121
0.125
0.215
0.140
0.170
0.233
0.188
0.184
0.283
0.222
0.118
0.194
0.245
0.167
0.206
0.215
0.220
0.179
0.294
0.216
0.162
0.112
0.258
0.171
0.128
0.156
0.262
0.196
0.170
0.196
0.208
0.221
0.174
0.171
0.262
0.210
0.307
0.222
0.305
0.136
0.188
0.216
0.255
0.213
0.185
0.118
0.237
0.161
0.163
0.157
0.192
0.250
0.148
0.210
0.298
0.203
0.228
0.142
0.203
0.247
0.225
0.273
0.224
0.111
0.119
0.129
0.113
0.188
0.131
0.139
0.184
0.092
0.145
0.208
0.207
0.247
0.267
0.273
0.172
0.164
0.126
0.203
0.205
0.135
0.137
0.243
0.123
0.281
0.117
0.114
0.261
0.119
0.126
0.117
0.121
0.204
0.153
0.181
0.249
0.091
0.151
0.237
0.230
0.177
0.218
0.146
0.148
0.168
0.093
0.097
0.255
0.187
0.189
0.109
0.203
0.247
0.251
0.129
0.109
0.267
0.137
0.123
0.146
0.244
0.187
0.110
0.265
0.108
0.145
0.114
0.124
0.159
0.233
0.124
0.143
0.164
0.144
0.212
0.157
0.140
0.179
0.223
0.164
0.165
0.184
0.247
0.147
0.173
0.185
0.212
0.142
0.193
0.173
0.197
0.182
0.242
0.096
0.183
0.205
0.251
0.161
0.111
0.143
0.243
0.206
0.137
0.255
0.212
0.168
0.179
0.123
0.117
0.119
0.116
0.249
0.184
0.275
0.152
0.166
0.253
0.262
0.152
0.171
0.109
0.145
0.161
0.164
0.216
0.265
0.115
0.144
0.107
0.104
0.099
0.184
0.208
0.118
0.205
0.214
0.167
0.078
0.169
0.204
0.208
0.131
0.081
0.240
0.256
0.269
0.100
0.164
0.233
0.186
0.148
0.124
0.158
0.188
0.185
0.201
0.118
0.120
0.135
0.130
0.199
0.201
0.208
0.194
0.260
0.186
0.135
0.110
0.182
0.100
0.114
0.110
0.107
0.255
0.155
0.198
0.194
0.114
0.161
0.195
0.164
0.101
0.158
0.129
0.125
0.292
0.114
0.150
0.116
0.102
0.152
0.195
0.101
0.127
0.200
0.209
0.189
0.135
0.118
0.172
0.193
0.103
0.108
0.213
0.078
0.119
0.129
0.158
0.208
0.102
0.208
0.149
0.225
0.125
0.227
0.231
0.254
0.135
0.131
0.212
0.173
0.252
0.134
0.255
0.119
0.146
0.183
0.149
0.155
0.172
0.232
0.200
0.124
0.112
0.149
0.232
0.147
0.174
0.170
0.250
0.252
0.256
0.147
0.220
0.189
0.142
0.210
0.154
0.099
0.099
0.131
0.247
0.180
0.139
0.224
0.022
0.119
0.179
0.186
0.239
0.173
0.227
0.116
0.142
0.189
0.191
0.268
0.318
0.114
0.100
0.133
0.282
0.092
0.134
0.175
0.112
0.109
0.217
0.129
0.231
0.175
0.096
0.103
0.195
0.279
0.153
0.234
0.309
0.195
0.164
0.155
0.131
0.243
0.249
0.165
0.093
0.269
0.128
0.111
0.264
0.173
0.100
0.194
0.169
0.212
0.122
0.179
0.088
0.241
0.165
0.102
0.210
0.087
0.168
0.114
0.194
0.110
0.187
0.033
0.153
0.094
0.231
0.106
0.105
0.112
0.129
0.161
0.185
0.271
0.168
0.193
0.124
0.188
0.225
0.171
0.210
0.154
0.211
0.123
0.189
0.205
0.096
0.272
0.216
0.212
0.179
0.114
0.177
0.181
0.135
0.030
0.134
0.180
0.190
0.146
0.192
0.149
0.089
0.309
0.215
0.122
0.245
0.157
0.105
0.123
0.174
0.153
0.236
0.133
0.113
0.166
0.169
0.214
0.134
0.216
0.219
0.236
0.242
0.103
0.189
0.106
0.148
0.146
0.119
0.229
0.126
0.128
0.141
0.118
0.166
0.184
0.202
0.112
0.223
0.268
0.289
0.184
0.129
0.104
0.103
0.217
0.123
0.127
0.126
0.198
0.096
0.148
0.125
0.192
0.219
0.195
0.198
0.184
0.164
0.195
0.124
0.160
0.100
0.238
0.190
0.186
0.152
0.207
0.189
0.114
0.263
0.252
0.182
0.198
0.236
0.175
0.230
0.131
0.181
0.204
0.192
0.145
0.139
0.187
0.193
0.133
0.239
0.087
0.115
0.241
0.174
0.125
0.187
0.139
0.135
0.188
0.201
0.103
0.223
0.101
0.230
0.105
0.180
0.132
0.167
0.183
0.211
0.129
0.169
0.229
0.208
0.169
0.109
0.210
0.241
0.151
0.156
0.244
0.114
0.162
0.188
0.188
0.135
0.104
0.195
0.158
0.145
0.218
0.145
0.136
0.107
0.164
0.207
0.122
0.143
0.285
0.137
0.265
0.204
0.124
0.159
0.208
0.256
0.206
0.142
0.103
0.103
0.182
0.191
0.190
0.136
0.187
0.095
0.158
0.111
0.133
0.098
0.190
0.225
0.163
0.150
0.106
0.174
0.086
0.114
0.154
0.124
0.103
0.278
0.189
0.135
0.117
0.102
0.162
0.179
0.180
0.141
0.091
0.164
0.187
0.160
0.221
0.212
0.188
0.262
0.214
0.222
0.187
0.166
0.087
0.240
0.211
0.168
0.226
0.114
0.100
0.181
0.115
0.192
0.233
0.215
0.241
0.117
0.172
0.169
0.313
0.254
0.025
0.239
0.185
0.247
0.140
0.110
0.176
0.177
0.169
0.207
0.165
0.086
0.111
0.124
0.124
0.184
0.176
0.101
0.244
0.262
0.185
0.196
0.185
0.116
0.151
0.146
0.154
0.271
0.249
0.203
0.136
0.247
0.101
0.164
0.187
0.255
0.099
0.120
0.164
0.194
0.146
0.098
0.226
0.172
0.167
0.148
0.253
0.221
0.183
0.255
0.125
0.115
0.283
0.092
0.141
0.210
0.093
0.182
0.173
0.218
0.155
0.112
0.123
0.161
0.219
0.149
0.261
0.152
0.258
0.246
0.270
0.201
0.168
0.206
0.243
0.173
0.211
0.091
0.129
0.101
0.207
0.155
0.204
0.154
0.176
0.229
0.215
0.128
0.217
0.138
0.115
0.288
0.191
0.132
0.227
0.122
0.117
0.244
0.140
0.167
0.189
0.187
0.271
0.163
0.118
0.195
0.093
0.138
0.198
0.257
0.249
0.120
0.108
0.221
0.186
0.153
0.119
0.094
0.212
0.215
0.122
0.226
0.156
0.221
0.189
0.248
0.108
0.191
0.157
0.168
0.262
0.164
0.090
0.133
0.099
0.165
0.223
0.091
0.115
0.242
0.166
0.122
0.167
0.224
0.137
0.118
0.110
0.179
0.151
0.120
0.103
0.235
0.166
0.282
0.107
0.138
0.257
0.268
0.222
0.098
0.204
0.027
0.232
0.175
0.251
0.148
0.173
0.206
0.135
0.135
0.230
0.186
0.158
0.114
0.107
0.219
0.112
0.136
0.144
0.181
0.107
0.196
0.172
0.124
0.143
0.100
0.192
0.130
0.188
0.155
0.112
0.184
0.176
0.185
0.176
0.104
0.124
0.200
0.191
0.181
0.206
0.120
0.156
0.132
0.111
0.148
0.161
0.204
0.153
0.192
0.111
0.298
0.205
0.127
0.168
0.227
0.237
0.220
0.146
0.165
0.180
0.217
0.250
0.098
0.118
0.208
0.116
0.125
0.154
0.247
0.132
0.159
0.187
0.266
0.166
0.256
0.244
0.129
0.150
0.129
0.192
0.102
0.179
0.116
0.179
0.248
0.214
0.112
0.207
0.148
0.138
0.127
0.169
0.219
0.251
0.129
0.149
0.273
0.265
0.126
0.093
0.150
0.222
0.135
0.308
0.160
0.208
0.155
0.252
0.188
0.128
0.146
0.155
0.120
0.227
0.121
0.093
0.119
0.104
0.095
0.168
0.100
0.112
0.282
0.116
0.132
0.122
0.159
0.111
0.138
0.114
0.185
0.228
0.243
0.111
0.134
0.269
0.152
0.120
0.140
0.196
0.242
0.194
0.239
0.169
0.143
0.149
0.176
0.310
0.171
0.115
0.124
0.301
0.082
0.096
0.114
0.218
0.210
0.224
0.073
0.226
0.082
0.136
0.113
0.162
0.099
0.125
0.194
0.196
0.171
0.099
0.231
0.139
0.156
0.122
0.171
0.188
0.093
0.191
0.238
0.122
0.167
0.168
0.205
0.141
0.279
0.229
0.222
0.124
0.136
0.100
0.212
0.090
0.132
0.192
0.170
0.209
0.214
0.149
0.191
0.108
0.106
0.147
0.184
0.106
0.206
0.096
0.134
0.129
0.104
0.204
0.194
0.294
0.087
0.116
0.111
0.177
0.192
0.181
0.166
0.159
0.094
0.260
0.154
0.162
0.174
0.205
0.159
0.187
0.162
0.256
0.151
0.182
0.193
0.107
0.213
0.232
0.111
0.194
0.170
0.161
0.277
0.190
0.190
0.150
0.164
0.126
0.203
0.149
0.191
0.167
0.187
0.187
0.212
0.172
0.238
0.229
0.147
0.106
0.108
0.172
0.170
0.243
0.222
0.246
0.196
0.133
0.119
0.243
0.217
0.167
0.098
0.106
0.229
0.221
0.228
0.131
0.103
0.121
0.154
0.193
0.161
0.023
0.109
0.214
0.212
0.244
0.143
0.215
0.118
0.214
0.104
0.205
0.237
0.202
0.160
0.217
0.193
0.080
0.103
0.181
0.132
0.243
0.165
0.124
0.270
0.177
0.209
0.132
0.092
0.097
0.113
0.199
0.108
0.118
0.116
0.090
0.275
0.227
0.187
0.118
0.145
0.284
0.110
0.249
0.206
0.130
0.131
0.272
0.267
0.215
0.136
0.101
0.199
0.186
0.190
0.205
0.179
0.109
0.174
0.114
0.196
0.172
0.101
0.285
0.173
0.080
0.130
0.221
0.153
0.152
0.196
0.161
0.187
0.182
0.126
0.222
0.238
0.093
0.101
0.276
0.209
0.125
0.183
0.213
0.190
0.219
0.179
0.115
0.107
0.233
0.214
0.190
0.185
0.107
0.211
0.112
0.201
0.181
0.099
0.204
0.111
0.171
0.171
0.149
0.230
0.156
0.257
0.222
0.099
0.193
0.305
0.199
0.204
0.231
0.147
0.256
0.256
0.197
0.239
0.139
0.166
0.112
0.206
0.190
0.103
0.197
0.269
0.097
0.094
0.134
0.105
0.256
0.175
0.217
0.182
0.201
0.153
0.212
0.111
0.159
0.192
0.209
0.115
0.291
0.241
0.098
0.128
0.244
0.108
0.185
0.220
0.166
0.231
0.162
0.170
0.131
0.174
0.137
0.218
0.232
0.233
0.152
0.204
0.187
0.088
0.192
0.131
0.195
0.083
0.253
0.116
0.161
0.217
0.127
0.084
0.030
0.165
0.094
0.100
0.168
0.130
0.137
0.149
0.098
0.266
0.118
0.218
0.104
0.205
0.151
0.102
0.171
0.217
0.238
0.131
0.107
0.139
0.225
0.103
0.121
0.179
0.224
0.215
0.231
0.221
0.116
0.152
0.110
0.120
0.158
0.168
0.273
0.111
0.191
0.147
0.203
0.164
0.171
0.094
0.124
0.151
0.205
0.268
0.125
0.245
0.239
0.180
0.140
0.179
0.172
0.130
0.123
0.108
0.206
0.185
0.109
0.169
0.185
0.180
0.121
0.225
0.223
0.216
0.251
0.133
0.155
0.118
0.096
0.199
0.160
0.263
0.169
0.177
0.261
0.184
0.201
0.191
0.123
0.164
0.141
0.205
0.215
0.091
0.240
0.102
0.188
0.146
0.114
0.188
0.126
0.153
0.215
0.129
0.142
0.127
0.199
0.134
0.160
0.228
0.225
0.133
0.122
0.280
0.223
0.101
0.212
0.191
0.237
0.275
0.211
0.107
0.098
0.135
0.180
0.182
0.188
0.330
0.101
0.140
0.160
0.134
0.088
0.293
0.250
0.172
0.115
0.089
0.279
0.116
0.253
0.179
0.201
0.158
0.151
0.270
0.178
0.242
0.095
0.105
0.206
0.102
0.108
0.235
0.109
0.236
0.278
0.222
0.111
0.225
0.182
0.115
0.228
0.157
0.216
0.279
0.189
0.236
0.111
0.237
0.192
0.127
0.129
0.158
0.168
0.099
0.186
0.149
0.159
0.213
0.185
0.192
0.236
0.218
0.174
0.204
0.227
0.081
0.179
0.126
0.124
0.203
0.146
0.211
0.214
0.264
0.213
0.144
0.121
0.200
0.216
0.146
0.023
0.180
0.206
0.218
0.106
0.098
0.130
0.171
0.162
0.194
0.230
0.182
0.099
0.127
0.245
0.144
0.237
0.187
0.207
0.191
0.198
0.258
0.137
0.195
0.072
0.107
0.184
0.194
0.137
0.190
0.210
0.239
0.147
0.123
0.027
0.116
0.191
0.182
0.184
0.135
0.143
0.249
0.193
0.171
0.106
0.285
0.204
0.183
0.183
0.109
0.263
0.181
0.123
0.222
0.216
0.192
0.148
0.101
0.130
0.112
0.148
0.186
0.172
0.124
0.182
0.231
0.202
0.131
0.210
0.229
0.255
0.185
0.194
0.260
0.237
0.115
0.123
0.112
0.122
0.131
0.195
0.262
0.242
0.218
0.096
0.148
0.209
0.219
0.134
0.164
0.157
0.230
0.169
0.118
0.092
0.170
0.106
0.166
0.076
0.071
0.154
0.184
0.179
0.165
0.144
0.096
0.200
0.114
0.241
0.249
0.148
0.196
0.158
0.196
0.096
0.128
0.151
0.137
0.145
0.119
0.030
0.208
0.104
0.120
0.138
0.191
0.178
0.197
0.198
0.162
0.171
0.218
0.203
0.102
0.206
0.221
0.200
0.225
0.190
0.183
0.135
0.186
0.121
0.234
0.113
0.121
0.193
0.228
0.126
0.194
0.118
0.129
0.257
0.214
0.220
0.265
0.274
0.146
0.125
0.205
0.150
0.220
0.236
0.147
0.120
0.201
0.267
0.127
0.140
0.120
0.183
0.231
0.083
0.160
0.241
0.111
0.271
0.224
0.225
0.238
0.219
0.148
0.091
0.267
0.067
0.241
0.189
0.149
0.178
0.221
0.121
0.108
0.080
0.177
0.219
0.139
0.163
0.214
0.130
0.115
0.155
0.207
0.187
0.157
0.179
0.186
0.256
0.106
0.179
0.091
0.027
0.227
0.201
0.258
0.203
0.197
0.190
0.152
0.131
0.149
0.088
0.165
0.178
0.099
0.230
0.236
0.169
0.226
0.115
0.122
0.167
0.269
0.136
0.133
0.192
0.198
0.027
0.108
0.161
0.273
0.247
0.184
0.148
0.243
0.230
0.232
0.094
0.178
0.205
0.158
0.266
0.103
0.215
0.185
0.123
0.099
0.244
0.192
0.170
0.123
0.192
0.148
0.267
0.282
0.112
0.167
0.241
0.222
0.136
0.166
0.149
0.126
0.139
0.160
0.178
0.225
0.158
0.227
0.122
0.116
0.121
0.103
0.210
0.171
0.150
0.248
0.249
0.161
0.116
0.086
0.242
0.207
0.110
0.108
0.104
0.163
0.213
0.216
0.121
0.127
0.019
0.189
0.133
0.176
0.185
0.242
0.180
0.123
0.228
0.170
0.191
0.146
0.123
0.194
0.130
0.112
0.193
0.083
0.088
0.129
0.286
0.197
0.163
0.096
0.215
0.102
0.168
0.086
0.121
0.158
0.171
0.206
0.094
0.267
0.185
0.142
0.181
0.205
0.132
0.134
0.130
0.180
0.189
0.241
0.256
0.157
0.212
0.156
0.131
0.162
0.172
0.236
0.152
0.203
0.168
0.120
0.154
0.146
0.155
0.255
0.170
0.092
0.168
0.206
0.140
0.201
0.233
0.185
0.169
0.275
0.145
0.148
0.127
0.098
0.115
0.117
0.163
0.106
0.227
0.122
0.089
0.222
0.218
0.140
0.186
0.195
0.138
0.253
0.124
0.092
0.183
0.179
0.137
0.155
0.140
0.223
0.083
0.116
0.131
0.231
0.211
0.256
0.118
0.153
0.179
0.092
0.144
0.112
0.213
0.261
0.155
0.221
0.137
0.247
0.199
0.111
0.126
0.161
0.121
0.205
0.247
0.099
0.188
0.123
0.146
0.101
0.169
0.169
0.156
0.219
0.177
0.220
0.264
0.129
0.129
0.257
0.247
0.180
0.216
0.181
0.131
0.225
0.172
0.237
0.126
0.115
0.212
0.248
0.165
0.196
0.247
0.099
0.180
0.233
0.140
0.155
0.174
0.149
0.165
0.171
0.109
0.221
0.162
0.210
0.153
0.218
0.217
0.181
0.067
0.171
0.238
0.116
0.220
0.136
0.180
0.163
0.198
0.202
0.239
0.133
0.224
0.153
0.125
0.105
0.098
0.229
0.106
0.101
0.241
0.170
0.085
0.114
0.179
0.224
0.164
0.125
0.117
0.085
0.121
0.194
0.141
0.142
0.206
0.268
0.124
0.214
0.167
0.202
0.184
0.209
0.207
0.092
0.106
0.085
0.244
0.175
0.150
0.091
0.190
0.083
0.174
0.165
0.122
0.166
0.166
0.205
0.155
0.202
0.198
0.156
0.157
0.169
0.093
0.161
0.195
0.223
0.107
0.117
0.136
0.128
0.107
0.174
0.117
0.094
0.112
0.204
0.232
0.177
0.109
0.033
0.208
0.276
0.253
0.196
0.184
0.110
0.220
0.204
0.199
0.171
0.184
0.234
0.174
0.111
0.101
0.101
0.106
0.274
0.247
0.239
0.145
0.214
0.111
0.212
0.200
0.142
0.134
0.142
0.174
0.162
0.199
0.232
0.148
0.167
0.272
0.270
0.127
0.129
0.256
0.172
0.215
0.142
0.236
0.136
0.177
0.202
0.177
0.176
0.210
0.120
0.216
0.133
0.190
0.218
0.176
0.213
0.196
0.223
0.142
0.219
0.091
0.134
0.113
0.147
0.218
0.235
0.104
0.146
0.181
0.254
0.236
0.153
0.161
0.153
0.232
0.094
0.177
0.124
0.165
0.232
0.242
0.136
0.267
0.141
0.101
0.196
0.308
0.115
0.165
0.144
0.159
0.131
0.187
0.110
0.142
0.148
0.170
0.263
0.219
0.119
0.129
0.132
0.217
0.174
0.196
0.161
0.133
0.181
0.220
0.092
0.293
0.102
0.172
0.090
0.191
0.221
0.260
0.116
0.176
0.211
0.230
0.134
0.203
0.168
0.125
0.116
0.129
0.163
0.114
0.198
0.184
0.131
0.178
0.162
0.128
0.173
0.070
0.221
0.132
0.141
0.094
0.176
0.247
0.291
0.163
0.125
0.123
0.223
0.111
0.094
0.146
0.123
0.202
0.162
0.158
0.272
0.025
0.179
0.215
0.155
0.136
0.191
0.138
0.193
0.116
0.137
0.105
0.088
0.251
0.227
0.167
0.247
0.167
0.177
0.142
0.128
0.113
0.193
0.258
0.265
0.099
0.104
0.158
0.164
0.224
0.120
0.099
0.190
0.240
0.249
0.196
0.114
0.198
0.213
0.185
0.125
0.205
0.133
0.241
0.110
0.185
0.119
0.167
0.208
0.099
0.108
0.127
0.220
0.227
0.213
0.267
0.125
0.169
0.207
0.187
0.228
0.119
0.196
0.133
0.231
0.132
0.173
0.112
0.099
0.230
0.226
0.203
0.279
0.165
0.117
0.134
0.146
0.183
0.195
0.181
0.175
0.101
0.247
0.133
0.166
0.269
0.127
0.237
0.147
0.235
0.164
0.147
0.310
0.262
0.122
0.163
0.229
0.171
0.110
0.124
0.144
0.176
0.168
0.114
0.228
0.116
0.193
0.217
0.247
0.157
0.159
0.129
0.188
0.164
0.201
0.185
0.202
0.247
0.094
0.149
0.136
0.034
0.144
0.179
0.245
0.242
0.198
0.110
0.174
0.190
0.159
0.267
0.094
0.096
0.128
0.223
0.225
0.225
0.194
0.102
0.124
0.134
0.201
0.123
0.212
0.189
0.200
0.162
0.117
0.235
0.239
0.238
0.105
0.102
0.124
0.075
0.189
0.205
0.268
0.146
0.215
0.129
0.086
0.216
0.253
0.206
0.122
0.019
0.228
0.224
0.182
0.209
0.244
0.255
0.305
0.114
0.222
0.197
0.253
0.183
0.125
0.130
0.168
0.124
0.187
0.083
0.217
0.181
0.167
0.153
0.144
0.141
0.222
0.024
0.144
0.226
0.158
0.186
0.227
0.037
0.102
0.111
0.128
0.119
0.119
0.081
0.110
0.216
0.106
0.104
0.121
0.216
0.193
0.211
0.110
0.236
0.146
0.205
0.226
0.100
0.283
0.108
0.202
0.139
0.108
0.191
0.249
0.217
0.131
0.213
0.111
0.185
0.129
0.149
0.226
0.184
0.109
0.208
0.256
0.214
0.241
0.153
0.172
0.110
0.132
0.236
0.115
0.307
0.098
0.239
0.145
0.155
0.151
0.271
0.108
0.156
0.145
0.207
0.164
0.134
0.103
0.125
0.126
0.212
0.148
0.261
0.264
0.178
0.119
0.125
0.241
0.135
0.094
0.154
0.121
0.118
0.234
0.166
0.280
0.169
0.168
0.166
0.129
0.209
0.164
0.147
0.123
0.200
0.234
0.091
0.143
0.184
0.242
0.112
0.104
0.021
0.189
0.161
0.169
0.175
0.242
0.206
0.146
0.130
0.116
0.202
0.229
0.169
0.114
0.161
0.149
0.116
0.195
0.177
0.213
0.089
0.140
0.185
0.212
0.159
0.155
0.159
0.144
0.165
0.101
0.103
0.194
0.106
0.153
0.154
0.120
0.180
0.171
0.260
0.169
0.210
0.247
0.180
0.177
0.209
0.216
0.111
0.092
0.104
0.101
0.142
0.267
0.145
0.252
0.166
0.123
0.167
0.281
0.179
0.216
0.188
0.210
0.235
0.182
0.034
0.192
0.096
0.143
0.127
0.182
0.115
0.157
0.138
0.242
0.109
0.229
0.242
0.123
0.202
0.160
0.192
0.203
0.166
0.281
0.191
0.103
0.199
0.139
0.221
0.132
0.296
0.186
0.181
0.148
0.160
0.191
0.099
0.204
0.193
0.189
0.125
0.199
0.191
0.128
0.184
0.137
0.119
0.153
0.160
0.165
0.214
0.186
0.226
0.213
0.107
0.248
0.156
0.163
0.189
0.210
0.152
0.264
0.147
0.085
0.121
0.198
0.160
0.177
0.154
0.272
0.221
0.188
0.119
0.055
0.253
0.268
0.212
0.105
0.219
0.192
0.228
0.116
0.185
0.145
0.185
0.259
0.147
0.208
0.172
0.156
0.178
0.238
0.185
0.142
0.265
0.215
0.116
0.103
0.139
0.244
0.119
0.284
0.171
0.186
0.080
0.226
0.199
0.248
0.149
0.188
0.167
0.238
0.244
0.123
0.244
0.210
0.127
0.125
0.202
0.161
0.256
0.154
0.120
0.191
0.112
0.106
0.167
0.157
0.213
0.157
0.144
0.136
0.201
0.211
0.154
0.204
0.106
0.212
0.158
0.155
0.141
0.133
0.094
0.117
0.168
0.146
0.182
0.161
0.115
0.162
0.240
0.120
0.196
0.198
0.219
0.115
0.122
0.122
0.154
0.209
0.132
0.132
0.183
0.157
0.207
0.143
0.098
0.147
0.249
0.110
0.141
0.157
0.248
0.162
0.165
0.215
0.149
0.248
0.188
0.222
0.129
0.184
0.201
0.217
0.120
0.229
0.132
0.032
0.194
0.283
0.260
0.161
0.181
0.194
0.150
0.129
0.116
0.111
0.220
0.248
0.170
0.217
0.137
0.107
0.168
0.137
0.135
0.150
0.250
0.178
0.169
0.129
0.025
0.140
0.222
0.191
0.139
0.145
0.153
0.274
0.151
0.179
0.164
0.132
0.127
0.094
0.218
0.216
0.172
0.204
0.179
0.089
0.166
0.172
0.141
0.095
0.279
0.144
0.142
0.171
0.160
0.169
0.184
0.213
0.293
0.268
0.116
0.178
0.029
0.176
0.075
0.125
0.197
0.109
0.178
0.215
0.297
0.271
0.111
0.119
0.212
0.095
0.218
0.226
0.142
0.208
0.177
0.234
0.199
0.109
0.253
0.134
0.224
0.203
0.249
0.110
0.184
0.139
0.216
0.102
0.136
0.269
0.237
0.181
0.093
0.189
0.272
0.210
0.133
0.247
0.226
0.129
0.273
0.193
0.165
0.237
0.283
0.141
0.185
0.213
0.150
0.129
0.110
0.226
0.138
0.151
0.115
0.249
0.214
0.152
0.242
0.267
0.249
0.229
0.169
0.162
0.165
0.160
0.208
0.166
0.247
0.185
0.250
0.203
0.110
0.133
0.215
0.177
0.083
0.131
0.098
0.184
0.140
0.103
0.196
1.071
0.098
0.201
0.264
0.120
0.166
0.110
0.158
0.185
0.195
0.150
0.169
0.199
0.215
0.139
0.218
0.105
0.217
0.027
0.140
0.256
0.126
0.239
0.109
0.145
0.207
0.186
0.255
0.145
0.117
0.247
0.127
0.219
0.119
0.242
0.128
0.159
0.130
0.171
0.103
0.251
0.161
0.112
0.134
0.114
0.110
0.195
0.150
0.250
0.106
0.106
0.136
0.211
0.274
0.196
0.257
0.238
0.221
0.204
0.182
0.206
0.246
0.210
0.234
0.192
0.200
0.231
0.167
0.140
0.173
0.090
0.186
0.228
0.241
0.165
0.166
0.130
0.195
0.132
0.166
0.211
0.123
0.096
0.109
0.262
0.162
0.202
0.179
0.181
0.158
0.253
0.102
0.177
0.123
0.129
0.189
0.133
0.243
0.120
0.101
0.195
0.197
0.022
0.215
0.247
0.133
0.159
0.145
0.190
0.159
0.127
0.162
0.148
0.118
0.179
0.241
0.256
0.131
0.102
0.195
0.197
0.187
0.098
0.157
0.156
0.079
0.260
0.170
0.148
0.186
0.117
0.084
0.199
0.114
0.124
0.133
0.156
0.217
0.144
0.270
0.182
0.209
0.181
0.099
0.180
0.149
0.125
0.265
0.233
0.224
0.243
0.108
0.216
0.121
0.183
0.257
0.180
0.230
0.146
0.242
0.091
0.240
0.227
0.097
0.118
0.081
0.125
0.217
0.135
0.253
0.114
0.147
0.259
0.161
0.118
0.179
0.191
0.234
0.124
0.110
0.110
0.265
0.225
0.130
0.183
0.175
0.209
0.167
0.212
0.282
0.234
0.133
0.214
0.195
0.236
0.095
0.134
0.148
0.166
0.148
0.166
0.211
0.108
0.109
0.206
0.113
0.179
0.170
0.247
0.271
0.246
0.237
0.165
0.106
0.188
0.211
0.154
0.150
0.175
0.291
0.218
0.120
0.172
0.106
0.127
0.186
0.192
0.125
0.172
0.119
0.127
0.158
0.166
0.107
0.251
0.121
0.179
0.225
0.145
0.175
0.158
0.163
0.179
0.143
0.221
0.177
0.088
0.087
0.164
0.106
0.168
0.244
0.253
0.095
0.116
0.100
0.192
0.185
0.198
0.199
0.212
0.216
0.096
0.181
0.235
0.211
0.217
0.123
0.155
0.049
0.322
0.226
0.138
0.158
0.164
0.122
0.138
0.220
0.240
0.218
0.184
0.212
0.090
0.097
0.108
0.204
0.163
0.282
0.136
0.123
0.145
0.225
0.149
0.136
0.129
0.078
0.186
0.168
0.263
0.151
0.209
0.168
0.203
0.147
0.123
0.128
0.125
0.307
0.191
0.166
0.229
0.245
0.166
0.177
0.196
0.191
0.248
0.242
0.120
0.094
0.195
0.143
0.194
0.192
0.121
0.204
0.218
0.250
0.159
0.165
0.122
0.195
0.142
0.194
0.266
0.150
0.128
0.235
0.108
0.097
0.193
0.097
0.107
0.295
0.164
1.275
0.114
0.246
0.146
0.200
0.164
0.200
0.096
0.132
0.144
0.146
0.211
0.156
0.171
0.185
0.107
0.185
0.191
0.214
0.193
0.264
0.253
0.232
0.151
0.106
0.174
0.125
0.267
0.188
0.171
0.149
0.247
0.175
0.090
0.160
0.217
0.075
0.248
0.196
0.126
0.117
0.234
0.174
0.218
0.090
0.098
0.225
0.231
0.186
0.136
0.192
0.190
0.176
0.287
0.224
0.289
0.240
0.170
0.108
0.206
0.272
0.229
0.175
0.154
0.289
0.182
0.146
0.165
0.169
0.151
0.127
0.205
0.130
0.152
0.116
0.143
0.129
0.151
0.153
0.214
0.182
0.233
0.171
0.145
0.219
0.198
0.253
0.108
0.182
0.164
0.105
0.111
0.143
0.167
0.110
0.185
0.164
0.078
0.168
0.106
0.115
0.154
0.027
0.079
0.149
0.103
0.195
0.113
0.198
0.106
0.145
0.150
0.247
0.183
0.211
0.213
0.141
0.240
0.209
0.121
0.123
0.201
0.286
0.091
0.106
0.164
0.200
0.172
0.279
0.134
0.194
0.261
0.238
0.113
0.232
0.196
0.099
0.212
0.179
0.140
0.108
0.181
0.225
0.148
0.163
0.247
0.197
0.192
0.166
0.139
0.197
0.271
0.206
0.199
0.107
0.174
0.226
0.187
0.074
0.193
0.174
0.256
0.180
0.264
0.199
0.271
0.112
0.125
0.158
0.113
0.111
0.199
0.202
0.090
0.106
0.196
0.239
0.125
0.136
0.244
0.164
0.236
0.119
0.089
0.158
0.139
0.198
0.153
0.160
0.158
0.089
0.166
0.166
0.211
0.224
0.201
0.244
0.251
0.146
0.166
0.214
0.237
0.103
0.237
0.088
0.254
0.216
0.147
0.225
0.151
0.201
0.110
0.122
0.229
0.192
0.209
0.118
0.108
0.202
0.207
0.108
0.099
0.134
0.153
0.154
0.161
0.252
0.170
0.128
0.205
0.109
0.165
0.184
0.215
0.136
0.272
0.139
0.138
0.316
0.159
0.244
0.166
0.186
0.213
0.193
0.138
0.112
0.165
0.178
0.195
0.126
0.194
0.221
0.277
0.155
0.109
0.157
0.212
0.095
0.199
0.102
0.185
0.142
0.223
0.097
0.139
0.206
0.224
0.169
0.196
0.111
0.113
0.120
0.172
0.155
0.280
0.161
0.166
0.134
0.246
0.087
0.118
0.268
0.172
0.110
0.131
0.237
0.196
0.154
0.169
0.196
0.173
0.130
0.204
0.181
0.142
0.256
0.150
0.149
0.141
0.191
0.246
0.095
0.204
0.151
0.179
0.221
0.236
0.197
0.025
0.112
0.121
0.276
0.157
0.235
0.197
0.219
0.123
0.200
0.184
0.217
0.157
0.169
0.247
0.104
0.117
0.207
0.211
0.197
0.233
0.157
0.154
0.240
0.216
0.082
0.179
0.250
0.112
0.103
0.243
0.220
0.156
0.267
0.237
0.203
0.164
0.100
0.223
0.138
0.202
0.237
0.103
0.150
0.259
0.158
0.226
0.157
0.137
0.107
0.195
0.158
0.255
0.109
0.172
0.190
0.184
0.090
0.117
0.221
0.235
0.178
0.135
0.146
0.222
0.177
0.234
0.241
0.238
0.181
0.227
0.106
0.190
0.144
0.110
0.113
0.262
0.139
0.176
0.027
0.186
0.138
0.022
0.214
0.176
0.111
0.178
0.123
0.241
0.132
0.243
0.022
0.235
0.172
0.126
0.170
0.247
0.202
0.194
0.239
0.182
0.194
0.113
0.118
0.174
0.173
0.204
0.191
0.099
0.224
0.268
0.097
0.141
0.193
0.229
0.149
0.189
0.099
0.191
0.102
0.195
0.138
0.092
0.101
0.235
0.197
0.222
0.237
0.255
0.156
0.137
0.114
0.121
0.198
0.268
0.105
0.275
0.236
0.111
0.150
0.173
0.111
0.213
0.120
0.234
0.212
0.217
0.180
0.205
0.218
0.118
0.124
0.170
0.093
0.212
0.144
0.189
0.238
0.134
0.106
0.102
0.127
0.142
0.121
0.110
0.180
0.197
0.219
0.211
0.258
0.107
0.161
0.203
0.259
0.155
0.128
0.124
0.140
0.222
0.136
0.161
0.213
0.177
0.287
0.091
0.175
0.129
0.177
0.181
0.098
0.193
0.126
0.278
0.176
0.180
0.184
0.099
0.210
0.135
0.242
0.151
0.169
0.107
0.212
0.261
0.119
0.161
0.273
0.116
0.112
0.273
0.154
0.163
0.155
0.093
0.242
0.212
0.252
0.159
0.228
0.236
0.150
0.168
0.179
0.178
0.197
0.190
0.272
0.104
0.153
0.280
0.279
0.234
0.210
0.281
0.144
0.120
0.123
0.135
0.157
0.175
0.175
0.181
0.212
0.119
0.241
0.147
0.141
0.105
0.128
0.183
0.134
0.199
0.137
0.117
0.079
0.187
0.164
0.113
0.106
0.100
0.103
0.216
0.183
0.178
0.177
0.184
0.123
0.184
0.297
0.142
0.127
0.198
0.168
0.182
0.124
0.084
0.155
0.204
0.227
0.237
0.192
0.224
0.193
0.147
0.127
0.119
0.110
0.202
0.269
0.180
0.143
0.033
0.104
0.154
0.225
0.167
0.225
0.209
0.158
0.233
0.230
0.199
0.088
0.184
0.079
0.151
0.121
0.111
0.139
0.134
0.160
0.141
0.174
0.248
0.273
0.234
0.184
0.240
0.190
0.130
0.279
0.147
0.183
0.192
0.188
0.168
0.193
0.121
0.234
0.102
0.171
0.228
0.157
0.088
0.200
0.182
0.212
0.168
0.275
0.285
0.107
0.197
0.219
0.145
0.133
0.225
0.233
0.163
0.231
0.090
0.166
0.154
0.177
0.292
0.199
0.189
0.243
0.132
0.101
0.192
0.135
0.212
0.236
0.163
0.268
0.204
0.022
0.107
0.146
0.188
0.084
0.166
0.266
0.109
0.135
0.144
0.218
0.177
0.183
0.105
0.218
0.107
0.175
0.221
0.210
0.235
0.093
0.099
0.174
0.026
0.107
0.215
0.217
0.109
0.127
0.238
0.157
0.090
0.269
0.079
0.248
0.217
0.184
0.120
0.241
0.187
0.179
0.174
0.180
0.128
0.108
0.176
0.175
0.112
0.213
0.164
0.246
0.204
0.126
0.181
0.230
0.270
0.242
0.246
0.132
0.164
0.136
0.126
0.216
0.241
0.132
0.100
0.194
0.162
0.093
0.106
0.216
0.174
0.246
0.211
0.101
0.191
0.114
0.239
0.118
0.228
0.146
0.156
0.235
0.172
0.158
0.176
0.185
0.190
0.172
0.255
0.084
0.197
0.135
0.134
0.176
0.153
0.103
0.208
0.245
0.169
0.145
0.278
0.216
0.107
0.175
0.137
0.114
0.142
0.147
0.193
0.278
0.175
0.161
0.117
0.157
0.148
0.090
0.188
0.194
0.144
0.127
0.137
0.167
0.219
0.140
0.160
0.122
0.118
0.160
0.128
0.213
0.213
0.190
0.167
0.130
0.193
0.146
0.209
0.205
0.088
0.181
0.111
0.125
0.213
0.295
0.183
0.137
0.091
0.192
0.203
0.158
0.171
0.250
0.233
0.165
0.249
0.143
0.233
0.258
0.185
0.136
0.094
0.195
0.209
0.183
0.369
0.165
0.087
0.193
0.210
0.214
0.103
0.124
0.136
0.103
0.133
0.246
0.179
0.189
0.157
0.173
0.243
0.242
0.117
0.211
0.198
0.095
0.120
0.096
0.155
0.202
0.162
0.207
0.127
0.205
0.175
0.097
0.207
0.108
0.158
0.091
0.186
0.147
0.106
0.104
0.105
0.136
0.149
0.170
0.118
0.157
0.186
0.164
0.151
0.187
0.132
0.250
0.242
0.121
0.183
0.114
0.104
0.190
0.131
0.219
0.217
0.152
0.199
0.219
0.116
0.167
0.123
0.217
0.128
0.258
0.114
0.184
0.168
0.140
0.203
0.157
0.206
0.189
0.294
0.216
0.214
0.236
0.265
0.212
0.124
0.136
0.140
0.113
0.184
0.232
0.142
0.141
0.145
0.097
0.206
0.205
0.238
0.117
0.174
0.023
0.214
0.132
0.265
0.203
0.122
0.113
0.261
0.184
0.111
0.191
0.181
0.219
0.255
0.099
0.176
0.158
0.203
0.110
0.133
0.253
0.218
0.112
0.142
0.130
0.097
0.190
0.174
0.230
0.290
0.107
0.201
0.211
0.125
0.157
0.126
0.213
0.199
0.127
0.071
0.113
0.150
0.190
0.126
0.200
0.247
0.198
0.170
0.162
0.091
0.175
0.147
0.183
0.217
0.245
0.271
0.160
0.183
0.218
0.111
0.255
0.187
0.221
0.149
0.158
0.178
0.125
0.093
0.107
0.220
0.157
0.103
0.248
0.187
0.027
0.262
0.142
0.122
0.201
0.307
0.167
0.137
0.118
0.148
0.128
0.182
0.155
0.182
0.100
0.185
0.154
0.199
0.163
0.250
0.194
0.176
0.195
0.213
0.148
0.118
0.195
0.247
0.215
0.213
0.084
0.233
0.146
0.238
0.126
0.249
0.223
0.088
0.209
0.255
0.201
0.108
0.146
0.103
0.282
0.100
0.106
0.220
0.315
0.099
0.221
0.183
0.287
0.146
0.284
0.186
0.141
0.106
0.146
0.203
0.132
0.194
0.158
0.245
0.096
0.127
0.200
0.211
0.101
0.192
0.129
0.178
0.083
0.172
0.156
0.207
0.236
0.183
0.191
0.225
0.168
0.136
0.163
0.163
0.276
0.185
0.152
0.168
0.268
0.104
0.112
0.247
0.240
0.100
0.161
0.119
0.117
0.221
0.250
0.188
0.121
0.237
0.148
0.100
0.104
0.169
0.270
0.239
0.139
0.212
0.203
0.138
0.118
0.232
0.191
0.183
0.160
0.219
0.135
0.154
0.175
0.164
0.205
0.282
0.189
0.102
0.156
0.245
0.172
0.176
0.216
0.213
0.227
0.180
0.093
0.173
0.187
0.109
0.225
0.186
0.270
0.115
0.151
0.169
0.185
0.100
0.120
0.189
0.112
0.149
0.124
0.233
0.176
0.138
0.168
0.166
0.265
0.192
0.195
0.152
0.265
0.193
0.119
0.085
0.208
0.104
0.117
0.209
0.201
0.238
0.101
0.239
0.090
0.191
0.192
0.147
0.201
0.174
0.177
0.121
0.118
0.131
0.174
0.164
0.158
0.193
0.171
0.123
0.273
0.214
0.168
0.100
0.172
0.220
0.150
0.199
0.132
0.151
0.090
0.119
0.189
0.162
0.140
0.147
0.209
0.129
0.143
0.115
0.104
0.144
0.198
0.193
0.217
0.176
0.192
0.197
0.200
0.151
0.122
0.213
0.119
0.148
0.107
0.228
0.140
0.189
0.262
0.150
0.195
0.106
0.182
0.215
0.205
0.164
0.169
0.206
0.197
0.096
0.110
0.122
0.142
0.233
0.092
0.149
0.134
0.246
0.146
0.139
0.136
0.152
0.211
0.132
0.308
0.194
0.151
0.215
0.160
0.265
0.098
0.197
0.147
0.121
0.146
0.135
0.134
0.120
0.239
0.219
0.157
0.220
0.026
0.252
0.101
0.029
0.204
0.246
0.222
0.118
0.150
0.257
0.174
0.206
0.197
0.118
0.187
0.235
0.201
0.155
0.179
0.195
0.238
0.143
0.177
0.154
0.242
0.128
0.217
0.264
0.272
0.231
0.096
0.157
0.292
0.226
0.123
0.107
0.188
0.187
0.137
0.119
0.233
0.170
0.276
0.222
0.181
0.222
0.181
0.195
0.084
0.177
0.134
0.157
0.234
0.191
0.223
0.108
0.091
0.216
0.164
0.175
0.214
0.133
0.256
0.200
0.225
0.108
0.245
0.234
0.111
0.107
0.197
0.246
0.163
0.180
0.196
0.223
0.114
0.192
0.181
0.240
0.220
0.186
0.110
0.150
0.144
0.186
0.178
0.179
0.221
0.143
0.130
0.110
0.029
0.209
0.125
0.169
0.233
0.219
0.143
0.161
0.168
0.163
0.265
0.201
0.199
0.105
0.167
0.101
0.182
0.252
0.250
0.147
0.153
0.128
0.165
0.093
0.200
0.207
0.198
0.150
0.130
0.194
0.116
0.270
0.100
0.183
0.191
0.174
0.111
0.140
0.215
0.090
0.161
0.136
0.122
0.156
0.172
0.153
0.164
0.200
0.120
0.183
0.171
0.142
0.220
0.083
0.083
0.148
0.095
0.197
0.120
0.251
0.184
0.138
0.167
0.220
0.130
0.237
0.267
0.134
0.225
0.117
0.099
0.160
0.182
0.184
0.217
0.122
0.125
0.095
0.120
0.254
0.248
0.131
0.203
0.161
0.134
0.311
0.222
0.240
0.135
0.118
0.095
0.179
0.209
0.272
0.134
0.160
0.135
0.250
0.210
0.106
0.195
0.134
0.192
0.227
0.141
0.205
0.255
0.160
0.180
0.148
0.216
0.189
0.214
0.189
0.229
0.301
0.127
0.212
0.106
0.246
0.162
0.214
0.250
0.087
0.212
0.176
0.228
0.204
0.103
0.281
0.166
0.130
0.242
0.155
0.196
0.250
0.115
0.165
0.210
0.244
0.140
0.219
0.151
0.175
0.178
0.278
0.311
0.151
0.173
0.210
0.127
0.276
0.285
0.197
0.213
0.177
0.234
0.136
0.117
0.231
0.230
0.194
0.172
0.186
0.235
0.144
0.174
0.198
0.125
0.214
0.223
0.108
0.131
0.110
0.146
0.217
0.150
0.104
0.187
0.157
0.204
0.110
0.216
0.198
0.153
0.139
0.224
0.170
0.217
0.086
0.108
0.182
0.168
0.238
0.167
0.188
0.095
0.243
0.203
0.212
0.174
0.128
0.145
0.103
0.139
0.178
0.233
0.173
0.125
0.209
0.189
0.190
0.216
0.172
0.098
0.223
0.281
0.209
0.193
0.212
0.208
0.136
0.137
0.204
0.153
0.134
0.133
0.205
0.164
0.178
0.118
0.171
0.202
0.205
0.125
0.136
0.158
0.195
0.105
0.213
0.101
0.140
0.250
0.115
0.154
0.098
0.183
0.174
0.190
0.192
0.270
0.201
0.097
0.209
0.252
0.265
0.133
0.105
0.116
0.137
0.214
0.232
0.200
0.186
0.139
0.184
0.190
0.078
0.242
0.262
0.161
0.283
0.091
0.179
0.092
0.114
0.173
0.256
0.233
0.247
0.183
0.161
0.165
0.111
0.169
0.169
0.190
0.249
0.121
0.150
0.140
0.199
0.226
0.215
0.133
0.151
0.134
0.209
0.119
0.259
0.204
0.132
0.101
0.122
0.173
0.118
0.241
0.257
0.104
0.235
0.176
0.201
0.158
0.098
0.188
0.107
0.129
0.135
0.129
0.121
0.210
0.227
0.114
0.184
0.105
0.265
0.257
0.219
0.205
0.264
0.185
0.201
0.107
0.216
0.205
0.333
0.214
0.165
0.293
0.248
0.214
0.185
0.161
0.169
0.210
0.199
0.136
0.157
0.177
0.154
0.192
0.112
0.121
0.598
0.177
0.254
0.249
0.129
0.206
0.113
0.236
0.172
0.214
0.113
0.291
0.189
0.220
0.108
0.181
0.110
0.143
0.180
0.153
0.190
0.179
0.171
0.251
0.120
0.131
0.179
0.150
0.137
0.176
0.142
0.205
0.155
0.288
0.203
0.094
0.226
0.184
0.198
0.102
0.217
0.125
0.111
0.203
0.147
0.122
0.082
0.170
0.164
0.107
0.144
0.158
0.168
0.108
0.188
0.109
0.175
0.196
0.092
0.122
0.165
0.165
0.177
0.118
0.205
0.134
0.123
0.111
0.118
0.227
0.123
0.077
0.169
0.251
0.196
0.120
0.213
0.227
0.270
0.225
0.223
0.147
0.209
0.131
0.100
0.132
0.124
0.207
0.099
0.184
0.147
0.154
0.150
0.095
0.175
0.129
0.221
0.140
0.128
0.092
0.128
0.118
0.169
0.231
0.157
0.231
0.126
0.217
0.117
0.142
0.233
0.213
0.095
0.160
0.152
0.183
0.174
0.126
0.120
0.091
0.221
0.200
0.272
0.240
0.119
0.169
0.183
0.121
0.202
0.093
0.200
0.132
0.175
0.144
0.210
0.191
0.223
0.107
0.122
0.250
0.128
0.216
0.225
0.132
0.228
0.118
0.175
0.118
0.152
0.147
0.116
0.163
0.216
0.162
0.123
0.212
0.168
0.120
0.213
0.209
0.099
0.216
0.195
0.135
0.117
0.292
0.189
0.235
0.214
0.169
0.112
0.189
0.109
0.174
0.186
0.210
0.173
0.215
0.195
0.179
0.195
0.192
0.114
0.241
0.259
0.269
0.196
0.168
0.263
0.134
0.136
0.026
0.111
0.155
0.233
0.213
0.185
0.179
0.098
0.128
0.119
0.123
0.199
0.185
0.261
0.200
0.133
0.122
0.226
0.115
0.240
0.083
0.138
0.144
0.173
0.129
0.131
0.108
0.234
0.115
0.174
0.109
0.200
0.144
0.220
0.158
0.186
0.211
0.152
0.161
0.208
0.159
0.155
0.198
0.096
0.226
0.170
0.219
0.175
0.134
0.091
0.183
0.219
0.182
0.161
0.093
0.246
0.148
0.173
0.192
0.161
0.188
0.140
0.191
0.129
0.188
0.176
0.235
0.131
0.199
0.096
0.172
0.166
0.168
0.118
0.163
0.137
0.164
0.174
0.173
0.287
0.215
0.169
0.129
0.222
0.249
0.200
0.113
0.250
0.035
0.233
0.081
0.122
0.156
0.143
0.027
0.213
0.154
0.165
0.113
0.123
0.226
0.231
0.201
0.217
0.177
0.206
0.166
0.215
0.213
0.252
0.124
0.193
0.146
0.246
0.103
0.156
0.121
0.113
0.258
0.146
0.151
0.160
0.091
0.204
0.190
0.114
0.152
0.286
0.111
0.123
0.129
0.169
0.231
0.218
0.217
0.097
0.222
0.147
0.151
0.093
0.236
0.126
0.264
0.168
0.099
0.176
0.183
0.161
0.190
0.209
0.192
0.111
0.221
0.163
0.240
0.199
0.140
0.097
0.235
0.284
0.220
0.194
0.134
0.197
0.134
0.241
0.151
0.286
0.134
0.194
0.114
0.142
0.135
0.034
0.113
0.186
0.277
0.094
0.163
0.131
0.193
0.129
0.222
0.242
0.223
0.124
0.289
0.211
0.129
0.223
0.134
0.203
0.144
0.240
0.183
0.230
0.233
0.125
0.132
0.210
0.077
0.191
0.110
0.313
0.147
0.103
0.205
0.223
0.131
0.107
0.204
0.239
0.205
0.105
0.207
0.177
0.150
0.258
0.142
0.118
0.266
0.196
0.233
0.147
0.156
0.215
0.191
0.107
0.178
0.132
0.275
0.239
0.244
0.237
0.161
0.188
0.203
0.168
0.216
0.263
0.284
0.181
0.138
0.111
0.190
0.247
0.091
0.093
0.118
0.130
0.184
0.124
0.147
0.175
0.183
0.114
0.175
0.160
0.186
0.176
0.134
0.143
0.156
0.222
0.158
0.151
0.150
0.104
0.131
0.190
0.211
0.074
0.173
0.165
0.138
0.100
0.206
0.146
0.099
0.100
0.166
0.230
0.191
0.176
0.188
0.148
0.102
0.149
0.137
0.159
0.236
0.212
0.138
0.256
0.152
0.109
0.172
0.197
0.144
0.151
0.170
0.148
0.283
0.190
0.107
0.240
0.113
0.286
0.085
0.143
0.162
0.175
0.092
0.185
0.171
0.222
0.102
0.126
0.113
0.135
0.202
0.139
0.088
0.155
0.155
0.210
0.122
0.121
0.177
0.231
0.192
0.230
0.151
0.131
0.263
0.224
0.175
0.303
0.246
0.248
0.107
0.155
0.156
0.179
0.183
0.108
0.134
0.160
0.186
0.223
0.185
0.103
0.075
0.206
0.128
0.201
0.141
0.189
0.215
0.157
0.224
0.271
0.265
0.149
0.095
0.163
0.215
0.139
0.178
0.134
0.135
0.174
0.128
0.187
0.116
0.155
0.102
0.175
0.201
0.159
0.095
0.136
0.148
0.155
0.205
0.257
0.176
0.091
0.165
0.275
0.257
0.129
0.158
0.143
0.079
0.150
0.221
0.139
0.248
0.143
0.110
0.117
0.185
0.171
0.231
0.193
0.134
0.217
0.218
0.189
0.205
0.258
0.138
0.156
0.183
0.272
0.273
0.148
0.229
0.214
0.172
0.171
0.095
0.166
0.160
0.260
0.170
0.127
0.265
0.206
0.204
0.192
0.148
0.109
0.108
0.173
0.183
0.238
0.231
0.187
0.217
0.138
0.135
0.271
0.200
0.154
0.142
0.266
0.183
0.194
0.164
0.169
0.150
0.120
0.215
0.163
0.142
0.123
0.248
0.106
0.139
0.139
0.163
0.238
0.208
0.185
0.230
0.120
0.131
0.187
0.233
0.160
0.162
0.131
0.144
0.184
0.175
0.120
0.087
0.139
0.097
0.233
0.252
0.219
0.117
0.220
0.164
0.198
0.102
0.116
0.107
0.194
0.179
0.174
0.166
0.214
0.211
0.158
0.141
0.140
0.119
0.224
0.162
0.178
0.197
0.104
0.144
0.202
0.166
0.162
0.146
0.251
0.242
0.222
0.284
0.178
0.089
0.134
0.135
0.108
0.180
0.089
0.124
0.188
0.181
0.110
0.106
0.125
0.106
0.178
0.175
0.133
0.230
0.195
0.109
0.116
0.136
0.158
0.117
0.121
0.073
0.229
0.165
0.235
0.135
0.109
0.234
0.198
0.119
0.107
0.241
0.287
0.145
0.259
0.223
0.311
0.201
0.209
0.278
0.171
0.114
0.203
0.150
0.235
0.261
0.111
0.226
0.230
0.189
0.251
0.084
0.125
0.195
0.171
0.133
0.280
0.158
0.113
0.294
0.133
0.174
0.211
0.267
0.170
0.146
0.236
0.126
0.211
0.194
0.118
0.111
0.146
0.107
0.130
0.180
0.144
0.236
0.186
0.222
0.265
0.171
0.243
0.125
0.100
0.214
0.119
0.154
0.182
0.280
0.249
0.217
0.103
0.198
0.181
0.183
0.148
0.127
0.108
0.250
0.236
0.146
0.198
0.179
0.230
0.157
0.120
0.158
0.173
0.116
0.112
0.212
0.142
0.118
0.135
0.150
0.086
0.104
0.123
0.119
0.158
0.222
0.235
0.176
0.161
0.190
0.178
0.134
0.099
0.121
0.195
0.099
0.145
0.230
0.132
0.157
0.193
0.144
0.194
0.125
0.099
0.247
0.122
0.177
0.185
0.103
0.143
0.201
0.099
0.164
0.156
0.244
0.154
0.125
0.158
0.174
0.161
0.222
0.093
0.227
0.124
0.170
0.184
0.154
0.156
0.230
0.225
0.200
0.158
0.196
0.153
0.142
0.106
0.252
0.217
0.230
0.224
0.267
0.125
0.105
0.133
0.094
0.207
0.088
0.217
0.227
0.197
0.158
0.197
0.206
0.207
0.260
0.291
0.144
0.305
0.227
0.191
0.180
0.131
0.133
0.116
0.228
0.279
0.125
0.147
0.188
0.257
0.190
0.139
0.198
0.137
0.098
0.268
0.222
0.083
0.167
0.157
0.142
0.103
0.085
0.114
0.120
0.187
0.203
0.116
0.172
0.107
0.200
0.253
0.176
0.251
0.225
0.092
0.110
0.172
0.082
0.198
0.249
0.145
0.155
0.199
0.235
0.213
0.160
0.196
0.131
0.177
0.034
0.134
0.156
0.208
0.190
0.141
0.240
0.170
0.227
0.134
0.152
0.257
0.107
0.248
0.190
0.120
0.210
0.103
0.177
0.149
0.234
0.154
0.134
0.191
0.138
0.207
0.126
0.121
0.162
0.133
0.230
0.144
0.271
0.120
0.127
0.120
0.096
0.106
0.197
0.177
0.219
0.111
0.204
0.204
0.153
0.113
0.153
0.214
0.221
0.260
0.197
0.149
0.254
0.206
0.094
0.112
0.198
0.185
0.197
0.161
0.110
0.130
0.228
0.300
0.213
0.165
0.241
0.185
0.151
0.195
0.241
0.148
0.203
0.227
0.173
0.122
0.191
0.171
0.175
0.271
0.169
0.160
0.213
0.186
0.182
0.264
0.140
0.157
0.120
0.088
0.173
0.239
0.135
0.158
0.159
0.142
0.183
0.138
0.262
0.094
0.108
0.138
0.128
0.193
0.136
0.125
0.231
0.199
0.137
0.106
0.216
0.218
0.258
0.152
0.116
0.173
0.158
0.140
0.133
0.267
0.111
0.212
0.116
0.208
0.232
0.192
0.089
0.098
0.168
0.181
0.106
0.215
0.106
0.255
0.137
0.117
0.225
0.185
0.155
0.163
0.210
0.160
0.062
0.105
0.119
0.099
0.133
0.134
0.109
0.227
0.141
0.249
0.099
0.139
0.209
0.112
0.162
0.128
0.089
0.146
0.238
0.290
0.164
0.105
0.193
0.154
0.089
0.196
0.246
0.178
0.229
0.170
0.121
0.182
0.122
0.101
0.228
0.259
0.228
0.102
0.097
0.176
0.194
0.217
0.167
0.115
0.238
0.148
0.163
0.312
0.250
0.272
0.108
0.176
0.122
0.170
0.197
0.194
0.172
0.088
0.229
0.267
0.227
0.233
0.188
0.251
0.199
0.111
0.165
0.133
0.135
0.152
0.222
0.200
0.201
0.193
0.111
0.100
0.198
0.200
0.108
0.219
0.158
0.124
0.121
0.131
0.192
0.173
0.216
0.176
0.139
0.190
0.126
0.238
0.124
0.096
0.231
0.219
0.232
0.127
0.093
0.213
0.263
0.282
0.140
0.275
0.092
0.201
0.168
0.156
0.215
0.139
0.102
0.158
0.183
0.288
0.210
0.111
0.206
0.218
0.136
0.171
0.126
0.188
0.227
0.144
0.117
0.154
0.113
0.215
0.106
0.202
0.149
0.179
0.145
0.228
0.219
0.238
0.165
0.197
0.251
0.170
0.227
0.126
0.125
0.167
0.181
0.104
0.247
0.191
0.099
0.138
0.220
0.133
0.155
0.110
0.130
0.138
0.193
0.103
0.085
0.200
0.182
0.288
0.127
0.241
0.144
0.300
0.113
0.202
0.126
0.111
0.186
0.186
0.131
0.146
0.247
0.162
0.230
0.144
0.132
0.191
0.114
0.126
0.227
0.206
0.138
0.129
0.204
0.131
0.247
0.235
0.203
0.187
0.239
0.150
0.211
0.207
0.198
0.125
0.155
0.269
0.212
0.103
0.260
0.105
0.204
0.141
0.035
0.157
0.225
0.192
0.196
0.238
0.203
0.201
0.143
0.112
0.125
0.163
0.109
0.180
0.204
0.116
0.167
0.214
0.103
0.125
0.089
0.107
0.093
0.148
0.199
0.191
0.180
0.156
0.191
0.139
0.099
0.126
0.240
0.220
0.148
0.117
0.149
0.249
0.273
0.114
0.149
0.136
0.170
0.167
0.169
0.232
0.212
0.203
0.102
0.126
0.151
0.148
0.150
0.093
0.141
0.193
0.200
0.157
0.119
0.181
0.195
0.197
0.167
0.126
0.213
0.233
0.192
0.237
0.113
0.154
0.112
0.195
0.099
0.160
0.208
0.298
0.097
0.144
0.238
0.304
0.213
0.127
0.119
0.203
0.110
0.153
0.231
0.107
0.233
0.110
0.272
0.183
0.154
0.183
0.105
0.169
0.161
0.134
0.257
0.200
0.157
0.108
0.186
0.222
0.164
0.166
0.208
0.255
0.192
0.126
0.192
0.191
0.140
0.171
0.127
0.087
0.078
0.110
0.185
0.157
0.223
0.214
0.232
0.136
0.218
0.109
0.070
0.113
0.146
0.085
0.195
0.229
0.103
0.172
0.236
0.148
0.192
0.092
0.122
0.114
0.196
0.197
0.122
0.029
0.109
0.118
0.191
0.174
0.203
0.127
0.180
0.216
0.239
0.208
0.147
0.232
0.161
0.184
0.176
0.183
0.133
0.141
0.304
0.131
0.101
0.145
0.099
0.266
0.123
0.179
0.195
0.210
0.135
0.165
0.107
0.147
0.097
0.122
0.200
0.209
0.205
0.187
0.109
0.208
0.101
0.111
0.210
0.082
0.087
0.201
0.217
0.199
0.220
0.027
0.182
0.115
0.203
0.132
0.206
0.146
0.159
0.126
0.205
0.194
0.212
0.115
0.100
0.160
0.121
0.268
0.143
0.172
0.199
0.268
0.242
0.120
0.163
0.150
0.094
0.182
0.200
0.165
0.264
0.193
0.215
0.150
0.115
0.164
0.264
0.266
0.121
0.177
0.175
0.182
0.208
0.193
0.164
0.129
0.147
0.196
0.267
0.030
0.186
0.192
0.209
0.171
0.171
0.199
0.126
0.249
0.188
0.087
0.185
0.283
0.172
0.125
0.237
0.115
0.100
0.244
0.081
0.181
0.134
0.148
0.224
0.169
0.172
0.224
0.213
0.137
0.110
0.209
0.134
0.185
0.254
0.197
0.247
0.165
0.187
0.262
0.090
0.150
0.167
0.181
0.259
0.152
0.153
0.149
0.121
0.246
0.139
0.123
0.152
0.140
0.275
0.220
0.164
0.178
0.122
0.262
0.149
0.118
0.188
0.113
0.229
0.243
0.175
0.143
0.149
0.135
0.181
0.245
0.132
0.224
0.214
0.157
0.148
0.265
0.125
0.256
0.220
0.178
0.196
0.113
0.126
0.119
0.179
0.139
0.156
0.138
0.099
0.188
0.233
0.128
0.205
0.214
0.105
0.117
0.116
0.108
0.230
0.145
0.260
0.097
0.236
0.140
0.094
0.178
0.149
0.172
0.101
0.136
0.207
0.223
0.155
0.196
0.189
0.177
0.115
0.247
0.173
0.216
0.187
0.180
0.157
0.107
0.166
0.093
0.225
0.228
0.131
0.267
0.214
0.171
0.090
0.115
0.152
0.182
0.120
0.198
0.070
0.188
0.153
0.116
0.222
0.113
0.225
0.182
0.114
0.191
0.186
0.084
0.170
0.117
0.127
0.185
0.144
0.236
0.193
0.104
0.242
0.107
0.241
0.216
0.213
0.150
0.222
0.176
0.188
0.218
0.190
0.214
0.251
0.234
0.205
0.164
0.114
0.177
0.224
0.222
0.242
0.189
0.159
0.180
0.107
0.122
0.214
0.211
0.159
0.149
0.245
0.127
0.171
0.113
0.155
0.191
0.150
0.138
0.291
0.286
0.213
0.169
0.207
0.170
0.192
0.259
0.215
0.183
0.165
0.222
0.179
0.272
0.083
0.135
0.142
0.160
0.106
0.182
0.118
0.118
0.129
0.120
0.191
0.236
0.234
0.111
0.276
0.116
0.189
0.204
0.212
0.185
0.166
0.198
0.231
0.201
0.152
0.177
0.116
0.174
0.149
0.218
0.121
0.276
0.163
0.164
0.198
0.106
0.279
0.155
0.220
0.103
0.190
0.209
0.127
0.158
0.220
0.169
0.252
0.287
0.206
0.217
0.202
0.167
0.133
0.235
0.125
0.196
0.231
0.172
0.142
0.114
0.180
0.183
0.207
0.237
0.234
0.209
0.111
0.242
0.127
0.120
0.215
0.148
0.161
0.257
0.170
0.230
0.277
0.137
0.174
0.225
0.130
0.102
0.224
0.228
0.168
0.185
0.236
0.183
0.208
0.225
0.139
0.248
0.108
0.093
0.148
0.079
0.119
0.107
0.221
0.197
0.137
0.163
0.178
0.221
0.239
0.114
0.217
0.167
0.099
0.132
0.273
0.179
0.127
0.148
0.196
0.126
0.165
0.180
0.130
0.185
0.184
0.244
0.131
0.286
0.239
0.147
0.177
0.092
0.168
0.261
0.138
0.030
0.238
0.145
0.211
0.127
0.150
0.286
0.140
0.191
0.094
0.228
0.214
0.265
0.147
0.211
0.181
0.129
0.172
0.221
0.182
0.227
0.163
0.156
0.151
0.091
0.220
0.234
0.264
0.189
0.279
0.133
0.093
0.170
0.192
0.199
0.099
0.275
0.280
0.183
0.233
0.241
0.168
0.151
0.088
0.247
0.220
0.294
0.215
0.176
0.247
0.262
0.115
0.182
0.207
0.112
0.207
0.095
0.147
0.116
0.213
0.161
0.140
0.217
0.176
0.149
0.171
0.187
0.105
0.232
0.204
0.215
0.220
0.125
0.135
0.275
0.217
0.210
0.171
0.172
0.212
0.199
0.114
0.264
0.161
0.268
0.081
0.260
0.171
0.220
0.181
0.100
0.266
0.311
0.121
0.243
0.100
0.130
0.135
0.200
0.180
0.121
0.107
0.134
0.208
0.211
0.117
0.234
0.227
0.103
0.211
0.215
0.175
0.275
0.189
0.114
0.203
0.118
0.236
0.183
0.182
0.101
0.108
0.118
0.112
0.215
0.239
0.183
0.268
0.208
0.204
0.179
0.175
0.139
0.106
0.239
0.134
0.130
0.123
0.209
0.161
0.088
0.183
0.213
0.206
0.213
0.196
0.119
0.079
0.251
0.277
0.210
0.109
0.088
0.239
0.117
0.200
0.141
0.160
0.154
0.126
0.155
0.161
0.234
0.135
0.190
0.137
0.185
0.193
0.168
0.113
0.122
0.247
0.236
0.221
0.199
0.081
0.168
0.162
0.219
0.116
0.161
0.215
0.178
0.244
0.209
0.179
0.118
0.116
0.148
0.159
0.238
0.187
0.199
0.226
0.162
0.227
0.198
0.090
0.200
0.127
0.172
0.120
0.256
0.220
0.226
0.131
0.178
0.153
0.120
0.199
0.224
0.228
0.178
0.168
0.221
0.187
0.140
0.204
0.211
0.169
0.129
0.231
0.203
0.095
0.158
0.125
0.207
0.200
0.090
0.128
0.183
0.202
0.203
0.201
0.157
0.176
0.209
0.107
0.108
0.185
0.204
0.200
0.199
0.139
0.184
0.097
0.185
0.293
0.132
0.142
0.209
0.103
0.106
0.256
0.170
0.172
0.168
0.215
0.136
0.144
0.247
0.170
0.223
0.218
0.217
0.127
0.262
0.125
0.122
0.192
0.266
0.261
0.204
0.271
0.167
0.133
0.105
0.215
0.160
0.134
0.128
0.141
0.199
0.217
0.228
0.144
0.278
0.084
0.161
0.168
0.107
0.185
0.196
0.172
0.303
0.142
0.211
0.291
0.265
0.207
0.225
0.198
0.168
0.086
0.110
0.234
0.221
0.205
0.163
0.257
0.221
0.109
0.095
0.185
0.157
0.186
0.178
0.252
0.252
0.109
0.180
0.299
0.164
0.202
0.028
0.160
0.155
0.198
0.255
0.117
0.125
0.159
0.211
0.145
0.139
0.175
0.125
0.152
0.187
0.211
0.093
0.142
0.155
0.162
0.234
0.237
0.206
0.102
0.105
0.137
0.261
0.175
0.204
0.272
0.123
0.165
0.229
0.205
0.114
0.152
0.189
0.212
0.167
0.159
0.271
0.262
0.115
0.145
