1.117
1.216
1.267
1.281
1.335
1.444
1.217
1.237
1.213
1.271
1.209
1.243
1.271
1.200
1.118
1.247
1.248
1.222
1.202
1.245
1.319
1.204
1.247
1.215
1.138
1.160
1.258
1.343
1.167
1.465
1.162
1.240
1.282
1.193
1.278
1.410
1.229
1.207
1.135
1.312
1.227
1.198
1.134
1.290
1.178
1.281
1.269
1.556
1.225
1.392
1.294
1.271
1.172
1.246
1.199
1.204
1.215
1.252
1.198
1.381
1.262
1.313
1.255
1.191
1.257
1.346
1.111
1.212
1.408
1.273
1.375
1.371
1.364
1.350
1.314
1.266
1.248
1.237
1.112
1.234
1.236
1.302
1.396
1.233
1.190
1.240
1.242
1.147
1.262
1.112
1.223
1.219
1.212
1.263
1.262
1.197
1.225
1.286
1.385
1.152
1.270
1.216
1.193
1.255
1.207
1.413
1.227
1.149
1.300
1.273
1.323
1.243
1.314
1.153
1.232
1.317
1.312
1.238
1.387
1.186
1.138
1.255
1.277
1.281
1.307
1.170
1.436
1.185
1.284
1.233
1.400
1.073
1.155
1.350
1.103
1.257
1.268
1.291
1.300
1.341
1.285
1.283
1.337
1.275
1.135
1.128
1.280
1.358
1.178
1.264
1.213
1.360
1.220
1.367
1.202
1.289
1.115
1.239
1.248
1.147
1.209
1.325
1.230
1.306
1.148
1.278
1.158
1.485
1.253
1.177
1.308
1.298
1.232
1.318
1.128
1.303
1.254
1.237
1.355
1.262
1.294
1.210
1.364
1.157
1.332
1.177
1.176
1.223
1.209
1.354
1.194
1.181
1.315
1.207
1.205
1.267
1.304
1.263
1.127
1.219
1.174
1.176
1.189
1.196
1.155
1.298
1.220
1.088
1.295
1.242
1.288
1.108
1.253
1.234
1.311
1.216
1.197
1.194
1.318
1.265
1.173
1.206
1.235
1.259
1.238
1.226
1.329
1.222
1.132
1.240
1.252
1.238
1.151
1.243
1.238
1.196
1.273
1.302
1.229
1.333
1.347
1.183
1.286
1.065
1.161
1.204
1.247
1.234
1.292
1.118
1.140
1.380
1.162
1.327
1.295
1.189
1.191
1.185
1.273
1.276
1.287
1.291
1.206
1.315
1.374
1.214
1.182
1.099
1.296
1.156
1.281
1.123
1.280
1.182
1.364
1.092
1.195
1.329
1.370
1.171
1.229
1.246
1.254
1.146
1.296
1.228
1.266
1.295
1.261
1.281
1.160
1.229
1.217
1.162
1.261
1.227
1.261
1.246
1.217
1.234
1.114
1.238
1.191
1.274
1.213
1.234
1.279
1.252
1.179
1.266
1.325
1.299
1.286
1.282
1.276
1.161
1.214
1.319
1.233
1.177
1.359
1.295
1.413
1.255
1.179
1.296
1.204
1.265
1.186
1.336
1.326
1.282
1.275
1.256
1.283
1.290
1.330
1.231
1.251
1.304
1.220
1.210
1.222
1.166
1.215
1.301
1.142
1.421
1.440
1.299
1.287
1.263
1.204
1.259
1.259
1.255
1.287
1.294
1.297
1.316
1.112
1.299
1.194
1.441
1.104
1.233
1.205
1.322
1.286
1.255
1.232
1.328
1.246
1.304
1.194
1.150
1.284
1.238
1.234
1.197
1.277
1.203
1.262
1.215
1.298
1.276
1.255
1.251
1.275
1.272
1.182
1.241
1.172
1.261
1.238
1.324
1.264
1.337
1.096
1.112
1.300
1.317
1.244
1.157
1.150
1.186
1.298
1.323
1.186
1.219
1.288
1.269
1.177
1.187
1.175
1.169
1.197
1.221
1.274
1.160
1.341
1.250
1.191
1.258
1.225
1.183
1.207
1.268
1.231
1.409
1.284
1.226
1.155
1.435
1.153
1.215
1.308
1.253
1.181
1.210
1.089
1.224
1.194
1.165
1.253
1.253
1.253
1.285
1.271
1.152
1.213
1.213
1.281
1.344
1.405
1.265
1.259
1.176
1.299
1.257
1.211
1.377
1.241
1.171
1.204
1.208
1.253
1.294
1.207
1.190
1.194
1.268
1.201
1.125
1.105
1.333
1.176
1.200
1.232
1.087
1.221
1.155
1.183
1.171
1.209
1.223
1.352
1.265
1.171
1.210
1.302
1.282
1.175
1.289
1.405
1.105
1.145
1.199
1.218
1.198
1.223
1.139
1.282
1.305
1.291
1.236
1.264
1.216
1.153
1.197
1.410
1.306
1.252
1.237
1.520
1.167
1.169
1.220
1.249
1.124
1.242
1.188
1.290
1.263
1.262
1.278
1.113
1.188
1.234
1.303
1.268
1.100
1.255
1.248
1.206
1.209
1.284
1.278
1.134
1.253
1.284
1.445
1.324
1.362
1.242
1.203
1.167
1.254
1.304
1.256
1.195
1.383
1.238
1.275
1.165
1.288
1.203
1.256
1.190
1.264
1.221
1.257
1.265
1.215
1.183
1.384
1.209
1.229
1.129
1.266
1.246
1.212
1.308
1.289
1.271
1.185
1.376
1.273
1.241
1.194
1.267
1.168
1.088
1.209
1.271
1.475
1.296
1.291
1.267
1.254
1.321
1.233
1.247
1.233
1.279
1.253
1.340
1.265
1.189
1.252
1.330
1.200
1.136
1.323
1.208
1.134
1.200
1.240
1.507
1.323
1.176
1.236
1.378
1.221
1.177
1.283
1.384
1.189
1.241
1.146
1.235
1.139
1.264
1.157
1.287
1.150
1.336
1.206
1.221
1.229
1.363
1.142
1.135
1.278
1.286
1.238
1.251
1.302
1.271
1.138
1.348
1.187
1.241
1.224
1.142
1.261
1.253
1.446
1.193
1.239
1.217
1.190
1.244
1.358
1.314
1.258
1.157
1.250
1.251
1.285
1.240
1.249
1.442
1.323
1.181
1.430
1.213
1.142
1.229
1.147
1.130
1.247
1.174
1.291
1.252
1.264
1.205
1.201
1.181
1.149
1.249
1.298
1.315
1.366
1.213
1.281
1.240
1.248
1.188
1.305
1.347
1.158
1.158
1.225
1.304
1.229
1.324
1.229
1.221
1.378
1.385
1.278
1.275
1.259
1.162
1.244
1.226
1.172
1.283
1.169
1.112
1.302
1.298
1.387
1.274
1.421
1.291
1.122
1.146
1.243
1.246
1.251
1.309
1.281
1.180
1.319
1.211
1.235
1.174
1.287
1.265
1.273
1.379
1.249
1.145
1.386
1.348
1.224
1.299
1.304
1.310
1.183
1.179
1.343
1.197
1.368
1.281
1.143
1.276
1.238
1.321
1.210
1.120
1.326
1.310
1.317
1.329
1.183
1.345
1.397
1.264
1.318
1.188
1.221
1.239
1.261
1.226
1.242
1.176
1.403
1.316
1.288
1.274
1.243
1.290
1.302
1.266
1.252
1.220
1.129
1.251
1.257
1.298
1.315
1.194
1.181
1.391
1.231
1.317
1.279
1.337
1.213
1.131
1.289
1.283
1.188
1.160
1.301
1.329
1.252
1.289
1.242
1.244
1.242
1.218
1.166
1.208
1.281
1.082
1.170
1.210
1.287
1.242
1.167
1.191
1.252
1.202
1.218
1.233
1.399
1.309
1.205
1.214
1.247
1.205
1.209
1.142
1.156
1.147
1.205
1.142
1.321
1.299
1.161
1.246
1.072
1.321
1.206
1.130
1.185
1.193
1.237
1.283
1.241
1.100
1.188
1.246
1.320
1.285
1.198
1.100
1.061
1.283
1.305
1.210
1.186
1.231
1.167
1.211
1.230
1.195
1.290
1.223
1.348
1.058
1.271
1.198
1.325
1.285
1.328
1.075
1.235
1.165
1.215
1.157
1.305
1.409
1.233
1.182
1.234
1.236
1.299
1.230
1.323
1.208
1.272
1.152
1.236
1.291
1.240
1.216
1.273
1.260
1.246
1.206
1.213
1.192
1.242
1.086
1.199
1.179
1.287
1.264
1.178
1.406
1.380
1.222
1.307
1.194
1.252
1.246
1.248
1.242
1.223
1.229
1.139
1.215
1.273
1.223
1.241
1.212
1.230
1.175
1.210
1.333
1.367
1.183
1.314
1.098
1.379
1.204
1.173
1.184
1.255
1.305
1.171
1.219
1.171
1.233
1.237
1.175
1.137
1.183
1.371
1.252
1.333
1.291
1.200
1.353
1.212
1.313
1.200
1.316
1.348
1.176
1.150
1.326
1.233
1.239
1.217
1.277
1.278
1.235
1.154
1.256
1.223
1.269
1.274
1.201
1.455
1.182
1.283
1.359
1.325
1.307
1.234
1.297
1.320
1.225
1.167
1.227
1.385
1.131
1.240
1.493
1.250
1.221
1.264
1.284
1.218
1.246
1.181
1.295
1.336
1.310
1.298
1.323
1.203
1.200
1.127
1.203
1.340
1.153
1.185
1.205
1.191
1.247
1.313
1.246
1.215
1.296
1.233
1.118
1.176
1.295
1.300
1.224
1.283
1.186
1.230
1.294
1.233
1.115
1.366
1.406
1.219
1.247
1.264
1.238
1.289
1.338
1.296
1.195
1.201
1.228
1.282
1.284
1.227
1.288
1.164
1.191
1.376
1.171
1.181
1.332
1.260
1.185
1.163
1.231
1.206
1.224
1.202
1.182
1.268
1.215
1.246
1.309
1.148
1.163
1.204
1.378
1.209
1.297
1.243
1.070
1.288
1.306
1.233
1.307
1.238
1.266
1.222
1.336
1.311
1.182
1.288
1.210
1.256
1.204
1.182
1.109
1.191
1.256
1.261
1.156
1.255
1.173
1.220
1.391
1.222
1.129
1.372
1.175
1.184
1.221
1.331
1.307
1.256
1.244
1.317
1.225
1.392
1.348
1.243
1.255
1.280
1.144
1.239
1.219
1.152
1.119
1.284
1.287
1.178
1.174
1.364
1.258
1.311
1.184
1.264
1.292
1.213
1.286
1.237
1.144
1.327
1.246
1.163
1.290
1.145
1.293
1.357
1.192
1.140
1.303
1.214
1.139
1.218
1.147
1.340
1.272
1.236
1.369
1.251
1.237
1.173
1.316
1.218
1.187
1.270
1.324
1.186
1.312
1.136
1.246
1.316
1.279
1.201
1.235
1.159
1.209
1.250
1.263
1.270
1.248
1.294
1.228
1.298
1.237
1.177
1.106
1.230
1.330
1.188
1.279
1.290
1.317
1.127
1.186
1.412
1.301
1.323
1.226
1.271
1.278
1.262
1.340
1.152
1.346
1.185
1.273
1.471
1.301
1.334
1.212
1.157
1.211
1.292
1.290
1.360
1.317
1.214
1.191
1.279
1.092
1.287
1.266
1.119
1.232
1.229
1.190
1.289
1.206
1.187
1.143
1.297
1.272
1.292
1.175
1.321
1.188
1.226
1.342
1.139
1.125
1.286
1.327
1.138
1.145
1.157
1.214
1.154
1.268
1.170
1.226
1.299
1.103
1.385
1.332
1.243
1.180
1.267
1.167
1.251
1.206
1.246
1.225
1.218
1.222
1.145
1.189
1.152
1.143
1.210
1.253
1.271
1.315
1.192
1.128
1.336
1.243
1.120
1.165
1.193
1.216
1.321
1.297
1.205
1.395
1.288
1.330
1.289
1.252
1.210
1.137
1.234
1.232
1.141
1.283
1.289
1.198
1.195
1.298
1.078
1.138
1.267
1.213
1.235
1.358
1.242
1.220
1.260
1.177
1.189
1.227
1.110
1.318
1.247
1.242
1.265
1.265
1.281
1.364
1.247
1.179
1.233
1.182
1.079
1.222
1.298
1.274
1.149
1.305
1.163
1.264
1.194
1.169
1.280
1.151
1.189
1.276
1.221
1.137
1.274
1.266
1.248
1.340
1.225
1.328
1.224
1.275
1.186
1.171
1.262
1.272
1.280
1.199
1.183
1.340
1.255
1.239
1.224
1.335
1.259
1.153
1.340
1.136
1.236
1.317
1.341
1.234
1.411
1.258
1.500
1.250
1.326
1.373
1.273
1.139
1.154
1.275
1.204
1.270
1.249
1.350
1.243
1.314
1.301
1.249
1.299
1.220
1.192
1.259
1.182
1.259
1.206
1.232
1.174
1.225
1.313
1.257
1.278
1.086
1.157
1.276
1.237
1.267
1.226
1.252
1.331
1.296
1.241
1.250
1.435
1.248
1.263
1.300
1.294
1.378
1.164
1.363
1.367
1.224
1.335
1.097
1.222
1.352
1.163
1.245
1.267
1.340
1.162
1.201
1.311
1.246
1.373
1.256
1.150
1.141
1.202
1.063
1.335
1.292
1.195
1.274
1.273
1.153
1.200
1.256
1.324
1.161
1.274
1.195
1.370
1.251
1.166
1.290
1.137
1.165
1.302
1.273
1.214
1.253
1.225
1.362
1.333
1.316
1.201
1.250
1.298
1.268
1.195
1.193
1.325
1.366
1.168
1.228
1.139
1.341
1.203
1.225
1.147
1.240
1.475
1.117
1.295
1.215
1.324
1.297
1.188
1.124
1.304
1.170
1.273
1.388
1.174
1.162
1.371
1.107
1.277
1.202
1.311
1.197
1.157
1.266
1.215
1.223
1.130
1.105
1.148
1.307
1.305
1.358
1.183
1.330
1.229
1.247
1.273
1.158
1.272
1.281
1.261
1.190
1.263
1.215
1.220
1.285
1.302
1.314
1.245
1.219
1.197
1.220
1.242
1.194
1.166
1.266
1.196
1.320
1.263
1.204
1.162
1.234
1.257
1.220
1.189
1.297
1.358
1.261
1.200
1.290
1.339
1.137
1.206
1.188
1.426
1.173
1.368
1.179
1.239
1.224
1.344
1.229
1.313
1.239
1.135
1.226
1.144
1.390
1.106
1.216
1.202
1.257
1.159
1.195
1.190
1.243
1.194
1.152
1.273
1.399
1.245
1.189
1.239
1.336
1.235
1.163
1.159
1.211
1.342
1.284
1.190
1.376
1.198
1.224
1.266
1.320
1.139
1.266
1.194
1.274
1.296
1.203
1.203
1.171
1.285
1.192
1.217
1.274
1.341
1.101
1.308
1.238
1.285
1.235
1.492
1.129
1.250
1.214
1.183
1.103
1.155
1.172
1.196
1.185
1.276
1.225
1.342
1.246
1.358
1.226
1.273
1.260
1.404
1.134
1.229
1.208
1.458
1.239
1.119
1.261
1.226
1.263
1.205
1.239
1.162
1.294
1.367
1.201
1.159
1.245
1.312
1.295
1.147
1.336
1.299
1.265
1.253
1.193
1.189
1.213
1.370
1.271
1.194
1.266
1.137
1.240
1.164
1.249
1.248
1.349
1.166
1.236
1.264
1.119
1.329
1.276
1.233
1.187
1.314
1.216
1.176
1.269
1.275
1.184
1.234
1.122
1.410
1.332
1.229
1.374
1.367
1.135
1.248
1.296
1.365
1.139
1.193
1.299
1.177
1.139
1.217
1.288
1.242
1.243
1.265
1.346
1.220
1.241
1.233
1.186
1.272
1.343
1.202
1.308
1.297
1.222
1.278
1.251
1.037
1.266
1.197
1.211
1.318
1.288
1.180
1.173
1.381
1.350
1.132
1.207
1.209
1.108
1.214
1.218
1.216
1.297
1.218
1.217
1.269
1.279
1.310
1.397
1.211
1.260
1.198
1.352
1.178
1.337
1.251
1.314
1.208
1.424
1.198
1.397
1.284
1.144
1.368
1.183
1.257
1.131
1.298
1.330
1.226
1.264
1.286
1.172
1.219
1.237
1.236
1.312
1.213
1.247
1.297
1.196
1.214
1.246
1.288
1.283
1.145
1.176
1.335
1.185
1.254
1.379
1.287
1.255
1.109
1.210
1.225
1.242
1.272
1.237
1.403
1.335
1.139
1.304
1.299
1.234
1.242
1.159
1.245
1.161
1.268
1.151
1.230
1.185
1.231
1.309
1.234
1.352
1.199
1.164
1.216
1.210
1.225
1.203
1.258
1.231
1.195
1.255
1.239
1.267
1.277
1.226
1.386
1.223
1.291
1.194
1.210
1.279
1.204
1.215
1.291
1.171
1.319
1.282
1.102
1.254
1.240
1.150
1.244
1.280
1.139
1.280
1.253
1.163
1.179
1.300
1.243
1.230
1.094
1.158
1.271
1.287
1.269
1.173
1.230
1.152
1.214
1.149
1.191
1.184
1.365
1.303
1.257
1.178
1.224
1.230
1.203
1.212
1.248
1.251
1.119
1.235
1.294
1.385
1.298
1.196
1.273
1.102
1.180
1.174
1.219
1.315
1.306
1.165
1.108
1.250
1.246
1.189
1.302
1.200
1.139
1.316
1.161
1.171
1.234
1.247
1.128
1.190
1.182
1.270
1.280
1.320
1.331
1.330
1.102
1.211
1.223
1.281
1.067
1.160
1.154
1.242
1.285
1.260
1.233
1.145
1.220
1.194
1.164
1.246
1.246
1.233
1.132
1.214
1.220
1.183
1.120
1.124
1.186
1.250
1.179
1.120
1.232
1.223
1.206
1.121
1.241
1.329
1.238
1.257
1.272
1.200
1.169
1.219
1.301
1.273
1.145
1.187
1.176
1.171
1.154
1.215
1.100
1.224
1.285
1.149
1.195
1.228
1.105
1.209
1.235
1.238
1.181
1.176
1.193
1.143
1.385
1.127
1.302
1.234
1.399
1.231
1.211
1.275
1.274
1.229
1.224
1.282
1.221
1.123
1.234
1.251
1.109
1.136
1.186
1.078
1.328
1.288
1.231
1.252
1.121
1.129
1.120
1.376
1.161
1.288
1.194
1.218
1.183
1.150
1.240
1.166
1.243
1.215
1.214
1.245
1.232
1.207
1.216
1.337
1.199
1.140
1.230
1.272
1.265
1.253
1.228
1.206
1.225
1.199
1.163
1.192
1.338
1.145
1.291
1.084
1.135
1.257
1.296
1.132
1.148
1.135
1.357
1.150
1.113
1.352
1.142
1.180
1.140
1.265
1.189
1.199
1.374
1.219
1.218
1.261
1.322
1.184
1.208
1.211
1.389
1.290
1.201
1.128
1.209
1.125
1.132
1.254
1.233
1.171
1.229
1.293
1.152
1.259
1.136
1.140
1.319
1.184
1.274
1.266
1.323
1.273
1.258
1.164
1.296
1.349
1.231
1.283
1.257
1.179
1.163
1.204
1.417
1.162
1.297
1.190
1.118
1.348
1.231
1.236
1.171
1.215
1.136
1.219
1.352
1.199
1.139
1.193
1.263
1.212
1.237
1.154
1.261
1.301
1.288
1.274
1.357
1.282
1.205
1.218
1.246
1.229
1.216
1.198
1.334
1.388
1.278
1.188
1.244
1.278
1.178
1.240
1.261
1.269
1.230
1.184
1.254
1.279
1.266
1.223
1.148
1.204
1.181
1.220
1.258
1.274
1.185
1.205
1.248
1.123
1.433
1.179
1.109
1.257
1.244
1.214
1.193
1.152
1.445
1.163
1.212
1.202
1.232
1.230
1.136
1.242
1.195
1.142
1.382
1.182
1.234
1.205
1.177
1.229
1.258
1.104
1.212
1.155
1.252
1.195
1.128
1.293
1.205
1.196
1.268
1.220
1.185
1.206
1.393
1.303
1.173
1.203
1.211
1.174
1.251
1.108
1.357
1.299
1.281
1.089
1.234
1.180
1.081
1.153
1.210
1.359
1.139
1.140
1.266
1.142
1.285
1.222
1.306
1.318
1.192
1.279
1.238
1.176
1.246
1.190
1.219
1.234
1.260
1.210
1.177
1.269
1.175
1.220
1.205
1.207
1.146
1.163
1.152
1.392
1.198
1.134
1.215
1.189
1.251
1.144
1.241
1.164
1.137
1.152
1.182
1.249
1.342
1.176
1.244
1.160
1.212
1.208
1.309
1.147
1.111
1.124
1.088
1.228
1.201
1.225
1.184
1.250
1.278
1.283
1.109
1.215
1.152
1.245
1.160
1.315
1.124
1.222
1.305
1.209
1.252
1.118
1.270
1.214
1.130
1.285
1.265
1.201
1.197
1.322
1.165
1.189
1.177
1.324
1.144
1.340
1.250
1.166
1.247
1.334
1.266
1.185
1.155
1.063
1.230
1.156
1.295
1.270
1.169
1.038
1.208
1.200
1.148
1.180
1.257
1.186
1.171
1.307
1.139
1.312
1.372
1.295
1.123
1.234
1.179
1.187
1.152
1.364
1.343
1.123
1.128
1.233
1.277
1.257
1.242
1.199
1.236
1.212
1.208
1.178
1.232
1.259
1.092
1.173
1.152
1.223
1.265
1.064
1.205
1.099
1.155
1.151
1.119
1.236
1.191
1.178
1.202
1.236
1.121
1.263
1.159
1.391
1.152
1.251
1.226
1.175
1.081
1.178
1.296
1.286
1.187
1.299
1.241
1.275
1.256
1.098
1.130
1.239
1.292
1.091
1.222
1.175
1.255
1.191
1.193
1.237
1.294
1.185
1.225
1.188
1.228
1.256
1.346
1.332
1.201
1.249
1.138
1.341
1.098
1.300
1.278
1.191
1.189
1.268
1.158
1.224
1.258
1.194
1.271
1.118
1.192
1.143
1.270
1.322
1.169
1.283
1.172
1.294
1.154
1.188
1.253
1.186
1.241
1.406
1.322
1.158
1.192
1.206
1.202
1.300
1.312
1.272
1.200
1.207
1.138
1.207
1.179
1.123
1.237
1.114
1.223
1.215
1.231
1.135
1.163
1.163
1.178
1.235
1.105
1.259
1.325
1.105
1.152
1.122
1.183
1.296
1.114
1.127
1.321
1.080
1.166
1.206
1.324
1.152
1.249
1.251
1.281
1.329
1.317
1.252
1.258
1.243
1.137
1.162
1.304
1.125
1.210
1.150
1.215
1.408
1.247
1.243
1.307
1.060
1.239
1.232
1.177
1.122
1.138
1.189
1.269
1.177
1.304
1.170
1.077
1.175
1.079
1.249
1.187
1.267
1.224
1.272
1.279
1.248
1.218
1.304
1.311
1.169
1.197
1.205
1.252
1.148
1.277
1.253
1.231
1.189
1.252
1.239
1.215
1.214
1.079
1.169
1.211
1.291
1.169
1.256
1.257
1.237
1.295
1.244
1.237
1.257
1.084
1.248
1.168
1.267
1.233
1.164
1.248
1.141
1.193
1.163
1.222
1.275
1.202
1.289
1.253
1.132
1.156
1.222
1.265
1.289
1.229
1.183
1.227
1.505
1.192
1.152
1.307
1.051
1.286
1.130
1.218
1.106
1.173
1.190
1.224
1.175
1.209
1.339
1.116
1.219
1.240
1.215
1.291
1.162
1.175
1.178
1.290
1.128
1.366
1.216
1.175
1.207
1.157
1.223
1.264
1.248
1.288
1.267
1.245
1.365
1.284
1.243
1.154
1.138
1.374
1.204
1.261
1.219
1.107
1.181
1.208
1.197
1.184
1.146
1.267
1.255
1.131
1.193
1.364
1.237
1.297
1.227
1.160
1.287
1.199
1.228
1.303
1.228
1.209
1.358
1.193
1.179
1.295
1.346
1.214
1.322
1.273
1.158
1.108
1.176
1.068
1.229
1.233
1.261
1.226
1.293
1.203
1.359
1.218
1.216
1.250
1.206
1.349
1.229
1.194
1.126
1.172
1.249
1.167
1.151
1.197
1.216
1.113
1.304
1.266
1.250
1.125
1.204
1.152
1.297
1.195
1.182
1.226
1.359
1.255
1.196
1.176
1.231
1.091
1.229
1.290
1.129
1.252
1.245
1.094
1.275
1.165
1.179
1.330
1.109
1.190
1.187
1.087
1.175
1.070
1.311
1.251
1.215
1.190
1.236
1.257
1.152
1.248
1.193
1.171
1.167
1.137
1.140
1.259
1.183
1.274
1.219
1.103
1.203
1.177
1.251
1.301
1.300
1.193
1.341
1.236
1.213
1.208
1.251
1.087
1.260
1.210
1.299
1.169
1.185
1.196
1.193
1.163
1.202
1.346
1.116
1.393
1.162
1.170
1.224
1.408
1.191
1.213
1.215
1.213
1.232
1.145
1.202
1.238
1.255
1.188
1.321
1.254
1.118
1.299
1.189
1.271
1.202
1.230
1.102
1.241
1.170
1.165
1.121
1.209
1.192
1.200
1.329
1.276
1.299
1.161
1.338
1.114
1.274
1.133
1.210
1.109
1.261
1.235
1.194
1.240
1.374
1.218
1.190
1.350
1.298
1.238
1.264
1.192
1.222
1.179
1.251
1.139
1.109
1.217
1.136
1.169
1.244
1.226
1.191
1.090
1.217
1.288
1.215
1.229
1.187
1.171
1.219
1.329
1.260
1.262
1.091
1.223
1.247
1.294
1.229
1.173
1.321
1.296
1.191
1.075
1.207
1.359
1.127
1.273
1.277
1.226
1.203
1.227
1.226
1.385
1.343
1.162
1.190
1.209
1.144
1.136
1.184
1.105
1.187
1.067
1.108
1.238
1.274
1.271
1.122
1.191
1.223
1.151
1.270
1.103
1.260
1.218
1.159
1.233
1.122
1.183
1.291
1.320
1.243
1.291
1.342
1.177
1.217
1.370
1.268
1.316
1.170
1.215
1.300
1.187
1.049
1.160
1.266
1.279
1.323
1.185
1.293
1.297
1.154
1.120
1.238
1.181
1.270
1.225
1.170
1.190
1.160
1.291
1.201
1.170
1.170
1.272
1.153
1.261
1.262
1.210
1.241
1.209
1.114
1.133
1.300
1.279
1.200
1.291
1.259
1.079
1.188
1.155
1.097
1.238
1.226
1.187
1.192
1.244
1.301
1.360
1.129
1.179
1.119
1.301
1.295
1.152
1.181
1.194
1.185
1.162
1.219
1.210
1.244
1.293
1.274
1.223
1.256
1.214
1.259
1.190
1.269
1.155
1.216
1.226
1.231
1.217
1.262
1.208
1.288
1.289
1.161
1.302
1.170
1.214
1.224
1.232
1.153
1.128
1.122
1.142
1.287
1.143
1.132
1.210
1.171
1.208
1.308
1.272
1.284
1.198
1.216
1.194
1.196
1.198
1.301
1.167
1.195
1.216
1.227
1.208
1.120
1.199
1.279
1.297
1.199
1.154
1.041
1.173
1.185
1.208
1.113
1.188
1.187
1.273
1.239
1.184
1.198
1.277
1.212
1.242
1.192
1.116
1.266
1.181
1.150
1.206
1.224
1.102
1.228
1.265
1.113
1.151
1.334
1.320
1.216
1.326
1.307
1.134
1.036
1.262
1.309
1.149
1.295
1.143
1.147
1.209
1.117
1.380
1.241
1.143
1.237
1.266
1.276
1.118
1.208
1.198
1.163
1.275
1.250
1.461
1.139
1.143
1.097
1.226
1.102
1.260
1.274
1.368
1.258
1.151
1.308
1.189
1.256
1.223
1.148
1.181
1.187
1.171
1.238
1.126
1.149
1.226
1.223
1.154
1.261
1.152
1.180
1.240
1.293
1.269
1.284
1.214
1.260
1.189
1.243
1.154
1.171
1.208
1.157
1.182
1.177
1.124
1.129
1.253
1.200
1.412
1.167
1.147
1.148
1.153
1.277
1.131
1.074
1.190
1.175
1.170
1.278
1.321
1.296
1.244
1.139
1.122
1.168
1.212
1.206
1.235
1.258
1.291
1.239
1.273
1.300
1.272
1.362
1.275
1.146
1.226
1.203
1.158
1.181
1.249
1.271
1.214
1.245
1.230
1.192
1.210
1.248
1.304
1.181
1.235
1.212
1.254
1.213
1.204
1.233
1.278
1.327
1.302
1.195
1.091
1.119
1.139
1.263
1.227
1.125
1.214
1.285
1.211
1.176
1.240
1.232
1.260
1.260
1.090
1.274
1.246
1.292
1.152
1.147
1.154
1.160
1.158
1.269
1.276
1.218
1.317
1.188
1.186
1.224
1.256
1.192
1.153
1.279
1.175
1.172
1.337
1.105
1.215
1.096
1.259
1.228
1.246
1.281
1.202
1.311
1.151
1.250
1.273
1.196
1.184
1.258
1.162
1.102
1.232
1.261
1.231
1.220
1.260
1.353
1.307
1.256
1.328
1.236
1.223
1.329
1.153
1.175
1.274
1.274
1.194
1.315
1.160
1.132
1.220
1.278
1.233
1.115
1.221
1.288
1.284
1.152
1.175
1.310
1.193
1.232
1.203
1.225
1.214
1.097
1.184
1.334
1.224
1.181
1.246
1.235
1.184
1.315
1.342
1.143
1.201
1.180
1.281
1.096
1.257
1.160
1.235
1.246
1.162
1.280
1.186
1.421
1.238
1.156
1.225
1.327
1.149
1.206
1.224
1.188
1.351
1.242
1.148
1.196
1.371
1.271
1.161
1.241
1.275
1.191
1.178
1.269
1.269
1.117
1.278
1.280
1.368
1.159
1.282
1.166
1.212
1.132
1.300
1.151
1.162
1.276
1.216
1.166
1.097
1.283
1.230
1.294
1.253
1.230
1.177
1.241
1.170
1.233
1.229
1.028
1.294
1.201
1.206
1.143
1.202
1.058
1.226
1.211
1.129
1.206
1.198
1.216
1.119
1.139
1.168
1.101
1.190
1.196
1.192
1.165
1.142
1.227
1.147
1.135
1.240
1.162
1.122
1.311
1.178
1.155
1.257
1.253
1.282
1.180
1.199
1.158
1.275
1.261
1.121
1.177
1.272
1.278
1.195
1.395
1.344
1.238
1.274
1.204
1.249
1.321
1.117
1.197
1.269
1.093
1.205
1.340
1.229
1.184
1.239
1.141
1.342
1.241
1.186
1.161
1.126
1.202
1.351
1.339
1.189
1.096
1.128
1.234
1.310
1.194
1.212
1.071
1.279
1.305
1.188
1.188
1.150
1.134
1.302
1.162
1.212
1.201
1.318
1.182
1.155
1.245
1.150
1.330
1.374
1.156
1.146
1.222
1.262
1.211
1.305
1.102
1.153
1.171
1.181
1.118
1.218
1.257
1.105
1.157
1.202
1.260
1.194
1.304
1.155
1.272
1.222
1.063
1.250
1.100
1.126
1.349
1.197
1.218
1.143
1.198
1.140
1.134
1.211
1.159
1.381
1.118
1.178
1.156
1.162
1.260
1.164
1.087
1.238
1.235
1.284
1.302
1.258
1.287
1.111
1.253
1.143
1.270
1.136
1.255
1.253
1.232
1.204
1.336
1.131
1.194
1.149
1.158
1.223
1.114
1.286
1.168
1.201
1.157
1.183
1.260
1.199
1.149
1.180
1.282
1.188
1.174
1.276
1.215
1.241
1.302
1.124
1.158
1.173
1.149
1.132
1.180
1.137
1.323
1.179
1.070
1.332
1.232
1.282
1.193
1.190
1.234
1.098
1.314
1.260
1.220
1.164
1.213
1.166
1.193
1.201
1.200
1.170
1.247
1.142
1.225
1.235
1.179
1.110
1.247
1.305
1.177
1.190
1.123
1.237
1.274
1.200
1.253
1.233
1.309
1.428
1.250
1.310
1.145
1.169
1.130
1.142
1.308
1.276
1.202
1.177
1.116
1.219
1.125
1.195
1.281
1.233
1.185
1.170
1.242
1.259
1.358
1.251
1.212
1.296
1.171
1.419
1.190
1.065
1.191
1.262
1.235
1.200
1.253
1.186
1.105
1.328
1.170
1.232
1.299
1.349
1.122
1.391
1.065
1.221
1.228
1.281
1.300
1.214
1.237
1.187
1.165
1.373
1.244
1.180
1.203
1.203
1.286
1.110
1.275
1.373
1.227
1.281
1.156
1.314
1.202
1.184
1.158
1.203
1.269
1.240
1.167
1.221
1.208
1.219
1.242
1.112
1.232
1.303
1.167
1.263
1.419
1.192
1.228
1.245
1.274
1.154
1.159
1.282
1.140
1.285
1.338
1.215
1.193
1.402
1.209
1.189
1.135
1.265
1.184
1.127
1.343
1.220
1.217
1.373
1.163
1.288
1.325
1.180
1.318
1.189
1.205
1.241
1.137
1.215
1.280
1.261
1.291
1.153
1.159
1.212
1.199
1.248
1.202
1.160
1.167
1.230
1.154
1.174
1.226
1.230
1.201
1.197
1.197
1.256
1.244
1.162
1.181
1.235
1.148
1.228
1.282
1.250
1.179
1.230
1.213
1.278
1.154
1.299
1.186
1.276
1.280
1.146
1.243
1.068
1.173
1.181
1.238
1.133
1.127
1.037
1.223
1.191
1.237
1.219
1.408
1.330
1.154
1.170
1.317
1.164
1.267
1.228
1.157
1.194
1.223
1.196
1.214
1.194
1.203
1.144
1.246
1.164
1.448
1.119
1.190
1.359
1.217
1.241
1.213
1.260
1.238
1.228
1.155
1.306
1.113
1.285
1.170
1.029
1.106
1.359
1.219
1.093
1.193
1.050
1.251
1.206
1.259
1.268
1.144
1.159
1.124
1.189
1.113
1.201
1.227
1.188
1.213
1.210
1.217
1.197
1.259
1.135
1.302
1.097
1.168
1.207
1.166
1.197
1.132
1.322
1.164
1.236
1.182
1.319
1.225
1.248
1.163
1.173
1.166
1.226
1.090
1.225
1.170
1.163
1.171
1.226
1.403
1.155
1.223
1.280
1.259
1.250
1.220
1.311
1.155
1.163
1.119
1.174
1.124
1.183
1.380
1.145
1.263
1.252
1.258
1.227
1.229
1.106
1.255
1.377
1.160
1.229
1.100
1.085
1.278
1.173
1.273
1.254
1.103
1.283
1.345
1.167
1.166
1.232
1.344
1.183
1.284
1.417
1.275
1.180
1.197
1.279
1.116
1.222
1.367
1.156
1.187
1.132
1.122
1.185
1.249
1.308
1.258
1.211
1.218
1.248
1.211
1.309
1.223
1.186
1.294
1.214
1.182
1.197
1.190
1.222
1.176
1.183
1.189
1.192
1.244
1.229
1.165
1.179
1.131
1.283
1.173
1.228
1.272
1.307
1.080
1.256
1.180
1.260
1.292
1.233
1.121
1.191
1.133
1.247
1.139
1.182
1.142
1.136
1.245
1.217
1.248
1.227
1.170
1.191
1.204
1.136
1.236
1.210
1.222
1.182
1.207
1.118
1.314
1.192
1.136
1.322
1.332
1.224
1.357
1.140
1.284
1.169
1.271
1.214
1.289
1.211
1.223
1.275
1.093
1.183
1.187
1.227
1.162
1.310
1.167
1.167
1.248
1.229
1.263
1.366
1.154
1.349
1.154
1.301
1.266
1.188
1.283
1.235
1.248
1.207
1.193
1.158
1.269
1.087
1.181
1.182
1.212
1.158
1.296
1.262
1.145
1.222
1.315
1.023
1.153
1.240
1.263
1.175
1.245
1.097
1.099
1.267
1.152
1.234
1.231
1.114
1.193
1.157
1.193
1.085
1.160
1.262
1.341
1.244
1.199
1.158
1.176
1.251
1.214
1.244
1.278
1.174
1.201
1.298
1.240
1.257
1.201
1.217
1.198
1.272
1.221
1.211
1.172
1.297
1.183
1.192
1.185
1.200
1.207
1.200
1.374
1.284
1.100
1.320
1.248
1.199
1.264
1.259
1.121
1.160
1.135
1.260
1.247
1.361
1.237
1.174
1.163
1.313
1.109
1.223
1.165
1.322
1.256
1.183
1.254
1.160
1.209
1.338
1.219
1.211
1.139
1.295
1.184
1.175
1.227
1.192
1.225
1.305
1.206
1.242
1.236
1.191
1.328
1.264
1.240
1.292
1.235
1.070
1.064
1.334
1.058
1.139
1.269
1.192
1.151
1.129
1.222
1.339
1.216
1.248
1.255
1.279
1.294
1.187
1.265
1.189
1.140
1.197
1.307
1.212
1.215
1.077
1.198
1.138
1.176
1.241
1.219
1.221
1.239
1.141
1.241
1.333
1.266
1.155
1.228
1.123
1.232
1.309
1.177
1.162
1.204
1.234
1.140
1.231
1.178
1.152
1.266
1.187
1.274
1.130
1.182
1.273
1.165
1.224
1.288
1.152
1.360
1.224
1.170
1.199
1.269
1.227
1.167
1.401
1.163
1.367
1.288
1.163
1.224
1.290
1.271
1.388
1.192
1.266
1.182
1.146
1.231
1.232
1.266
1.185
1.225
1.122
1.152
1.207
1.202
1.204
1.340
1.331
1.112
1.236
1.155
1.245
1.195
1.259
1.228
1.155
1.201
1.079
1.101
1.243
1.172
1.219
1.128
1.250
1.239
1.170
1.308
1.298
1.176
1.262
1.205
1.285
1.370
1.274
1.248
1.256
1.151
1.160
1.288
1.256
1.269
1.277
1.208
1.362
1.219
1.267
1.206
1.235
1.234
1.266
1.237
1.184
1.133
1.193
1.124
1.093
1.167
1.227
1.089
1.251
1.180
1.287
1.159
1.187
1.148
1.382
1.238
1.192
1.140
1.351
1.284
1.245
1.268
1.133
1.359
1.217
1.387
1.205
1.220
1.303
1.278
1.265
1.230
1.320
1.438
1.186
1.230
1.211
1.203
1.157
1.111
1.139
1.101
1.178
1.282
1.281
1.156
1.227
1.204
1.290
1.137
1.049
1.217
1.303
1.179
1.158
1.208
1.201
1.179
1.120
1.128
1.189
1.127
1.355
1.099
1.191
1.226
1.153
1.227
1.224
1.192
1.224
1.203
1.238
1.088
1.179
1.194
1.292
1.300
1.133
1.102
1.264
1.344
1.195
1.306
1.141
1.138
1.193
1.324
1.172
1.177
1.226
1.338
1.043
1.267
1.414
1.287
1.251
1.143
1.298
1.123
1.250
1.200
1.296
1.242
1.272
1.203
1.160
1.214
1.268
1.304
1.133
1.210
1.208
1.235
1.172
1.176
1.173
1.201
1.244
1.276
1.230
1.216
1.104
1.267
1.192
1.251
1.202
1.235
1.170
1.314
1.342
1.228
1.138
1.201
1.245
1.277
1.189
1.233
1.114
1.135
1.271
1.342
1.190
1.371
1.349
1.230
1.083
1.243
1.214
1.274
1.269
1.212
1.285
1.274
1.128
1.159
1.202
1.304
1.186
1.149
1.236
1.167
1.226
1.222
1.261
1.184
1.121
1.233
1.195
1.312
1.156
1.320
1.210
1.089
1.119
1.178
1.180
1.245
1.277
1.127
1.206
1.225
1.204
1.246
1.222
1.224
1.290
1.121
1.242
1.313
1.175
1.141
1.187
1.217
1.176
1.060
1.266
1.216
1.097
1.232
1.179
1.146
1.169
1.312
1.215
1.151
1.136
1.275
1.118
1.250
1.127
1.343
1.349
1.267
1.262
1.260
1.162
1.117
1.176
1.088
1.213
1.212
1.253
1.274
1.203
1.237
1.396
1.157
1.267
1.211
1.174
1.183
1.285
1.183
1.361
1.173
1.200
1.223
1.233
1.180
1.184
1.246
1.186
1.343
1.300
1.217
1.173
1.237
1.174
1.339
1.181
1.283
1.258
1.028
1.164
1.214
1.247
1.191
1.272
1.230
1.209
1.143
1.214
1.338
1.099
1.276
1.312
1.250
1.154
1.154
1.207
1.175
1.240
1.168
1.115
1.255
1.297
1.157
1.123
1.167
1.249
1.269
1.193
1.248
1.292
1.367
1.257
1.242
1.180
1.110
1.302
1.307
1.159
1.196
1.187
1.150
1.144
1.319
1.209
1.144
1.208
1.196
1.237
1.140
1.191
1.179
1.243
1.305
1.246
1.075
1.133
1.145
1.231
1.073
1.204
1.036
1.193
1.197
1.272
1.348
1.300
1.211
1.103
1.187
1.078
1.309
1.212
1.253
1.183
1.228
1.274
1.163
1.218
1.054
1.231
1.184
1.197
1.138
1.244
1.193
1.296
1.160
1.137
1.296
1.153
1.203
1.150
1.216
1.245
1.363
1.176
1.355
1.227
1.256
1.193
1.183
1.314
1.214
1.384
1.277
1.131
1.264
1.191
1.319
1.117
1.195
1.229
1.211
1.211
1.159
1.155
1.191
1.278
1.177
1.108
1.164
1.249
1.244
1.205
1.183
1.182
1.115
1.238
1.147
1.159
1.338
1.383
1.099
1.210
1.176
1.160
1.203
1.085
1.205
1.196
1.111
1.105
1.361
1.138
1.212
1.206
1.205
1.326
1.310
1.155
1.188
1.240
1.224
1.274
1.367
1.405
1.317
1.260
1.174
1.161
1.220
1.245
1.289
1.101
1.165
1.315
1.141
1.222
1.219
1.182
1.315
1.190
1.237
1.221
1.207
1.223
1.237
1.257
1.303
1.165
1.204
1.171
1.233
1.233
1.243
1.136
1.260
1.174
1.240
1.261
1.263
1.210
1.332
1.217
1.205
1.115
1.338
1.106
1.202
1.169
1.195
1.198
1.276
1.222
1.190
1.210
1.260
1.212
1.222
1.088
1.212
1.218
1.241
1.335
1.305
1.259
1.229
1.306
1.173
1.086
1.271
1.324
1.219
1.251
1.160
1.458
1.143
1.215
1.226
1.331
1.291
1.406
1.093
1.268
1.209
1.198
1.054
1.234
1.274
1.171
1.205
1.161
1.190
1.087
1.189
1.202
1.319
1.221
1.210
1.167
1.247
1.252
1.215
1.155
1.153
1.222
1.180
1.216
1.144
1.252
1.185
1.222
1.252
1.180
1.200
1.316
1.087
1.252
1.207
1.105
1.094
1.186
1.265
1.208
1.128
1.149
1.235
1.136
1.248
1.043
1.216
1.186
1.197
1.282
1.321
1.115
1.214
1.103
1.282
1.199
1.117
1.332
1.139
1.234
1.057
1.355
1.119
1.160
1.177
1.289
1.136
1.292
1.393
1.052
1.320
1.268
1.230
1.204
1.314
1.166
1.392
1.163
1.281
1.344
1.320
1.197
1.376
1.158
1.117
1.111
1.090
1.219
1.207
1.212
1.258
1.110
1.199
1.144
0.990
1.214
1.220
1.208
1.377
1.157
1.241
1.300
1.093
1.197
1.369
1.387
1.134
1.131
1.092
1.204
1.197
1.137
1.176
1.265
1.280
1.305
1.309
1.151
1.155
1.255
1.229
1.228
1.010
1.347
1.197
1.209
1.102
1.218
1.103
1.146
1.259
1.180
1.282
1.218
1.287
1.192
1.197
1.203
1.203
1.204
1.315
1.326
1.279
1.053
1.350
1.349
1.245
1.177
1.210
1.166
1.382
1.343
1.195
1.225
1.278
1.470
1.260
1.221
1.269
1.243
1.306
1.167
1.152
1.015
1.211
1.186
1.281
1.131
1.323
1.270
1.186
1.233
1.178
1.197
1.198
1.221
1.163
1.209
1.188
1.149
1.189
1.134
1.246
1.300
1.292
1.289
1.170
1.124
1.247
1.179
1.337
1.186
1.335
1.403
1.189
1.365
1.258
1.149
1.164
1.350
1.213
1.202
1.191
1.235
1.179
1.125
1.114
1.362
1.174
1.198
1.162
1.241
1.215
1.274
1.140
1.140
1.199
1.364
1.228
1.216
1.114
1.227
1.200
1.196
1.186
1.242
1.277
1.189
1.210
1.114
1.148
1.102
1.295
1.198
1.304
1.182
1.319
1.155
1.126
1.176
1.228
1.280
1.134
1.235
1.188
1.216
1.194
1.240
1.179
1.235
1.249
1.154
1.190
1.162
1.161
1.112
1.276
1.237
1.374
1.069
1.228
1.218
1.384
1.178
1.225
1.272
1.190
1.245
1.263
1.170
1.162
1.215
1.343
1.193
1.168
1.182
1.193
1.310
1.176
1.155
1.149
1.090
1.177
1.208
1.315
1.103
1.191
1.269
1.238
1.181
1.123
1.182
1.230
1.211
1.077
1.282
1.251
1.116
1.237
1.133
1.209
1.232
1.226
1.089
1.072
1.127
1.273
1.153
1.265
1.198
1.296
1.144
1.254
1.207
1.251
1.128
1.203
1.181
1.371
1.202
1.150
1.210
1.138
1.209
1.208
1.163
1.330
1.222
1.177
1.222
1.180
1.257
1.188
1.231
1.230
1.267
1.219
1.275
1.192
1.252
1.261
1.229
1.270
1.270
1.319
1.148
1.281
1.176
1.193
1.127
1.212
1.208
1.170
1.208
1.209
1.329
1.155
1.156
1.367
1.232
1.246
1.287
1.211
1.340
1.243
1.194
1.187
1.230
1.366
1.244
1.181
1.139
1.131
1.180
1.253
1.132
1.159
1.306
1.239
1.253
1.183
1.184
1.173
1.268
1.192
1.196
1.181
1.382
1.233
1.140
1.342
1.263
1.219
1.284
1.264
1.110
1.241
1.179
1.304
1.151
1.146
1.150
1.134
1.251
1.221
1.083
1.262
1.284
1.191
1.187
1.129
1.138
1.276
1.096
1.181
1.246
1.214
1.212
1.205
1.316
1.277
1.337
1.364
1.265
1.200
1.292
1.195
1.203
1.041
1.186
1.190
1.193
1.210
1.019
1.328
1.170
1.138
1.128
1.106
1.194
1.249
1.102
1.197
1.227
1.117
1.155
1.140
1.219
1.126
1.204
1.287
1.230
1.202
1.342
1.184
1.324
1.288
1.251
1.297
1.180
1.162
1.245
1.164
1.419
1.293
1.188
1.325
1.142
1.060
1.247
1.093
1.306
1.156
1.177
1.155
1.129
1.295
1.219
1.187
1.168
1.280
1.269
1.252
1.265
1.182
1.223
1.146
1.168
1.204
1.269
1.182
1.220
1.198
1.209
1.159
1.118
1.166
1.117
1.307
1.277
1.118
1.087
1.220
1.281
1.176
1.194
1.143
1.224
1.246
1.240
1.148
1.116
1.125
1.224
1.250
1.286
1.287
1.233
1.183
1.174
1.207
1.269
1.379
1.158
1.157
1.320
1.204
1.361
1.137
1.195
1.213
1.270
1.318
1.300
1.326
1.144
1.077
1.233
1.293
1.194
1.178
1.201
1.126
1.329
1.157
1.261
1.168
1.268
1.159
1.192
1.203
1.224
1.212
1.101
1.218
1.261
1.227
1.167
1.188
1.195
1.244
1.214
1.183
1.135
1.250
1.255
1.228
1.290
1.156
1.236
1.222
1.296
1.290
1.178
1.231
1.311
1.328
1.232
1.137
1.222
1.176
1.183
1.219
1.145
1.201
1.167
1.193
1.256
1.235
1.158
1.294
1.165
1.143
1.278
1.236
1.224
1.301
1.322
1.304
1.207
1.278
1.292
1.196
1.184
1.083
1.188
1.140
1.140
1.163
1.215
1.266
1.243
1.255
1.234
1.252
1.095
1.356
1.096
1.181
1.162
1.315
1.245
1.177
1.375
1.339
1.175
1.176
1.143
1.201
1.137
1.076
1.259
1.165
1.285
1.193
1.320
1.211
1.255
1.214
1.231
1.293
1.268
1.087
1.088
1.323
1.200
1.265
1.222
1.088
1.121
1.233
1.145
1.194
1.239
1.240
1.214
1.228
1.162
1.286
1.344
1.182
1.176
1.244
1.171
1.198
1.195
1.131
1.240
1.193
1.268
1.210
1.181
1.146
1.192
1.248
1.329
1.213
1.089
1.323
1.111
1.316
1.271
1.209
1.254
1.252
1.269
1.263
1.173
1.163
1.167
1.213
1.307
1.271
1.207
1.159
1.215
1.216
1.181
1.174
1.107
1.239
1.088
1.247
1.204
1.234
1.137
1.181
1.190
1.195
1.283
1.213
1.140
1.197
1.166
1.224
1.296
1.190
1.271
1.180
1.221
1.107
1.274
1.354
1.325
1.200
1.188
1.220
1.186
1.157
1.335
1.254
1.231
1.118
1.180
1.212
1.167
1.246
1.246
1.143
1.210
1.224
1.176
1.174
1.143
1.231
1.206
1.193
1.179
1.112
1.210
1.203
1.211
1.166
1.256
1.215
1.368
1.132
1.274
1.213
1.268
1.197
1.217
1.269
1.227
1.184
1.133
1.136
1.277
1.224
1.201
1.232
1.343
1.179
1.196
1.216
1.205
1.187
1.234
1.136
1.256
1.238
1.299
1.196
1.159
1.305
1.241
1.076
1.292
1.185
1.186
1.218
1.188
1.327
1.216
1.252
1.194
1.164
1.139
1.299
1.211
1.272
1.048
1.227
1.245
1.171
1.213
1.187
1.137
1.293
1.102
1.218
1.211
1.098
1.299
1.270
1.277
1.158
1.149
1.298
1.094
1.199
1.233
1.144
1.241
1.297
1.251
1.188
1.179
1.235
1.228
1.206
1.302
1.195
1.195
1.193
1.197
1.272
1.244
1.086
1.175
1.144
1.331
1.113
1.062
1.113
1.188
1.164
1.121
1.248
1.405
1.183
1.208
1.166
1.164
1.241
1.159
1.210
1.123
1.207
1.245
1.127
1.216
1.332
1.237
1.223
1.265
1.286
1.217
1.269
1.231
1.137
1.138
1.028
1.264
1.139
1.136
1.210
1.300
1.234
1.258
1.186
1.212
1.356
1.187
1.198
1.267
1.252
1.268
1.107
1.139
1.324
1.250
1.073
1.184
1.214
1.138
1.254
1.177
1.141
1.242
1.017
1.202
1.083
1.195
1.226
1.134
1.226
1.218
1.178
1.311
1.155
1.160
1.216
1.223
1.288
1.174
1.199
1.191
1.256
1.203
1.418
1.350
1.364
1.222
1.318
1.246
1.338
1.238
1.074
1.087
1.032
1.086
1.097
1.180
1.281
1.283
1.285
1.248
1.246
1.254
1.299
1.278
1.221
1.282
1.092
1.195
1.306
1.225
1.167
1.199
1.198
1.221
1.245
1.170
1.283
1.274
1.174
1.209
1.176
1.260
1.142
1.411
1.239
1.248
1.234
1.398
1.204
1.192
1.139
1.150
1.124
1.204
1.261
1.229
1.186
1.150
1.200
1.230
1.323
1.128
1.162
1.200
1.250
1.168
1.220
1.186
1.148
1.238
1.164
1.253
1.255
1.309
1.288
1.130
1.128
1.165
1.185
1.227
1.258
1.192
1.238
1.351
1.236
1.169
1.151
1.154
1.119
1.152
1.226
1.164
1.202
1.234
1.360
1.195
1.222
1.243
1.291
1.440
1.181
1.269
1.187
1.214
1.382
1.234
1.327
1.211
1.264
1.144
1.305
1.197
1.265
1.239
1.082
1.344
1.261
1.181
1.263
1.258
1.250
1.152
1.374
1.265
1.190
1.159
1.170
1.213
1.141
1.403
1.232
1.264
1.280
1.326
1.227
1.124
1.161
1.266
1.155
1.405
1.237
1.178
1.159
1.196
1.279
1.158
1.213
1.271
1.291
1.165
1.235
1.207
1.314
1.159
1.178
1.136
1.242
1.133
1.195
1.190
1.209
1.164
1.228
1.215
1.204
1.258
1.218
1.183
1.202
1.174
1.189
1.276
1.225
1.258
1.273
1.235
1.268
1.163
1.166
1.208
1.255
1.212
1.216
1.282
1.207
1.228
1.184
1.178
1.219
1.337
1.158
1.249
1.252
1.208
1.221
1.279
1.218
1.118
1.235
1.291
1.178
1.196
1.317
1.232
1.264
1.267
1.229
1.292
1.183
1.397
1.106
1.201
1.246
1.190
1.358
1.263
1.212
1.310
1.224
1.270
1.173
1.152
1.212
1.293
1.185
1.176
1.340
1.236
1.144
1.344
1.160
1.198
1.343
1.188
1.377
1.229
1.265
1.214
1.205
1.259
1.280
1.287
1.171
1.199
1.208
1.219
1.195
1.402
1.149
1.149
1.198
1.284
1.216
1.150
1.338
1.150
1.170
1.203
1.136
1.370
1.219
1.099
1.167
1.216
1.224
1.181
1.296
1.215
1.250
1.210
1.323
1.154
1.250
1.255
1.411
1.269
1.142
1.132
1.208
1.176
1.293
1.218
1.095
1.185
1.253
1.301
1.146
1.274
1.141
1.124
1.126
1.341
1.309
1.282
1.123
1.350
1.262
1.203
1.212
1.091
1.122
1.228
1.223
1.279
1.287
1.255
1.191
1.210
1.236
1.344
1.302
1.167
1.155
1.331
1.260
1.191
1.095
1.178
1.182
1.260
1.141
1.173
1.338
1.162
1.152
1.184
1.235
1.171
1.135
1.092
1.149
1.282
1.218
1.309
1.234
1.157
1.190
1.350
1.274
1.339
1.183
1.187
1.300
1.350
1.127
1.316
1.159
1.211
1.159
1.195
1.146
1.183
1.350
1.230
1.147
1.264
1.217
1.129
1.124
1.057
1.310
1.231
1.291
1.312
1.224
1.239
1.184
1.151
1.146
1.188
1.141
1.120
1.214
1.250
1.295
1.314
1.305
1.206
1.131
1.112
1.233
1.203
1.202
1.101
1.257
1.222
1.259
1.293
1.330
1.241
1.234
1.190
1.213
1.177
1.154
1.273
1.248
1.128
1.210
1.130
1.193
1.109
1.150
1.179
1.245
1.287
1.335
1.318
1.235
1.200
1.282
1.305
1.151
1.267
1.218
1.253
1.198
1.175
1.251
1.228
1.246
1.152
1.105
1.232
1.110
1.292
1.088
1.157
1.139
1.295
1.242
1.328
1.148
1.137
1.194
1.354
1.227
1.142
1.221
1.123
1.204
1.334
1.196
1.120
1.213
1.215
1.173
1.327
1.340
1.331
1.165
1.309
1.167
1.236
1.134
1.231
1.420
1.235
1.216
1.392
1.250
1.198
1.073
1.147
1.276
1.155
1.125
1.172
1.310
1.193
1.222
1.299
1.137
1.251
1.157
1.313
1.235
1.250
1.251
1.315
1.272
1.164
1.156
1.222
1.378
1.233
1.234
1.153
1.251
1.248
1.134
1.217
1.271
1.091
1.232
1.269
1.167
1.158
1.180
1.265
1.135
1.227
1.112
1.238
1.341
1.326
1.168
1.296
1.364
1.060
1.138
1.274
1.194
1.191
1.237
1.375
1.375
1.443
1.242
1.246
1.163
1.259
1.276
1.139
1.143
1.233
1.238
1.212
1.162
1.203
1.229
1.148
1.275
1.243
1.136
1.181
1.283
1.086
1.108
1.286
1.270
1.209
1.249
1.256
1.159
1.177
1.185
1.179
1.226
1.250
1.211
1.082
1.385
1.103
1.145
1.134
1.073
1.275
1.199
1.186
1.224
1.157
1.272
1.214
1.142
1.215
1.141
1.244
1.073
1.274
1.182
1.291
1.322
1.288
1.377
1.201
1.243
1.279
1.133
1.340
1.225
1.324
1.281
1.222
1.261
1.315
1.249
1.265
1.259
1.225
1.243
1.256
1.217
1.330
1.231
1.303
1.273
1.263
1.196
1.338
1.294
1.131
1.313
1.299
1.276
1.178
1.335
1.199
1.231
1.199
1.362
1.225
1.204
1.332
1.189
1.129
1.180
1.200
1.177
1.300
1.268
1.350
1.252
1.277
1.136
1.290
