0.958
0.978
1.001
1.062
1.242
1.317
1.377
1.490
1.504
1.523
1.699
1.703
1.313
1.004
0.971
1.281
1.548
1.559
1.352
0.989
1.217
0.959
1.880
1.694
1.082
1.119
1.203
1.032
2.843
1.472
1.409
1.269
1.674
1.385
1.490
1.085
1.640
1.439
1.484
1.421
1.547
1.441
1.652
1.492
0.927
1.655
1.217
1.415
0.989
1.004
1.355
1.146
1.577
1.587
1.409
1.628
1.445
0.964
0.990
1.426
0.935
1.318
1.540
1.184
1.655
1.334
1.256
1.431
0.912
1.092
1.320
1.473
1.366
1.380
1.506
1.346
1.755
0.905
1.423
1.212
1.072
1.411
0.911
1.346
1.248
1.321
1.312
1.638
1.185
1.546
1.185
1.607
1.338
0.897
1.030
1.824
1.394
1.483
1.187
0.899
1.220
1.226
1.505
1.454
0.902
1.570
1.300
1.231
1.408
1.518
0.938
1.277
1.306
1.644
0.979
1.445
1.557
1.030
1.043
1.043
1.337
1.648
1.488
0.965
1.294
1.350
1.289
1.329
1.401
1.404
1.008
2.066
0.932
1.383
1.537
1.304
1.068
1.344
1.329
1.074
1.118
1.382
1.537
1.440
1.621
1.015
1.364
0.956
1.464
1.254
1.145
1.320
0.910
1.309
1.232
0.988
1.368
1.427
1.304
1.166
1.428
1.553
1.479
1.526
1.472
1.536
1.093
0.942
0.955
1.054
1.260
1.429
0.900
1.680
0.995
1.568
1.531
1.431
1.528
1.320
1.185
1.115
1.219
1.524
1.030
1.299
0.963
1.031
1.164
1.037
0.961
1.313
0.978
1.205
1.749
1.386
1.402
1.316
1.550
0.990
0.930
1.251
0.954
0.961
1.149
0.962
0.916
1.416
1.824
1.446
1.419
0.986
1.051
1.132
1.026
1.088
1.531
0.884
1.204
0.984
1.301
0.940
1.359
1.096
1.405
1.288
1.489
1.439
1.592
0.969
1.535
0.998
1.072
1.326
1.403
1.035
1.489
0.919
1.596
1.350
1.464
1.746
1.442
1.589
1.433
1.249
1.323
1.410
1.051
1.346
0.917
1.255
1.365
1.463
0.993
1.001
1.548
1.411
1.311
0.959
0.916
1.259
1.419
1.463
1.625
1.167
1.098
1.264
1.492
1.000
0.883
1.063
1.631
1.429
0.901
1.574
1.288
0.963
1.662
1.003
1.594
1.126
1.356
1.381
1.363
1.445
1.297
1.353
1.589
1.601
1.540
1.396
1.509
1.102
1.397
1.224
1.675
1.335
1.358
1.454
1.026
0.993
1.072
1.405
1.413
1.509
1.567
1.269
1.013
1.440
0.994
1.507
1.250
1.015
1.493
1.069
1.023
1.416
1.735
1.213
1.634
1.506
1.378
1.685
1.088
1.361
1.879
1.625
1.194
1.010
1.105
1.594
1.285
1.209
1.363
0.896
1.588
1.059
1.499
1.036
1.932
1.057
1.312
1.096
1.381
1.105
1.303
1.412
1.024
1.118
1.118
1.403
1.049
1.301
1.226
0.961
1.460
1.468
1.398
1.104
1.367
1.481
1.016
0.964
1.073
1.532
1.235
1.369
0.934
1.349
1.416
1.370
1.210
1.477
1.025
1.471
1.121
1.202
1.485
1.277
1.373
0.976
1.352
1.405
1.270
0.969
1.503
1.594
1.298
1.650
1.182
1.239
1.536
1.259
1.305
1.477
1.616
1.516
0.958
1.366
1.472
1.791
0.900
1.438
1.707
1.209
1.354
1.361
1.002
1.281
1.185
1.357
1.352
1.286
0.977
1.375
1.549
1.132
1.063
1.192
1.298
1.909
1.367
1.677
1.241
0.979
1.321
1.283
1.634
1.435
1.436
1.469
1.145
1.867
1.039
1.086
1.237
1.231
1.685
1.033
0.994
1.324
1.304
0.937
1.229
1.599
1.574
1.415
1.718
1.338
1.209
1.294
1.031
0.969
1.251
0.944
1.200
0.935
1.234
1.366
1.156
1.396
1.012
1.380
1.234
1.391
1.072
1.053
1.029
1.336
1.278
1.165
1.434
1.027
1.117
1.726
0.929
1.421
1.423
0.961
1.341
1.486
1.255
1.249
1.561
0.960
0.898
1.723
1.080
1.320
1.228
1.347
1.810
1.492
1.352
1.391
1.407
1.315
1.181
1.419
1.353
1.362
1.351
1.550
1.466
1.325
1.039
1.457
1.526
1.222
1.599
1.250
1.024
1.437
0.975
1.563
1.364
1.180
1.486
1.274
0.973
1.015
1.254
1.284
1.566
1.550
1.231
1.431
1.346
1.659
1.020
1.422
1.409
1.404
1.659
1.505
1.679
0.946
1.404
1.470
0.181
1.308
1.106
1.313
1.007
0.964
1.033
1.303
1.662
1.374
1.466
1.402
1.686
1.327
1.801
0.953
1.277
1.298
1.390
1.300
0.976
0.997
1.325
0.975
1.111
1.767
1.005
1.310
1.341
1.219
1.692
1.334
0.939
1.132
1.677
1.493
1.265
0.944
1.410
0.979
0.985
1.330
1.427
1.169
1.408
1.352
1.617
1.191
1.019
1.024
1.596
1.049
1.255
1.512
0.909
1.076
1.173
1.612
1.179
1.034
0.966
1.006
1.588
1.639
1.345
1.044
1.488
0.911
1.496
1.170
1.265
0.998
0.939
1.513
1.349
1.458
1.361
0.959
1.567
1.112
1.375
0.915
1.412
1.051
1.202
0.959
1.517
0.970
1.068
1.317
1.290
1.164
1.006
0.966
1.152
0.911
1.755
1.386
1.408
1.326
1.188
1.413
1.063
1.265
1.012
1.446
1.443
1.390
1.529
1.303
1.128
1.182
1.599
0.978
1.089
1.448
0.900
1.051
1.128
1.492
1.204
0.988
0.985
1.283
1.361
1.623
1.476
1.095
1.142
0.978
1.359
1.429
1.296
1.583
1.035
1.420
1.615
1.505
1.365
1.277
1.171
1.314
1.224
1.344
1.604
1.327
1.468
1.208
1.613
1.567
0.974
1.621
1.327
1.541
1.424
1.445
1.684
1.182
1.028
1.197
1.193
1.090
1.667
1.582
1.545
1.355
1.077
1.031
1.050
1.313
0.868
1.073
1.462
0.940
1.317
0.968
1.661
1.500
0.941
0.949
0.987
1.221
1.228
1.660
1.470
1.523
1.760
1.442
1.539
1.078
1.045
1.337
1.430
0.904
1.483
0.955
1.548
1.302
1.017
1.588
1.019
1.261
1.589
1.706
1.121
1.020
0.973
0.908
1.193
1.012
1.038
1.520
1.234
0.981
1.598
1.041
1.265
0.999
1.497
1.285
0.886
1.510
1.435
1.054
1.156
1.584
1.299
0.952
1.466
1.213
0.974
1.548
1.004
1.686
1.628
1.095
1.044
1.258
1.239
1.349
1.227
1.301
1.227
1.292
1.673
1.025
1.514
1.608
0.911
1.290
1.292
1.246
1.638
1.092
1.483
1.842
1.391
1.102
1.776
0.969
1.876
1.452
1.323
1.834
1.640
0.915
1.550
1.405
1.437
1.408
0.973
1.548
1.370
1.429
1.198
1.266
1.371
1.175
1.659
0.921
1.214
1.037
1.144
1.108
1.449
1.067
1.503
1.152
1.458
1.127
1.643
1.336
0.919
1.654
1.089
1.246
1.458
1.430
1.539
1.557
1.105
1.575
1.351
1.276
1.366
1.061
1.303
1.274
1.420
1.252
1.381
1.302
1.223
1.477
1.126
1.223
1.263
1.418
1.053
1.592
1.238
1.019
0.971
0.907
1.322
1.485
1.247
1.012
1.220
1.397
0.894
1.013
1.735
1.558
1.681
1.326
0.942
1.261
1.371
1.286
1.492
1.489
1.534
1.299
1.312
0.931
1.662
1.317
1.166
1.516
0.947
1.532
1.420
1.107
1.106
1.399
1.429
1.073
1.241
1.505
1.373
1.596
1.224
0.920
0.972
1.083
0.947
1.144
1.463
1.053
1.531
1.478
0.996
0.835
1.243
1.491
1.495
1.482
1.055
1.054
1.265
1.169
1.656
1.397
1.883
0.897
1.600
0.974
1.498
1.231
1.625
1.430
1.161
1.257
1.501
0.924
1.021
1.450
1.067
1.363
0.942
1.386
1.292
1.504
1.623
1.298
1.804
1.026
1.556
1.259
0.950
1.257
1.069
1.435
1.013
1.393
1.006
2.076
1.136
1.036
1.600
1.226
0.932
1.181
1.400
0.992
1.325
1.307
1.112
0.899
1.307
1.355
1.481
1.535
1.174
1.261
1.023
1.346
1.319
1.269
1.211
1.253
1.174
1.233
0.971
1.269
1.147
0.903
1.358
0.942
0.964
1.359
1.712
1.071
1.364
1.461
1.348
1.076
1.473
1.278
1.320
0.998
0.974
1.329
1.124
1.027
1.612
1.238
1.380
1.474
0.919
1.668
1.086
1.171
0.918
1.153
0.940
1.691
0.907
1.248
1.369
1.106
1.109
0.902
1.356
1.378
1.545
1.005
1.632
1.456
1.503
1.508
1.683
1.103
1.163
0.970
1.425
1.103
1.303
1.474
1.162
1.476
1.191
0.892
1.029
0.926
1.022
1.320
1.041
1.333
1.490
1.038
1.416
1.380
1.408
1.438
1.288
1.218
1.090
0.979
1.237
1.157
0.952
1.277
1.451
1.523
1.024
1.376
1.457
1.551
1.567
1.150
1.291
1.123
1.081
1.653
1.385
1.215
1.496
0.960
1.454
1.277
1.216
1.507
1.054
1.201
0.970
1.367
1.243
1.219
1.664
1.757
1.248
0.957
1.435
1.271
1.431
0.905
1.050
0.997
1.325
0.928
1.281
1.195
1.041
1.026
0.965
1.560
1.456
1.463
1.649
1.576
1.572
1.392
1.465
1.359
1.245
1.518
1.373
1.681
0.989
0.972
1.243
1.553
1.647
1.585
0.927
1.223
1.036
1.300
1.480
1.362
1.316
1.310
1.277
1.387
1.347
1.531
0.962
0.946
1.182
1.559
0.970
0.984
1.371
1.519
1.200
1.405
1.050
1.640
0.996
0.909
1.387
1.691
1.392
1.119
1.114
1.463
1.237
1.233
0.924
1.028
1.590
0.904
1.309
0.948
1.413
1.537
1.674
0.984
0.978
0.981
1.146
0.978
1.286
1.431
1.463
0.929
1.345
1.347
1.518
1.635
0.976
0.958
1.130
1.432
1.427
1.216
0.861
1.443
1.059
0.918
1.526
1.113
1.424
1.675
1.083
1.424
1.500
1.512
1.261
1.305
1.260
1.473
1.468
0.949
1.533
1.242
1.467
0.954
0.915
1.086
1.545
1.629
0.971
1.364
1.404
1.344
1.236
1.365
1.409
1.385
1.013
1.006
1.578
1.580
1.439
1.493
1.205
1.518
1.561
1.012
1.518
0.953
1.420
1.618
1.540
0.958
1.025
1.042
1.406
1.183
1.230
1.160
1.388
1.078
1.111
1.279
1.264
1.635
0.942
1.093
1.392
1.176
1.237
1.537
1.307
0.931
0.940
1.284
1.226
1.227
1.459
1.068
1.055
1.039
0.948
1.120
1.335
1.668
0.946
1.094
1.532
1.552
1.660
1.822
1.299
1.041
1.583
1.278
1.381
1.371
1.023
0.907
1.358
1.495
1.492
0.967
1.430
1.596
1.325
0.893
1.261
1.324
1.056
1.219
1.541
1.620
1.143
1.012
1.120
1.647
1.778
0.990
0.983
1.027
1.298
1.438
1.260
1.420
0.995
1.505
1.462
1.485
0.977
1.345
1.561
1.494
1.325
1.481
1.033
1.224
1.075
0.954
1.543
0.945
0.928
1.392
1.096
1.357
0.949
1.605
1.263
1.176
0.957
0.966
1.151
0.968
1.388
1.557
1.175
1.408
1.485
0.899
1.245
1.500
1.258
1.430
1.419
1.477
0.913
1.009
1.391
1.354
1.602
1.581
0.984
1.104
1.272
0.918
1.364
1.263
1.352
1.358
0.909
0.900
1.550
1.249
1.352
1.294
1.004
1.414
1.012
1.378
1.372
1.531
1.336
0.923
1.462
1.224
0.977
1.656
0.987
1.598
1.681
1.040
0.945
1.483
0.964
1.486
1.014
1.130
1.412
1.389
1.578
1.272
1.624
1.200
1.486
1.162
1.498
1.621
1.365
1.104
1.229
1.398
0.965
1.371
0.906
1.224
1.181
1.376
1.025
1.412
1.523
1.009
1.393
1.622
1.162
1.654
0.846
1.371
1.770
0.955
1.190
1.224
1.401
1.295
1.291
1.062
0.944
1.507
1.213
1.455
1.526
0.884
1.573
0.947
0.918
0.942
1.208
1.444
1.630
1.230
1.358
1.346
1.303
1.043
1.732
1.006
1.082
1.285
1.459
0.991
1.274
1.487
1.750
1.229
0.957
1.593
1.233
1.369
0.934
1.110
0.972
1.282
1.273
1.391
0.975
1.041
1.139
0.938
1.270
1.570
1.495
0.942
1.508
0.989
1.495
1.298
1.507
1.120
1.460
1.382
1.501
0.937
1.337
1.419
1.208
1.596
0.979
1.560
1.444
1.703
1.455
1.433
1.057
1.396
0.934
1.394
1.245
1.268
1.123
1.613
1.773
0.996
1.438
1.284
1.074
1.603
1.438
0.928
0.986
1.015
1.320
1.319
1.389
1.558
0.978
1.606
1.170
1.296
1.929
1.279
0.993
1.244
1.479
0.985
1.048
1.401
1.023
1.308
1.420
1.038
1.422
1.014
0.963
1.031
1.370
1.549
1.634
1.288
0.973
1.263
1.504
1.058
0.946
1.246
1.037
1.126
1.396
1.005
1.543
1.172
1.651
1.349
0.969
1.481
1.231
1.482
1.124
1.321
1.785
1.574
1.297
1.053
1.633
1.207
1.095
0.977
1.203
0.959
0.893
0.996
0.935
1.238
1.546
1.250
1.417
0.034
1.625
1.255
1.098
1.264
1.312
1.514
1.467
1.449
0.946
1.540
1.017
0.980
0.944
1.279
1.385
1.264
1.378
1.065
1.205
1.362
1.157
1.355
1.461
1.272
1.396
0.928
1.565
1.325
1.165
1.266
1.113
1.386
1.143
1.207
1.123
1.244
1.596
1.420
1.050
0.946
1.753
0.945
0.991
1.744
0.956
1.421
0.956
1.254
0.949
1.243
1.153
1.399
1.012
0.959
0.982
1.294
1.592
0.973
1.347
1.044
1.234
1.435
1.386
1.412
0.958
1.046
1.011
1.037
1.424
1.584
1.244
0.980
0.985
1.584
1.474
1.182
1.615
1.577
1.330
0.920
0.946
1.268
1.263
1.358
1.377
1.350
1.592
1.043
1.440
1.218
1.322
1.570
1.028
1.620
1.413
1.221
1.379
1.304
1.106
1.381
1.544
1.245
1.154
1.427
1.206
0.926
0.976
1.378
1.028
1.473
1.320
1.329
1.292
1.478
1.163
1.334
1.401
1.438
1.542
1.304
1.490
1.300
1.386
1.537
1.262
1.048
1.347
1.199
0.968
1.029
1.142
0.970
1.364
1.393
1.077
1.445
1.230
1.410
1.377
1.473
1.743
0.950
1.262
1.763
0.977
1.156
1.061
1.533
1.281
1.530
1.334
1.394
0.978
1.156
1.442
1.549
1.509
1.202
1.021
1.236
1.444
1.494
1.197
1.211
0.985
1.291
1.295
1.336
1.322
0.945
0.967
0.964
1.361
0.999
1.597
0.978
1.478
1.214
1.082
1.056
1.559
1.078
1.543
0.964
1.153
1.444
1.292
1.435
1.358
1.379
1.564
0.924
1.473
1.400
0.931
0.992
1.014
1.453
1.300
0.969
1.510
1.216
1.246
1.604
1.239
1.706
1.200
1.284
1.343
1.392
1.517
1.331
1.522
1.041
1.528
1.132
1.180
1.361
1.221
1.474
0.988
1.379
1.458
1.111
1.160
1.283
1.480
1.564
1.412
1.063
1.274
0.985
1.382
1.397
1.158
1.484
0.981
1.179
1.061
1.540
1.182
1.307
1.264
1.089
1.561
0.888
0.910
1.177
1.193
1.139
1.000
1.126
1.259
1.327
1.381
1.178
1.353
1.231
1.290
1.300
1.421
1.552
1.458
1.408
1.548
1.397
1.519
1.021
1.237
1.036
0.989
0.996
1.346
1.506
1.405
1.097
1.459
1.342
0.921
1.300
1.215
1.013
1.385
1.902
1.517
1.128
1.273
0.994
1.219
1.568
1.464
1.619
0.960
1.507
1.480
1.469
1.328
1.479
1.310
1.333
0.976
1.201
1.025
1.410
1.482
1.575
1.666
0.921
0.884
1.064
1.337
1.157
0.990
1.478
1.588
0.957
1.397
1.222
1.601
1.828
1.312
0.970
1.345
1.146
1.394
1.301
1.377
1.108
1.373
0.977
1.373
1.680
1.451
0.931
1.271
1.391
1.282
0.951
1.562
1.475
1.537
1.180
1.207
0.968
1.241
0.958
1.892
0.910
1.415
0.909
1.541
0.899
1.041
0.959
1.502
1.421
1.591
0.978
1.285
1.012
0.987
1.195
1.122
0.090
1.003
1.022
1.673
0.998
1.122
1.372
1.086
0.882
1.155
1.240
1.418
1.490
0.864
1.442
1.411
0.922
0.964
1.132
1.009
1.333
1.282
0.916
1.413
1.440
1.171
1.434
1.281
1.317
0.980
1.590
1.272
1.384
1.293
1.103
1.441
1.378
1.207
0.940
1.277
0.997
1.272
1.094
1.711
1.108
1.024
1.001
1.490
1.093
0.949
1.431
1.423
1.021
1.328
1.206
1.178
1.328
0.883
1.349
1.544
1.306
1.378
1.391
1.350
0.915
1.230
1.400
0.984
1.138
1.453
1.494
1.204
1.284
1.651
1.299
1.241
1.030
1.310
1.555
1.024
1.653
1.383
1.202
1.144
0.973
1.328
0.912
0.986
0.967
0.926
0.935
1.425
1.012
1.281
1.111
1.157
1.411
1.183
0.871
1.015
1.181
1.550
1.467
0.875
1.654
1.202
1.470
0.937
1.159
1.298
1.237
1.415
1.377
1.312
1.280
0.929
1.540
0.950
0.949
0.877
0.985
1.554
1.411
0.872
1.158
1.516
1.002
1.057
1.356
0.979
1.245
0.954
1.339
1.411
1.084
1.306
1.280
1.053
1.281
1.381
0.886
1.214
0.963
1.310
1.420
1.412
1.454
0.959
1.060
1.380
1.013
1.378
1.131
1.704
0.885
1.386
1.704
1.479
1.276
1.108
1.526
1.389
1.874
1.509
1.274
0.939
1.450
1.555
0.943
1.357
1.166
1.099
1.219
1.480
1.348
1.006
1.212
1.031
1.108
0.941
1.254
0.918
1.252
1.388
1.468
2.027
1.099
1.846
1.407
1.300
1.488
0.950
1.067
1.204
1.240
1.615
0.945
0.924
1.080
1.557
1.186
1.225
0.997
1.251
1.650
1.179
0.987
1.026
1.090
1.227
1.353
0.935
1.646
1.493
1.629
1.578
0.985
0.925
1.210
1.384
1.272
0.942
1.330
1.367
1.620
1.455
1.612
1.173
1.351
1.354
1.166
1.539
1.059
1.449
1.667
1.677
0.936
1.392
1.392
1.582
1.367
1.038
1.455
1.596
1.356
1.185
1.583
1.279
1.021
1.382
1.303
0.991
1.417
1.075
1.177
1.297
1.463
1.539
1.116
1.354
1.426
1.286
1.548
1.250
1.029
1.315
1.022
1.641
1.215
1.014
1.383
0.967
1.409
1.434
1.011
1.041
1.263
1.137
1.283
0.914
1.283
1.424
1.741
0.964
1.468
0.964
1.308
1.509
1.568
1.018
1.387
1.161
1.230
1.101
1.453
0.881
0.869
1.400
1.409
1.197
0.983
1.211
1.342
1.295
1.140
1.387
1.278
0.964
1.294
1.501
1.049
1.044
1.093
1.493
1.608
1.453
1.625
1.169
1.417
1.514
1.272
0.909
1.207
1.258
1.590
1.184
1.595
1.505
0.953
1.317
1.478
1.383
1.312
1.480
1.369
1.379
0.962
1.568
0.875
1.433
1.399
0.986
1.645
1.354
1.741
1.557
0.979
0.919
1.495
1.212
1.520
1.344
1.358
1.483
1.521
0.978
1.336
1.376
1.222
1.080
1.001
1.262
1.053
1.231
1.198
1.167
0.944
1.328
0.927
1.095
1.234
0.974
1.450
1.087
1.512
1.356
0.886
1.545
1.362
1.386
1.461
1.328
1.054
1.362
1.515
1.148
1.388
0.917
0.954
1.266
1.234
1.232
0.940
1.631
0.994
1.370
0.939
1.568
1.470
1.172
1.438
0.978
0.955
1.040
0.959
1.238
1.667
1.202
0.897
1.012
1.012
0.897
1.004
1.140
0.949
1.535
1.058
0.928
1.034
1.334
1.843
0.960
1.202
1.571
0.940
1.316
1.457
1.445
1.019
1.314
1.454
0.953
1.667
1.133
1.319
1.618
1.448
1.348
1.096
0.900
0.933
1.238
1.369
1.510
0.982
1.143
1.631
1.165
1.586
0.972
1.311
0.890
0.992
1.492
1.462
1.275
1.386
0.891
0.976
1.133
0.954
1.086
0.884
1.404
0.944
1.056
1.271
1.342
1.374
1.332
1.059
1.262
1.111
1.314
1.329
1.536
0.999
1.094
0.977
1.279
1.064
1.299
1.561
1.776
1.610
1.176
1.262
1.324
0.984
1.233
1.357
0.995
1.529
1.576
1.259
1.212
0.962
0.943
1.201
1.309
1.419
1.420
1.285
1.371
1.123
1.413
1.498
0.978
1.362
1.334
1.373
1.350
1.372
1.218
0.884
1.182
1.497
1.650
1.246
1.007
1.556
1.595
1.577
1.277
1.014
0.994
1.198
1.015
0.987
1.247
1.397
1.461
1.405
0.974
1.480
0.920
0.886
1.387
0.966
0.943
1.466
1.474
1.166
0.987
1.220
1.279
1.424
1.223
1.027
1.340
1.518
1.054
1.374
1.482
1.043
0.911
1.398
1.037
0.982
1.176
1.322
1.093
1.339
1.497
1.010
1.028
1.312
0.956
0.931
1.551
1.076
1.384
1.180
1.512
1.312
1.002
1.600
0.938
0.909
0.954
1.444
1.020
1.216
1.198
1.870
1.501
1.740
1.416
1.395
0.987
1.122
1.375
1.111
1.063
1.335
1.331
0.948
0.962
1.774
1.396
1.231
1.305
1.181
1.370
1.632
1.180
1.346
0.991
1.107
1.010
0.944
1.044
0.922
1.205
1.005
1.240
1.228
1.304
1.470
1.489
1.475
1.301
1.364
1.541
1.350
1.030
1.408
1.443
1.415
1.526
1.258
1.089
1.080
1.486
1.197
1.264
1.395
1.466
1.183
1.223
1.298
1.268
0.934
1.450
0.957
1.204
1.507
0.990
0.910
1.148
1.254
1.044
1.342
1.005
1.607
1.510
1.110
1.350
1.113
1.437
1.017
1.379
1.431
0.979
1.008
1.020
1.049
1.492
1.507
1.214
1.485
1.282
1.628
1.325
1.614
1.254
1.741
1.306
1.538
0.955
1.691
1.370
1.815
1.564
1.571
1.365
0.965
1.270
1.034
1.040
1.299
1.487
1.093
1.350
1.554
1.472
0.995
1.423
0.943
0.888
1.056
1.212
1.259
1.687
1.363
1.303
1.175
0.989
1.419
1.031
1.539
1.025
0.833
1.463
0.917
1.270
1.122
1.418
1.202
1.649
1.042
0.956
1.509
1.601
1.225
1.321
0.985
1.332
1.246
1.398
1.327
1.408
1.055
1.354
1.489
1.037
0.985
0.924
0.959
1.548
1.504
1.610
1.612
1.361
1.387
1.137
1.055
1.523
1.519
1.357
1.491
1.003
1.402
1.216
1.360
1.394
1.574
1.331
0.881
1.391
1.057
1.486
0.992
1.288
0.924
0.903
1.848
1.294
1.418
1.763
0.931
1.025
1.409
1.044
1.477
1.401
0.978
1.419
1.001
1.422
1.624
0.992
1.550
1.683
1.078
1.629
0.980
1.287
1.332
1.024
0.988
1.513
1.005
0.987
1.066
1.311
1.424
1.333
1.737
1.638
1.418
1.346
1.269
0.911
0.993
0.904
1.455
1.608
1.081
1.258
1.519
0.875
1.193
1.026
1.355
1.549
0.881
1.043
1.246
1.034
1.295
1.410
0.929
1.034
1.123
1.123
0.938
1.252
0.961
1.358
1.108
1.456
1.297
1.392
1.229
1.406
1.408
1.651
0.935
1.641
1.400
1.246
1.510
1.533
1.155
1.293
1.363
1.201
1.238
1.519
1.033
0.919
1.112
1.083
1.145
1.425
1.214
0.947
1.405
0.841
0.986
1.461
0.978
1.221
1.133
1.252
1.326
1.245
0.916
1.280
1.109
1.008
0.924
1.522
1.521
1.035
1.429
0.876
1.317
0.929
1.577
0.954
1.060
1.104
0.886
1.509
1.322
1.435
1.041
1.058
1.492
1.370
1.656
1.014
1.074
1.074
1.433
0.973
1.265
1.440
1.243
1.021
1.425
0.997
1.027
1.354
1.451
1.637
1.246
1.220
0.876
1.394
1.367
1.190
1.079
1.488
1.557
0.901
1.143
1.373
1.361
1.273
1.226
0.971
0.904
1.202
1.002
1.058
1.251
1.280
1.038
0.967
0.923
1.205
1.408
1.067
1.452
1.247
1.277
1.067
1.482
0.964
1.266
1.027
1.061
1.355
0.916
0.893
1.418
1.312
1.357
0.956
0.979
1.274
0.919
0.970
0.883
1.080
0.914
1.234
1.459
1.331
1.518
1.033
1.246
1.203
1.055
1.615
1.466
1.187
1.459
0.941
1.665
1.282
0.944
1.355
1.362
0.964
1.007
0.986
1.292
1.417
1.699
1.241
1.043
1.385
1.363
1.372
1.181
1.260
1.413
1.456
1.038
1.407
0.940
1.624
1.426
0.927
0.946
1.025
1.783
0.995
1.040
1.502
1.002
0.953
0.920
1.207
1.263
1.625
1.393
1.322
1.347
1.459
1.206
1.361
1.377
0.904
1.513
1.329
1.389
0.888
1.542
1.333
1.413
0.933
1.291
0.931
1.493
1.441
0.996
0.998
1.305
0.851
1.168
1.380
1.144
1.182
1.350
1.401
1.427
0.934
0.946
0.900
1.531
1.325
1.021
1.303
1.282
1.331
1.292
1.370
0.987
1.316
0.963
1.132
0.994
1.620
0.897
1.370
1.101
1.428
0.955
1.380
1.323
1.515
0.945
1.553
1.227
0.955
1.710
1.464
1.145
1.211
1.470
1.493
0.911
1.210
1.399
1.233
1.417
1.023
1.341
1.058
1.478
1.276
0.990
1.578
1.217
1.117
1.740
0.950
1.466
1.144
1.045
1.238
1.273
0.984
0.951
1.372
1.082
1.006
1.410
1.509
1.540
0.928
1.046
0.988
0.942
1.032
0.955
0.961
1.255
1.386
1.094
0.933
1.270
1.402
0.965
1.215
1.289
0.992
1.437
1.216
1.334
1.059
1.271
1.399
1.052
0.913
1.314
1.773
1.295
1.298
0.968
0.897
1.436
0.923
1.381
1.528
0.994
1.918
1.332
1.318
1.011
1.387
1.478
0.987
1.464
1.363
0.939
1.415
1.526
1.333
1.417
1.477
1.247
1.286
1.409
0.921
1.522
1.119
1.274
1.548
0.959
1.161
1.298
1.370
1.358
1.429
1.612
1.507
0.982
1.495
1.298
1.380
1.367
0.862
1.135
1.394
1.001
1.513
0.915
0.945
1.128
1.252
1.256
1.437
1.102
0.970
1.505
1.537
1.125
0.967
1.475
1.295
1.459
0.924
0.908
1.623
1.248
1.031
1.243
1.353
1.198
1.380
0.920
1.109
0.999
1.202
1.038
1.023
1.276
1.310
1.378
1.133
1.125
1.051
1.584
1.141
0.942
1.535
1.368
1.249
0.987
0.949
0.895
1.204
1.314
1.307
0.911
1.465
0.840
1.155
0.935
1.355
0.978
1.397
1.297
1.001
1.632
0.936
1.524
1.042
0.998
1.106
1.004
0.977
1.077
1.455
1.233
1.234
1.703
1.171
1.791
1.004
1.047
1.112
1.206
1.258
1.360
0.996
1.556
1.304
1.008
1.351
1.286
1.218
1.118
1.206
1.507
1.525
1.175
1.480
1.286
0.967
1.455
1.269
0.984
1.268
0.979
1.546
1.353
1.625
1.171
1.550
1.285
1.538
1.677
0.973
1.160
0.939
1.009
1.255
1.418
1.243
1.185
0.910
1.274
1.020
1.175
1.295
1.476
1.237
1.574
0.992
1.333
1.266
1.094
1.182
0.982
1.503
1.485
1.335
1.505
1.006
1.004
1.509
0.879
1.193
1.219
1.254
1.588
1.424
0.966
1.405
1.269
1.394
1.447
1.168
1.176
1.313
1.660
1.207
1.020
1.192
1.231
1.494
1.386
1.199
1.451
1.232
1.181
1.427
1.031
1.179
1.328
1.568
1.754
1.343
1.235
1.408
1.397
1.497
0.875
1.329
1.589
1.394
1.315
1.377
1.214
1.212
0.937
1.696
0.907
1.412
1.270
0.990
1.537
1.532
1.359
0.966
1.210
1.264
1.382
0.921
0.964
0.898
0.938
0.964
1.057
1.045
1.415
1.092
1.391
1.363
1.055
1.288
1.491
1.367
1.391
1.295
1.260
1.314
1.554
1.357
1.008
0.983
0.910
1.469
1.089
0.971
1.468
1.211
0.931
1.472
0.938
1.412
1.380
1.675
1.190
1.003
1.537
1.030
1.538
1.495
1.293
0.922
1.019
1.406
0.983
0.912
0.956
1.516
1.350
1.471
1.354
0.877
1.129
1.280
1.091
0.861
1.441
0.947
1.424
1.224
1.493
1.198
1.068
0.877
1.465
1.392
1.374
1.529
1.298
1.313
1.146
0.999
1.419
1.333
0.930
1.144
1.010
1.483
1.239
0.987
0.931
0.913
1.365
1.232
0.911
0.958
1.289
1.510
1.003
1.613
0.875
1.196
1.367
1.233
1.403
1.077
0.903
1.440
1.030
1.352
1.603
1.711
1.368
0.938
1.357
1.426
0.990
1.371
1.255
1.447
1.298
1.345
0.968
0.963
1.356
1.298
0.958
1.690
1.222
1.495
1.382
0.961
1.260
1.071
0.825
0.869
1.018
1.443
1.384
1.016
1.378
1.437
1.646
1.212
1.207
1.143
1.060
1.523
1.517
1.016
1.415
1.218
1.005
1.635
0.946
1.366
1.329
1.331
1.497
1.431
1.492
1.066
1.526
1.369
1.207
1.212
1.252
1.108
1.315
0.981
1.590
1.318
0.924
0.952
1.369
1.254
1.264
1.007
1.435
1.186
1.249
1.119
0.954
1.261
1.462
1.113
1.149
1.267
1.723
1.463
0.940
1.293
0.905
1.074
1.183
1.154
1.503
1.111
1.335
1.393
1.169
1.397
1.336
0.917
1.539
1.231
1.462
1.120
1.349
1.486
1.340
1.416
0.978
1.463
0.904
1.214
1.043
1.420
1.000
1.367
0.982
0.899
1.581
1.187
1.286
1.328
1.500
1.424
0.919
1.549
1.451
0.897
1.217
1.206
1.502
0.956
1.408
1.516
0.996
1.503
1.643
1.422
1.344
1.142
1.184
1.585
1.470
1.180
1.208
0.926
1.343
1.156
0.957
1.009
1.079
1.621
1.647
1.566
1.160
1.582
1.642
1.322
1.045
1.042
0.935
0.945
1.618
0.917
0.933
0.910
1.380
1.250
1.405
0.892
1.432
1.369
1.546
1.529
1.514
1.616
1.489
0.955
0.884
1.585
0.915
1.405
0.929
1.003
1.214
1.382
1.453
1.434
1.218
0.917
1.551
0.995
1.203
1.152
1.428
1.227
1.336
1.377
0.957
1.365
1.540
1.448
1.553
1.399
1.223
1.547
1.417
0.991
1.219
1.431
1.583
1.284
0.951
1.514
1.406
1.282
0.995
1.031
1.016
1.267
1.403
1.016
1.129
1.249
1.336
1.423
1.518
0.995
1.461
0.920
1.674
1.388
1.512
1.311
1.028
0.961
1.191
0.937
1.257
1.340
1.410
0.972
1.479
0.992
1.409
1.286
1.654
1.254
1.222
1.521
1.576
1.072
1.170
1.198
1.362
1.237
1.313
1.742
1.516
1.229
1.398
1.372
0.888
1.456
1.441
1.129
1.390
1.373
1.441
0.923
1.340
1.388
1.350
1.338
1.218
1.057
1.305
1.402
1.237
1.406
0.954
1.159
1.505
0.912
0.994
1.269
1.223
1.544
1.154
1.180
1.452
1.184
1.387
0.955
1.144
1.104
1.046
1.615
1.106
1.288
1.037
1.267
1.416
1.201
0.969
1.029
1.610
0.945
1.274
1.413
0.990
1.059
0.981
1.275
1.494
1.256
0.963
0.892
0.931
1.072
1.468
0.929
1.060
1.141
1.141
1.566
1.230
0.884
1.299
1.328
0.963
1.358
0.899
1.220
0.926
1.220
0.989
1.408
1.761
1.418
1.149
0.976
0.967
1.274
1.775
1.378
0.940
1.007
1.530
1.531
1.205
1.376
0.964
1.436
0.995
1.227
1.581
0.991
1.364
1.516
1.474
0.927
1.340
1.430
0.942
0.991
1.169
1.250
0.999
1.266
1.516
1.081
1.321
1.556
1.178
1.526
1.518
0.908
0.961
1.376
1.280
1.210
1.475
1.414
1.444
1.429
1.169
0.904
1.466
1.332
1.413
1.204
1.036
1.396
1.060
1.262
1.567
0.897
1.403
1.373
1.401
0.937
1.310
1.482
1.367
1.409
1.242
0.868
1.143
1.347
1.261
0.909
0.981
1.002
1.255
1.192
1.023
1.235
1.410
1.384
1.471
0.992
1.013
1.589
1.334
1.487
1.216
1.613
1.571
1.205
1.385
1.402
1.284
1.736
0.979
1.212
1.318
1.236
1.160
1.490
1.358
0.962
1.457
1.390
1.303
1.004
1.329
1.152
0.909
1.527
1.727
1.132
1.024
1.406
1.457
1.484
1.074
1.252
1.680
1.370
1.278
0.989
1.502
1.472
0.901
1.141
1.144
1.390
1.769
1.071
1.231
1.380
1.487
1.055
1.398
1.562
1.339
1.321
1.405
1.147
0.921
0.873
0.909
1.518
1.295
1.644
1.545
1.551
1.186
0.933
1.291
1.551
1.780
1.253
1.305
1.006
1.623
1.194
1.418
1.168
1.156
1.544
1.137
1.637
1.484
1.126
1.115
1.379
1.421
1.260
0.917
1.435
1.444
1.437
1.204
1.259
1.338
1.073
1.164
1.251
1.339
1.770
0.930
1.208
1.501
1.530
1.342
0.975
1.228
0.965
1.110
0.977
1.607
1.492
1.307
1.497
1.262
1.169
1.516
1.404
1.286
1.611
1.376
1.363
1.552
1.107
1.343
1.423
1.529
0.943
1.466
0.985
1.081
0.989
1.323
1.437
1.307
1.292
1.053
1.542
1.128
1.572
0.861
1.552
1.425
1.049
1.011
1.605
0.912
0.948
1.373
1.020
1.517
1.122
1.477
1.457
1.314
1.153
0.971
1.186
1.140
1.629
1.108
1.394
1.747
1.279
1.435
1.421
1.201
1.558
1.116
1.328
1.581
0.908
0.902
1.232
1.059
0.956
1.203
1.296
1.342
1.503
0.940
0.957
1.513
1.449
1.268
1.475
1.589
1.314
0.920
1.873
1.108
0.951
1.255
1.023
1.024
0.980
1.299
1.364
1.204
1.397
1.268
1.265
1.065
1.409
1.367
1.077
1.299
1.230
0.950
1.587
1.525
1.365
1.480
1.208
1.336
1.326
1.060
1.250
1.389
0.995
1.514
1.395
1.574
0.962
1.560
1.579
0.984
0.919
1.300
1.515
1.282
1.300
1.602
1.256
0.973
1.236
1.349
0.935
1.566
1.300
1.178
1.492
1.290
1.430
1.140
0.908
0.879
1.424
1.518
1.457
1.061
1.642
1.372
1.540
1.511
1.229
1.104
0.945
1.072
1.220
1.499
0.947
1.350
1.282
1.250
1.710
1.436
1.410
1.456
0.950
1.447
1.263
1.551
1.288
0.920
1.396
0.966
0.911
1.322
1.190
1.362
1.415
1.328
0.961
1.619
1.130
1.570
1.480
0.932
1.147
1.231
1.457
1.309
1.357
0.947
1.518
1.028
0.998
1.424
1.664
0.956
1.655
0.968
1.075
1.381
1.220
1.024
1.393
0.925
0.936
1.456
1.128
1.552
1.277
1.486
1.172
1.331
1.497
1.335
1.325
1.678
0.864
1.200
1.486
1.538
1.355
1.202
1.382
1.015
1.373
1.003
1.562
0.959
1.422
1.352
1.602
0.959
0.989
1.060
1.333
1.162
1.195
1.300
1.364
1.081
1.355
1.419
1.197
1.305
1.656
1.635
1.501
1.506
1.369
1.243
1.357
0.959
1.693
1.192
1.576
1.172
1.466
0.963
0.877
1.243
1.138
1.218
1.033
0.954
1.384
1.021
0.976
0.906
1.029
0.916
1.467
1.408
1.475
1.129
1.594
1.247
1.370
0.991
0.897
1.495
1.435
1.025
1.012
1.024
4.222
1.330
1.219
1.087
1.154
1.349
1.366
1.495
0.947
1.413
1.225
1.042
1.463
1.133
1.322
1.000
1.443
1.407
1.255
1.294
1.433
1.287
1.571
1.010
0.903
1.322
1.406
1.225
0.913
1.404
1.279
0.917
1.478
1.311
0.870
1.588
1.339
1.275
1.337
1.169
1.520
1.161
0.967
1.095
1.389
1.236
1.567
1.094
1.329
1.057
1.169
1.637
0.947
1.042
1.252
0.893
1.013
1.324
1.784
1.234
1.005
1.177
1.144
0.882
1.437
1.532
1.404
1.105
1.218
1.335
1.152
1.273
1.578
0.923
1.475
0.980
1.127
1.387
1.269
1.493
1.284
1.554
0.913
0.953
0.974
1.420
1.436
1.067
1.430
1.113
1.516
1.411
0.990
1.023
1.642
1.394
1.011
1.394
0.973
1.235
1.273
1.218
1.481
1.002
1.119
1.115
1.601
1.835
1.785
1.599
1.299
0.974
0.892
0.881
1.274
1.100
0.869
1.487
0.856
0.925
1.256
1.276
1.258
1.264
1.445
1.180
1.064
0.868
1.286
1.365
1.142
1.210
1.194
1.402
0.974
1.371
0.989
1.326
1.313
1.280
1.219
1.367
1.359
1.126
1.369
1.384
1.306
0.972
1.106
1.202
1.360
1.714
0.992
1.419
1.129
1.106
1.274
1.014
1.359
1.356
1.034
0.903
1.468
1.032
1.245
0.909
1.017
1.306
1.165
0.967
1.305
1.467
1.589
1.549
1.460
1.244
1.298
1.489
1.396
1.330
1.310
1.366
1.031
1.123
1.272
1.079
0.924
1.034
1.578
1.250
1.014
1.094
1.066
1.117
1.404
1.124
1.024
1.455
1.454
1.414
1.433
1.214
1.269
1.102
1.372
0.975
1.529
1.211
1.419
1.671
0.962
1.217
1.241
1.413
1.609
1.391
1.261
1.505
0.039
1.245
1.213
0.978
0.912
1.742
1.404
1.098
1.236
1.176
1.593
1.019
1.439
1.350
0.882
0.884
0.932
1.445
1.259
0.946
1.309
1.413
1.015
1.166
1.100
1.010
0.904
1.005
1.380
1.023
1.321
1.313
1.869
1.031
1.249
1.546
1.196
1.898
0.953
1.138
1.263
1.039
1.577
1.348
1.443
1.145
1.520
1.726
1.106
1.268
1.357
1.181
0.976
1.430
1.549
0.906
1.126
0.947
0.946
0.964
0.902
1.078
1.422
1.254
0.956
1.508
0.934
1.236
1.233
1.591
1.492
1.277
1.343
0.934
1.168
0.983
1.206
1.304
1.384
1.013
1.181
1.411
1.533
0.943
1.710
1.669
1.159
1.589
0.911
0.954
1.362
1.413
1.439
1.146
1.325
0.941
1.591
1.551
0.997
1.408
1.285
1.252
1.122
1.112
1.392
1.466
1.057
1.269
0.875
1.309
1.323
1.020
1.139
1.375
1.231
1.083
1.548
0.912
1.454
1.319
1.281
1.607
1.178
1.164
1.422
1.057
1.694
0.921
1.733
1.449
1.510
0.881
1.376
1.244
1.467
1.263
1.627
1.556
1.353
1.336
1.197
0.898
1.296
1.294
1.534
1.404
1.329
1.590
1.418
1.420
0.928
1.315
1.248
1.077
1.236
1.005
1.189
0.930
1.392
1.325
1.337
1.399
1.455
1.520
1.336
0.988
1.005
1.326
1.293
0.901
1.077
1.307
0.954
1.548
1.350
0.939
1.241
1.054
1.416
1.318
1.618
0.914
1.225
1.177
0.910
1.544
1.461
0.922
0.990
1.459
1.357
0.906
1.696
1.008
1.384
1.393
1.424
1.333
0.945
1.078
1.314
1.319
1.332
1.075
1.297
1.694
1.426
1.067
0.891
1.484
0.928
0.927
1.033
1.036
1.001
1.556
0.905
1.360
1.442
1.431
1.319
0.968
1.345
1.159
0.931
1.453
0.923
0.978
1.543
0.948
1.343
1.133
1.446
1.372
1.265
1.400
1.337
1.204
0.994
1.169
1.458
1.590
1.241
1.007
1.332
1.001
1.376
1.095
1.314
0.924
1.368
1.340
1.187
1.005
1.456
1.446
0.740
1.438
0.932
0.882
1.106
0.960
0.845
1.230
1.109
1.382
1.392
0.883
1.080
1.151
1.050
1.300
1.241
0.885
0.917
1.302
1.549
1.305
1.114
1.235
1.121
1.267
0.922
1.575
0.951
1.351
1.478
1.026
1.453
1.381
1.304
1.531
1.227
1.284
1.545
1.679
1.318
0.881
1.454
1.025
1.207
1.539
1.213
1.063
0.968
0.950
1.194
1.277
1.276
1.384
1.436
1.150
0.940
1.046
1.378
1.363
1.169
1.596
1.317
1.111
1.064
1.278
1.221
1.564
1.015
1.011
1.416
1.401
1.457
0.911
1.094
0.964
0.852
1.202
1.460
1.296
0.964
1.365
0.953
1.273
1.585
1.438
0.893
1.051
1.026
1.265
1.019
0.886
0.864
1.315
1.074
1.254
1.174
1.807
1.512
1.400
1.377
0.997
1.023
1.365
0.963
1.586
0.991
1.518
1.248
1.207
1.324
1.512
1.548
0.893
1.461
1.002
1.288
1.654
1.631
1.737
1.528
1.288
1.040
1.196
0.933
0.898
0.933
1.456
1.222
0.969
1.235
0.992
1.020
1.220
1.563
0.942
1.561
1.482
1.189
1.083
1.169
1.307
1.083
1.287
1.308
1.239
1.402
1.445
1.429
1.364
0.958
1.409
1.714
1.088
1.331
1.383
0.943
1.277
1.414
1.267
1.855
1.492
0.971
1.408
1.527
1.635
1.660
1.028
1.287
0.878
1.397
1.365
1.290
1.028
1.253
0.941
0.968
1.043
0.980
1.263
1.032
1.250
2.939
1.297
1.350
1.355
0.880
1.324
1.235
1.064
0.907
1.357
1.380
1.186
1.262
0.946
1.536
1.242
1.607
1.393
1.295
1.146
1.538
1.452
1.129
0.951
0.933
1.615
1.377
1.512
1.238
1.170
0.897
1.002
1.247
1.587
0.901
1.051
1.509
0.882
1.451
0.938
1.039
0.974
1.428
1.473
1.388
1.491
1.251
0.975
1.658
0.941
1.304
1.288
1.262
0.903
1.438
0.089
1.369
1.183
0.895
1.568
1.240
1.217
1.078
0.918
1.453
1.216
1.063
0.921
0.888
0.933
1.097
1.076
1.280
1.066
0.873
1.484
0.949
1.252
1.266
1.570
1.659
1.686
1.333
1.405
1.110
1.255
1.276
1.428
1.242
1.327
1.481
1.586
1.365
0.979
1.378
1.305
1.262
1.548
1.226
1.253
0.968
0.979
1.146
0.886
1.372
1.226
1.241
1.514
1.388
1.106
1.339
1.463
1.657
1.264
1.243
1.284
0.927
1.417
0.924
1.250
0.944
1.490
1.096
1.426
1.583
1.224
1.027
1.313
1.073
1.345
0.860
1.243
1.234
1.382
1.237
1.359
1.469
0.969
1.183
1.218
1.023
1.420
1.440
1.343
1.167
0.982
1.449
1.322
0.969
0.958
0.884
1.410
1.569
1.301
1.226
1.166
1.108
1.269
1.058
1.503
1.610
1.274
1.033
1.493
1.007
1.185
1.420
1.501
0.940
1.688
0.824
1.275
1.533
0.932
1.010
1.232
1.492
1.121
1.351
1.077
1.299
1.696
1.392
0.952
1.374
0.944
0.979
1.447
1.551
1.500
1.135
1.576
1.465
1.074
1.209
1.117
1.146
1.230
1.194
1.418
1.281
1.519
1.459
1.160
1.311
1.338
1.336
1.527
1.215
1.243
1.300
1.223
1.230
1.523
1.287
1.181
1.241
1.392
1.420
1.385
0.892
1.290
1.336
1.028
1.338
1.403
1.177
1.381
0.924
1.084
1.151
1.020
1.278
1.245
1.459
1.486
1.015
1.141
0.936
1.056
0.919
1.201
1.598
0.924
1.784
1.091
1.181
1.471
1.500
1.505
1.569
1.241
1.414
0.918
1.501
1.427
1.438
1.219
1.244
1.431
1.581
1.433
0.928
1.078
1.345
1.317
0.969
1.086
1.296
1.784
1.239
1.047
1.240
1.116
1.321
1.401
1.674
1.377
1.376
1.272
0.920
1.390
1.245
1.442
1.502
1.013
0.938
1.299
0.985
1.633
1.399
1.164
1.331
1.356
0.956
1.406
1.381
1.500
1.902
1.399
1.074
1.435
0.970
1.307
1.335
0.986
1.029
1.233
1.283
1.202
1.440
1.321
1.050
1.387
1.526
0.841
1.138
1.284
1.017
1.300
0.955
1.629
1.433
1.019
1.329
1.113
1.209
1.630
1.301
0.901
1.292
1.807
1.373
1.235
1.580
1.206
0.901
1.506
1.181
0.905
1.194
1.496
1.139
1.763
1.077
0.900
1.392
1.359
1.396
1.524
1.110
1.495
1.086
0.972
1.303
0.912
1.092
1.037
1.252
1.172
1.465
1.609
1.655
1.394
1.327
0.902
1.004
1.294
1.458
1.407
0.885
1.504
1.429
1.350
0.967
0.906
1.530
0.934
1.354
1.428
1.615
0.896
1.147
1.331
1.253
0.927
1.330
1.114
1.233
1.348
1.276
1.179
1.325
1.331
1.484
1.126
0.973
1.626
1.162
0.939
0.968
1.700
1.499
1.144
1.159
1.174
1.549
0.998
1.429
1.401
1.524
1.586
1.069
1.412
0.955
0.952
1.081
0.954
1.385
1.006
1.380
1.002
0.929
1.218
1.455
1.043
1.411
1.227
1.593
1.362
1.265
1.498
1.045
1.538
1.464
0.955
1.144
0.896
1.272
1.170
1.485
1.377
1.610
0.938
0.900
1.347
1.087
1.649
1.346
1.186
0.913
1.653
1.317
0.970
1.417
1.245
1.399
1.359
0.956
1.256
1.487
1.309
1.329
1.339
1.252
1.333
1.228
1.304
0.926
0.909
1.092
1.297
1.398
1.023
1.044
1.511
1.383
0.994
1.479
1.191
1.215
0.936
1.291
1.275
1.039
1.175
1.109
1.040
1.156
1.471
1.373
0.895
1.312
1.291
1.348
1.327
1.516
1.619
1.205
1.460
1.244
1.222
1.199
0.915
1.288
0.958
0.956
1.358
1.524
1.034
1.280
1.395
1.511
0.981
0.907
0.937
0.980
1.153
1.327
1.021
0.929
1.372
1.505
1.129
1.361
1.491
1.131
1.096
1.058
1.160
1.588
0.950
1.244
1.291
1.244
0.888
1.376
0.994
1.263
0.995
1.453
0.901
1.037
1.369
1.246
1.091
0.913
1.497
1.280
1.461
1.307
1.057
0.943
1.407
1.569
1.561
0.904
1.359
1.341
0.975
1.323
1.270
1.251
1.248
0.897
1.240
1.020
0.965
1.349
0.998
0.942
1.281
1.362
1.389
1.067
1.378
1.422
0.986
0.989
1.046
1.271
1.172
0.940
1.680
1.253
1.402
1.408
1.000
0.962
1.235
1.301
1.416
1.300
1.008
1.003
1.147
1.273
1.555
1.177
1.419
1.352
1.490
0.885
1.207
1.211
0.911
1.066
0.959
1.256
1.396
1.480
1.240
1.373
1.206
1.345
1.320
1.324
0.933
1.182
0.910
1.601
1.493
1.345
1.426
1.263
1.373
1.358
1.344
1.641
0.915
1.315
1.433
0.979
1.505
1.112
1.248
1.425
1.466
1.288
1.317
1.007
1.012
0.836
1.009
1.065
0.881
1.591
0.960
1.185
1.306
1.145
1.356
1.229
1.144
1.183
0.957
1.160
0.916
1.305
0.965
0.889
1.173
1.118
1.499
1.145
1.321
0.874
1.279
1.392
0.934
0.882
1.451
0.919
1.301
1.454
1.013
1.215
1.284
1.300
1.760
1.077
0.978
1.018
0.959
0.996
0.961
1.270
1.411
1.556
1.467
1.537
1.531
0.894
1.326
1.006
1.321
1.559
0.979
1.347
1.368
1.264
1.257
1.272
1.432
1.196
0.987
0.925
0.923
1.302
1.236
1.459
1.410
1.474
1.375
0.971
1.118
1.508
0.962
1.170
1.080
1.218
1.716
1.150
0.918
0.941
0.970
1.287
1.397
0.904
1.294
1.450
1.291
1.045
1.175
1.312
1.341
1.900
0.978
0.974
1.275
1.161
1.373
1.447
1.365
1.456
1.387
1.300
1.509
1.455
0.995
1.378
0.927
1.428
1.401
1.592
1.197
1.213
1.511
1.111
1.068
1.210
1.461
0.936
1.632
1.453
1.014
1.330
1.576
1.366
0.997
0.977
1.377
1.243
0.897
1.349
1.117
1.261
1.438
1.191
1.275
1.296
1.117
1.010
1.200
1.415
0.941
1.009
1.413
1.404
1.456
0.911
1.272
1.157
1.221
0.898
0.911
1.305
1.414
1.517
1.498
1.701
1.197
1.268
1.474
1.377
0.961
1.179
1.478
1.407
1.577
1.496
1.333
1.317
1.124
1.259
0.949
1.050
0.895
0.943
1.124
0.947
0.958
1.253
1.720
0.919
1.271
1.369
1.104
0.965
1.442
1.400
1.032
1.426
0.863
1.255
1.572
1.214
1.336
0.965
0.973
1.351
0.907
1.658
1.111
1.295
1.566
0.989
1.383
1.463
0.911
1.039
1.404
1.299
1.538
1.580
1.350
0.879
0.928
1.050
1.168
1.204
0.969
0.922
1.534
0.897
1.653
1.454
1.709
1.454
1.388
1.644
1.210
1.036
1.604
1.623
1.201
1.110
1.238
1.293
1.146
1.070
1.408
1.385
0.874
0.932
0.892
1.170
1.284
0.961
1.050
0.919
1.490
1.277
1.237
1.274
1.275
1.301
1.347
1.181
1.263
1.400
0.951
1.129
0.965
0.974
1.283
1.267
1.372
0.962
0.892
0.930
0.918
1.204
1.179
1.132
1.072
1.530
1.034
1.015
1.093
1.136
1.312
1.079
1.297
0.917
0.939
1.080
0.950
1.462
1.432
1.348
1.294
1.304
1.419
1.480
1.303
0.994
1.381
0.974
0.896
1.372
1.393
1.110
1.191
1.402
1.510
1.293
0.918
1.444
1.285
1.367
1.042
1.447
1.681
1.531
1.326
1.126
1.245
1.568
1.266
0.905
1.494
1.668
1.396
1.806
1.634
1.071
1.199
1.128
1.253
0.920
0.961
1.469
1.604
1.595
1.523
1.596
1.621
1.260
1.496
1.141
0.921
0.961
1.232
1.406
1.480
1.226
1.301
1.042
1.375
1.499
1.303
0.940
1.342
1.048
1.432
1.013
1.007
1.709
1.103
1.499
1.395
0.951
1.076
1.235
1.436
1.409
1.420
1.237
1.034
1.129
1.254
1.306
1.267
0.971
0.884
1.297
1.441
0.915
0.897
1.460
1.676
1.440
1.396
1.162
1.417
0.914
1.511
1.218
1.505
0.926
1.293
0.900
1.775
1.283
1.245
0.922
1.283
1.350
0.926
1.501
1.120
0.898
1.423
0.949
0.975
1.397
0.987
1.742
1.171
1.574
1.197
1.047
1.710
1.165
1.237
1.010
1.021
1.024
1.196
1.009
1.189
1.015
1.332
1.510
1.186
1.006
1.413
1.713
1.520
1.020
1.142
1.289
1.022
1.426
1.380
1.545
0.977
1.443
0.866
0.960
1.361
0.954
1.522
1.199
1.400
0.998
1.028
1.556
0.931
1.593
1.451
1.142
1.663
1.105
1.110
1.369
1.156
0.949
1.418
1.359
1.099
1.186
1.436
1.274
1.629
1.340
1.416
1.064
1.267
1.134
1.075
1.027
1.252
1.338
1.559
1.709
1.302
1.006
1.369
1.273
0.892
1.330
1.343
1.273
1.411
1.349
1.632
1.445
1.439
1.446
1.013
1.417
0.891
1.325
1.427
1.415
1.576
1.530
1.225
1.464
1.015
1.270
0.842
1.332
1.558
1.686
0.909
0.938
0.889
1.507
1.127
1.104
1.335
0.951
1.011
0.980
1.291
1.002
1.261
1.062
1.261
1.342
0.909
1.383
1.295
1.064
0.933
0.963
1.025
1.269
1.474
1.269
1.607
1.201
1.433
1.263
1.014
0.987
1.461
1.262
1.470
0.907
1.233
0.943
1.308
1.429
1.085
1.468
1.152
0.969
1.280
1.321
0.996
1.479
1.191
0.872
0.927
1.279
0.885
0.927
1.429
1.665
1.532
1.125
1.412
0.943
0.992
1.220
1.243
1.335
1.243
1.347
1.282
1.077
1.536
1.517
1.030
1.407
1.349
1.160
0.943
1.269
1.574
1.216
0.846
1.510
1.749
1.393
1.163
0.914
1.381
1.145
1.421
0.986
1.361
1.369
1.283
0.959
1.336
0.952
1.403
1.262
1.131
1.140
1.509
1.617
0.981
0.926
1.011
0.984
1.205
0.989
1.343
1.370
1.622
0.971
1.686
1.028
1.363
1.468
1.528
1.157
1.022
1.175
1.321
1.488
1.002
1.056
0.942
1.294
1.022
1.303
0.964
1.342
1.451
1.378
0.983
1.401
1.686
1.356
1.071
0.987
1.204
1.400
1.059
1.313
1.496
1.254
0.992
0.885
0.987
1.268
1.280
1.339
1.057
1.411
0.973
1.579
1.396
1.765
1.290
1.407
1.287
1.442
1.364
0.946
1.462
1.520
1.102
1.283
1.515
1.377
1.132
0.952
1.344
0.967
1.492
1.035
1.677
1.394
1.457
1.039
1.129
1.242
1.394
1.088
1.289
1.577
1.010
0.927
1.029
1.343
1.537
0.916
1.187
1.549
1.003
1.428
0.932
1.344
1.005
1.545
1.467
1.016
1.420
0.969
1.080
1.402
1.286
0.971
1.395
1.282
0.898
1.511
1.360
1.491
0.929
1.434
1.245
1.331
0.929
1.248
1.539
0.918
0.881
1.067
1.292
1.359
1.281
1.581
1.520
1.740
1.130
1.276
1.050
1.313
1.341
1.417
0.912
1.323
1.219
1.413
1.000
0.985
1.159
0.857
1.415
1.040
1.562
1.413
0.911
1.188
1.273
1.359
1.329
1.395
0.842
1.308
1.229
1.119
1.413
1.256
1.368
1.595
1.518
1.561
0.881
1.414
0.881
1.470
1.203
1.195
1.151
1.266
1.291
1.182
1.419
1.366
1.244
1.265
1.009
1.544
1.242
0.980
1.670
1.315
1.294
0.943
1.023
1.523
0.928
1.195
0.991
0.957
0.950
1.248
1.108
1.092
1.521
1.215
1.320
1.296
1.366
1.235
1.055
1.457
1.396
1.257
1.480
1.277
1.038
1.135
1.173
1.302
1.460
0.942
1.044
0.916
1.498
1.240
1.261
1.165
1.154
0.895
0.967
1.080
1.294
1.071
1.066
1.534
0.869
0.933
1.136
1.371
0.948
1.150
1.399
1.301
0.934
1.276
0.950
1.277
1.162
1.238
1.055
0.854
1.488
1.201
1.067
1.080
1.552
1.606
1.306
1.487
1.029
1.322
0.923
1.296
1.216
1.207
1.581
0.810
1.274
1.332
1.332
1.305
1.503
1.278
1.240
0.951
1.329
1.102
1.344
1.372
1.667
1.246
1.168
1.192
1.383
1.388
1.234
1.008
1.053
1.384
1.242
1.101
0.995
0.945
1.322
1.262
0.959
0.918
1.196
1.040
0.969
0.923
1.366
0.968
0.900
0.935
1.223
0.974
1.145
1.480
1.560
1.501
1.355
1.027
0.850
1.133
1.585
0.910
1.113
1.538
1.013
1.189
0.992
0.891
0.831
1.453
1.356
1.151
0.990
0.911
1.388
1.318
1.293
1.022
1.074
0.995
1.199
1.337
1.485
1.489
1.284
0.980
1.073
1.279
1.186
1.417
1.638
1.282
0.871
1.207
0.934
1.027
0.989
1.736
1.231
1.479
0.913
1.142
1.477
1.657
1.618
1.545
1.010
1.406
1.312
1.089
0.908
1.423
1.451
1.174
1.212
1.285
1.268
1.074
1.425
0.901
0.888
1.518
1.565
1.035
1.272
0.916
1.090
1.253
1.437
1.227
1.097
1.372
1.237
1.217
1.450
1.322
1.081
1.356
1.303
1.706
1.207
1.058
1.006
1.194
0.936
0.976
0.961
1.183
1.032
1.358
1.399
0.870
1.109
0.943
1.209
1.154
1.242
1.241
1.270
1.487
0.933
0.880
1.529
1.253
1.455
1.196
1.202
1.250
1.554
1.152
1.550
0.960
1.469
1.580
1.527
1.345
1.308
1.554
1.252
1.480
0.916
2.514
1.001
1.234
0.892
1.382
0.939
1.456
1.475
1.115
1.399
1.019
1.005
1.303
1.174
1.361
1.258
1.193
0.908
1.215
0.877
1.045
1.578
1.262
1.216
0.959
1.485
1.327
1.307
1.418
1.522
0.911
1.298
1.405
0.851
1.151
1.493
1.471
0.958
1.343
0.997
1.667
1.221
1.501
1.189
1.197
1.374
1.011
1.163
0.924
1.439
1.415
1.244
0.920
1.489
0.910
1.482
0.873
0.962
1.328
1.047
0.973
1.564
0.988
1.359
0.988
1.378
1.301
1.463
1.078
1.250
1.303
1.050
0.934
1.220
1.395
0.959
1.385
1.093
1.296
1.167
1.494
1.369
1.320
0.898
1.409
1.434
1.317
1.322
1.299
1.230
1.334
0.961
1.002
1.473
1.574
1.002
1.116
1.535
0.979
1.257
0.900
0.889
1.584
0.930
1.562
1.121
1.515
1.313
1.586
1.214
1.348
1.532
1.517
0.994
1.624
0.949
1.455
1.149
1.341
1.454
1.687
1.419
1.256
1.040
0.834
1.334
0.985
1.464
0.999
1.528
1.222
1.149
1.271
1.400
1.431
1.080
1.513
1.102
0.945
1.369
1.062
0.862
1.393
1.406
1.249
0.958
1.398
1.264
0.944
1.477
0.972
0.909
0.979
1.285
1.068
1.541
1.472
1.339
1.361
1.337
0.917
1.452
1.458
1.189
1.014
0.973
0.989
1.396
1.216
1.492
1.304
1.663
1.229
1.289
1.439
1.243
1.343
0.806
0.882
1.316
1.241
1.151
0.902
1.009
0.973
1.248
1.266
1.254
1.402
0.926
1.526
1.306
0.975
1.398
1.270
1.235
1.315
1.064
1.265
1.223
0.946
1.025
1.309
1.434
1.447
1.299
0.919
0.916
1.419
1.162
1.538
1.266
1.129
1.130
1.065
1.444
1.185
1.109
0.804
1.468
1.307
0.956
1.011
1.110
1.225
1.192
1.199
1.482
1.442
1.470
0.886
0.973
0.977
1.734
1.349
1.027
0.924
0.989
1.270
1.162
1.571
1.456
1.581
1.304
0.943
1.057
1.322
1.449
0.936
1.373
0.958
1.056
1.491
0.916
1.281
1.220
1.414
1.252
0.896
1.241
1.163
1.547
0.942
1.125
1.003
1.498
1.323
1.290
1.186
1.483
0.929
0.971
1.555
0.917
1.282
1.450
0.898
1.247
1.296
1.159
1.397
1.442
1.462
1.310
1.021
1.308
1.429
1.178
1.924
1.495
0.973
0.959
1.214
1.250
1.465
1.091
1.297
1.227
1.418
1.189
0.861
0.984
1.375
1.313
1.527
1.328
1.429
1.272
0.103
0.894
1.287
1.593
1.451
1.045
1.446
1.311
1.319
0.954
1.149
0.964
1.636
1.220
1.247
0.888
1.348
1.288
1.334
1.266
1.050
1.354
1.719
1.284
1.456
1.257
1.211
1.705
0.937
1.378
1.503
1.093
1.099
1.248
1.431
0.970
1.651
0.894
1.470
1.425
1.181
1.051
0.849
0.920
1.707
1.018
1.109
0.991
1.558
1.277
1.092
1.287
1.272
0.888
0.985
1.455
1.263
1.015
1.182
1.522
1.412
1.605
1.200
1.272
1.410
1.390
0.884
1.297
0.994
1.322
1.026
1.280
0.964
1.581
0.978
1.024
1.083
1.478
1.011
1.282
1.441
1.533
1.631
1.539
1.486
1.608
1.351
1.416
1.290
0.989
1.112
1.443
1.001
1.068
0.878
1.297
1.365
1.292
0.960
0.849
0.967
0.951
1.324
1.316
1.353
0.906
1.010
1.098
1.168
1.228
1.401
0.890
1.077
1.195
1.325
1.491
0.871
0.952
1.328
1.509
1.123
1.245
1.260
1.039
1.526
1.366
0.957
1.431
1.333
1.017
1.045
1.288
1.012
1.709
1.389
1.003
1.406
1.277
1.448
1.369
1.479
1.520
1.205
1.157
1.353
0.921
1.400
1.605
1.445
1.382
1.407
1.625
0.925
1.259
1.523
1.312
1.289
1.159
0.892
1.143
1.396
1.274
0.999
1.470
0.985
0.976
1.513
1.076
1.034
1.516
0.948
1.155
1.215
1.364
1.042
1.200
1.086
1.090
0.932
0.960
1.068
1.416
0.982
1.220
0.906
1.545
1.016
0.872
1.456
1.406
1.058
1.385
1.472
1.540
1.484
1.672
1.242
1.307
1.276
1.343
1.311
1.370
0.833
1.182
0.976
1.021
1.176
1.350
1.328
1.163
1.335
1.081
1.214
1.229
1.225
1.390
0.873
0.995
1.407
1.431
1.285
1.451
1.314
1.012
1.144
1.039
1.171
1.343
1.023
1.397
1.609
0.982
0.858
1.120
1.119
1.590
1.329
0.879
1.122
1.334
0.984
1.008
1.546
1.093
1.691
0.888
1.490
0.880
0.974
1.399
1.376
0.924
0.950
1.223
1.414
0.987
0.924
1.143
1.376
1.482
1.026
0.922
1.423
1.138
1.223
1.271
1.570
1.246
1.132
1.323
0.939
0.994
1.262
1.547
0.969
0.990
0.946
1.682
0.957
0.817
1.419
1.447
1.273
1.362
0.956
0.994
1.093
0.924
0.948
1.316
0.979
1.399
1.291
1.416
1.283
1.545
1.285
1.462
1.378
1.554
1.314
1.215
0.980
0.991
1.239
0.920
1.288
1.298
1.223
1.410
1.709
1.541
0.969
1.300
0.958
1.294
0.881
1.477
0.940
1.355
1.504
1.164
0.874
0.990
1.080
1.346
1.271
1.697
1.418
1.021
1.258
1.534
1.116
1.079
1.193
1.399
1.430
0.934
1.055
1.301
1.258
1.539
1.019
1.412
1.214
0.981
1.275
1.142
1.416
0.883
1.111
1.266
1.558
0.972
1.421
0.970
1.206
1.081
1.536
1.475
1.273
1.472
1.378
0.949
1.392
1.387
1.137
1.681
0.990
1.265
1.422
1.028
0.968
1.208
1.206
1.315
0.993
1.376
1.079
1.318
1.390
1.216
1.333
1.318
0.884
1.427
1.005
0.970
0.884
1.396
1.301
1.125
0.941
1.040
1.136
1.545
0.920
0.986
0.968
0.883
1.300
1.198
1.364
0.999
1.325
0.845
1.326
1.333
1.495
1.224
1.067
1.460
1.275
0.950
1.649
0.903
1.541
1.245
1.332
1.046
1.345
1.356
1.081
1.239
1.162
1.135
1.361
1.347
1.654
1.622
0.903
1.316
0.978
0.931
1.168
1.144
1.294
1.357
1.068
1.287
1.308
1.256
1.236
1.130
0.943
0.982
0.959
1.066
1.420
1.392
1.499
1.422
1.221
0.898
1.470
1.517
1.690
1.113
1.361
1.345
1.236
1.257
1.371
1.181
1.173
1.276
1.313
1.450
1.378
1.462
0.932
1.261
0.887
0.991
1.136
1.188
0.920
1.672
0.902
1.283
0.989
1.607
1.563
1.512
0.811
1.295
0.987
1.473
1.036
1.540
1.211
1.466
1.266
1.601
1.244
1.651
1.502
1.351
1.346
0.919
1.663
1.659
1.284
1.491
1.253
1.118
1.451
1.294
1.300
1.748
1.580
0.911
0.987
1.530
1.154
1.028
1.049
1.277
0.901
0.923
1.541
0.980
0.891
0.981
1.200
1.003
1.389
1.097
1.385
1.340
1.001
1.487
1.058
1.463
0.963
1.467
1.184
1.345
1.558
1.368
1.343
0.969
1.594
0.988
1.185
0.925
1.022
0.925
0.992
1.193
1.688
1.048
1.802
1.379
1.279
1.586
1.387
1.180
1.184
1.468
1.348
1.304
1.015
0.915
1.166
0.988
1.373
1.439
1.064
1.043
0.988
1.562
1.594
1.458
1.340
1.435
0.905
1.155
1.276
0.962
1.002
0.934
1.159
1.454
0.909
0.954
0.959
1.369
1.198
1.342
1.404
1.169
1.597
0.964
1.579
1.280
1.040
1.305
1.270
0.942
0.875
0.959
0.981
1.125
1.384
1.461
0.037
1.140
1.388
1.612
1.499
1.343
1.191
1.670
1.278
1.437
1.369
1.214
1.254
1.310
1.424
1.440
1.401
1.776
1.403
1.385
1.279
1.261
1.720
1.571
0.887
1.273
1.223
0.960
1.296
1.682
1.541
1.222
1.439
0.980
1.581
0.919
0.859
0.996
1.272
1.122
1.401
1.351
1.503
1.375
1.306
1.274
1.360
0.907
1.280
1.300
1.066
1.291
0.876
0.901
1.439
1.542
1.046
1.540
0.901
1.239
1.069
1.545
1.080
1.085
1.337
1.107
0.913
1.244
1.420
0.931
1.175
0.908
1.283
1.205
1.645
0.911
1.102
1.221
1.564
0.953
0.974
1.435
1.290
0.953
1.198
1.407
0.952
1.331
1.589
1.555
1.057
1.156
1.050
1.438
1.463
0.944
1.489
0.979
0.916
0.945
1.131
1.395
1.002
1.578
1.381
1.565
0.926
1.340
1.107
0.905
1.334
1.712
0.967
0.870
1.383
1.504
1.349
1.250
1.040
1.149
0.978
1.277
0.972
1.185
1.077
1.300
1.303
0.897
0.913
1.452
1.069
1.399
0.902
1.082
1.222
1.116
1.092
1.336
0.973
1.286
1.307
1.017
1.268
1.227
1.041
1.389
1.493
1.372
1.352
1.341
0.877
1.215
1.498
1.026
1.147
1.613
0.861
1.257
1.423
0.947
1.302
1.556
1.453
0.918
0.945
1.168
0.914
1.249
1.389
1.335
1.095
1.519
1.492
1.457
1.703
1.133
1.516
1.750
1.560
1.116
0.983
1.020
1.179
1.335
1.338
1.404
0.971
0.910
1.277
1.295
1.055
1.269
1.276
1.595
1.330
1.415
1.424
1.163
1.507
1.493
1.397
1.751
1.148
1.215
1.317
1.365
1.295
1.098
1.002
1.521
1.353
1.511
1.211
1.041
1.205
0.943
1.386
1.380
1.182
1.414
0.920
1.035
1.367
0.968
1.219
0.883
1.319
1.254
1.247
1.555
1.313
1.348
1.543
1.376
1.571
0.980
1.185
0.919
1.166
1.230
0.946
1.146
1.446
1.105
1.394
1.148
0.929
1.564
1.102
1.434
1.243
1.434
1.354
0.970
1.001
1.473
0.937
0.990
0.997
1.178
1.368
1.567
1.041
1.239
1.086
1.227
0.971
1.263
1.519
1.436
1.356
1.120
1.202
0.937
1.366
1.312
1.470
1.327
1.400
1.894
1.148
1.319
1.389
0.881
1.004
1.189
1.561
1.294
1.340
1.010
0.902
1.153
1.286
1.022
1.230
1.278
0.890
1.310
1.335
0.902
1.058
1.430
1.311
1.428
1.534
1.440
1.307
1.692
0.947
1.510
1.378
1.193
1.650
1.288
1.523
1.177
1.004
1.565
1.307
1.340
0.915
1.417
1.554
1.018
1.644
0.950
1.284
1.226
0.951
1.144
1.309
1.133
0.939
1.458
1.383
1.143
1.302
1.046
1.425
1.447
1.192
1.146
1.073
0.918
1.367
1.155
1.182
1.145
1.165
1.692
1.058
1.125
0.930
1.554
1.235
1.594
0.927
1.761
1.326
0.966
1.344
1.312
1.149
0.929
1.212
1.408
1.162
1.106
1.409
0.910
1.303
1.284
1.473
1.138
1.448
1.671
1.373
1.493
0.998
0.883
0.961
0.953
1.414
1.104
0.906
1.148
0.955
1.521
1.207
1.016
1.432
0.769
1.183
1.060
1.406
1.364
1.019
0.909
1.275
1.160
1.282
1.215
1.397
1.115
1.476
0.940
1.424
0.964
1.441
1.150
0.960
1.000
1.338
1.480
1.243
0.858
1.332
1.450
1.441
1.185
1.540
1.163
1.300
0.945
1.488
1.346
1.316
1.368
1.263
1.651
1.202
1.315
1.078
1.205
1.369
1.296
0.988
1.490
0.984
1.467
0.938
0.992
1.016
1.227
1.445
1.030
1.605
1.314
1.353
1.245
1.410
1.178
0.984
1.438
1.636
1.183
1.157
1.272
1.267
0.912
1.435
0.882
1.284
1.165
1.338
1.142
1.054
0.986
1.085
1.179
1.431
1.140
1.012
0.900
1.017
1.590
1.495
1.058
1.586
1.444
1.123
1.477
1.025
1.323
1.294
1.456
1.015
1.326
1.172
1.148
1.134
1.006
1.211
1.467
1.307
1.038
0.957
1.513
1.353
1.099
1.159
1.003
1.449
1.081
1.151
1.308
1.371
1.321
1.514
1.396
1.278
1.387
1.028
1.146
1.394
1.052
0.934
1.434
1.645
1.628
1.384
1.503
1.018
0.909
0.912
1.300
0.943
1.777
1.274
0.999
0.883
1.070
1.286
1.447
1.434
1.096
1.275
1.315
1.375
1.001
1.523
1.741
0.966
1.208
0.951
1.377
1.299
0.930
1.164
0.041
0.929
0.974
1.364
1.313
1.026
1.479
0.875
1.292
1.162
1.064
1.582
0.891
1.153
1.191
1.143
0.940
1.011
0.962
1.451
1.148
1.334
1.441
1.488
0.902
0.972
1.337
1.585
1.236
1.200
1.401
0.967
0.987
1.333
0.941
1.384
1.007
1.468
0.910
0.985
1.203
1.472
1.259
1.654
1.548
1.199
1.269
0.941
1.387
1.066
1.312
1.311
0.866
1.149
1.307
1.487
1.291
1.576
0.864
1.308
1.479
1.251
1.312
1.080
1.465
0.956
0.982
1.330
0.894
1.186
1.150
1.563
1.404
1.504
1.359
0.941
1.415
0.937
1.029
1.465
0.914
1.496
1.229
1.389
0.930
0.937
1.310
1.039
0.952
1.088
1.212
1.438
0.940
1.026
1.518
1.435
1.000
1.026
1.309
1.148
1.380
1.296
0.983
1.474
0.963
0.989
1.218
1.769
1.366
1.569
1.342
0.947
0.910
2.126
0.965
1.262
1.086
1.445
1.300
1.104
1.343
0.877
1.244
1.562
1.248
1.154
1.235
0.925
1.305
1.598
1.208
1.655
0.939
0.994
1.711
1.360
1.211
0.928
1.142
1.449
0.937
1.214
1.567
1.348
0.938
1.200
0.903
1.386
1.257
1.358
1.390
1.174
1.284
1.434
1.733
0.898
1.116
1.386
1.407
1.129
1.000
1.380
1.078
1.175
1.493
1.157
1.621
1.332
1.433
0.985
1.349
1.021
1.363
1.047
1.276
1.344
1.326
0.994
1.353
1.374
1.222
1.028
1.267
1.401
1.226
1.406
1.558
1.026
1.237
1.452
1.301
1.247
1.532
1.377
1.425
1.325
1.311
1.358
1.233
1.362
1.150
1.559
1.201
0.976
1.547
1.599
1.504
1.456
1.478
1.403
1.226
1.019
0.986
1.445
1.415
1.212
1.391
1.458
0.993
1.325
1.628
1.402
1.475
1.215
1.492
1.347
1.329
1.422
1.324
1.427
0.994
1.296
1.472
1.152
1.111
1.202
1.324
1.639
1.548
1.331
0.931
0.864
0.946
1.350
1.578
1.192
1.093
1.520
1.212
1.361
1.322
1.129
0.911
1.382
1.176
1.138
0.969
1.273
1.374
0.917
0.926
1.271
1.303
1.012
1.397
0.975
1.315
1.282
1.194
1.228
1.564
1.374
1.185
1.368
1.274
1.005
1.058
1.286
0.925
1.180
1.325
0.905
1.399
1.628
1.216
1.348
1.477
1.195
1.078
1.475
1.149
0.999
1.206
1.004
0.934
1.365
1.312
1.267
1.520
1.043
0.931
1.304
1.082
1.608
1.280
0.860
1.319
0.936
0.942
1.280
1.450
0.990
1.480
1.183
0.962
1.610
0.928
1.376
1.358
1.433
1.437
1.213
0.984
1.404
1.375
0.862
1.520
1.564
1.421
1.534
0.947
1.469
1.607
1.351
1.311
1.397
1.386
1.002
1.336
1.599
1.319
1.159
1.219
1.332
1.217
1.228
1.361
0.909
1.138
1.142
1.498
1.477
1.463
0.960
1.471
0.978
1.359
1.720
1.246
0.941
1.300
1.280
1.325
1.429
1.072
1.286
1.403
0.937
1.565
1.542
1.004
1.042
1.301
1.209
0.963
1.022
1.231
1.290
1.293
1.356
0.990
0.982
1.005
1.420
1.177
1.124
1.426
1.335
1.548
1.471
0.995
0.882
1.305
1.435
1.314
1.639
1.358
1.133
1.023
1.051
1.337
1.379
1.307
0.997
1.290
1.310
0.993
1.432
1.211
0.912
1.047
1.472
1.203
1.551
1.366
0.924
0.884
0.961
1.061
1.568
1.374
0.863
0.967
1.224
1.439
1.242
0.961
0.907
1.244
1.251
0.879
1.426
1.324
1.373
0.896
1.405
0.885
1.475
0.971
1.315
1.072
1.017
1.069
1.201
1.560
1.299
1.333
1.448
1.181
1.290
1.331
0.834
1.321
1.880
1.536
1.536
1.511
0.928
1.239
1.200
1.249
1.240
1.206
1.513
1.377
1.005
1.456
0.944
1.031
1.004
0.873
1.281
1.201
1.209
1.044
0.942
1.113
1.276
0.884
1.531
0.916
1.436
1.486
0.910
0.930
0.894
1.495
1.234
1.321
1.520
0.923
1.379
1.327
0.924
1.277
1.428
1.469
1.321
1.482
1.490
1.033
1.276
1.316
1.111
1.144
0.890
1.779
1.156
0.951
1.244
1.388
1.281
1.525
1.431
0.953
1.246
0.922
1.330
1.087
1.309
1.120
1.271
1.570
1.537
1.320
1.084
1.271
1.291
1.174
1.362
1.343
0.982
1.276
0.993
1.436
1.573
0.937
1.408
1.064
1.561
0.951
1.296
1.303
0.887
1.178
1.231
1.194
1.253
1.156
0.051
1.409
0.953
1.666
1.476
1.317
1.696
1.455
1.402
1.273
1.095
1.153
1.135
1.017
1.350
0.951
1.421
1.204
1.322
1.328
0.904
1.389
1.521
1.496
1.154
1.231
0.996
1.230
0.981
1.299
1.320
0.988
1.307
1.352
0.986
0.934
1.266
1.026
1.257
1.107
1.148
1.227
1.628
0.880
1.744
1.507
1.653
1.563
1.027
0.972
1.139
1.294
1.344
1.314
0.917
1.594
0.886
0.962
1.215
1.309
1.112
0.979
1.036
1.371
1.372
1.177
1.140
1.280
0.963
1.425
1.206
1.564
1.016
1.462
1.417
1.150
1.483
1.185
1.068
0.981
1.190
1.025
1.402
1.595
1.266
0.886
1.285
1.203
1.382
1.452
0.946
1.287
1.206
1.415
1.741
1.561
1.319
1.430
0.931
1.080
1.239
0.931
0.915
1.311
1.090
1.271
1.446
1.046
1.267
1.482
1.019
0.892
1.472
0.932
1.235
1.232
1.370
0.976
1.311
1.233
1.236
1.419
1.168
1.231
1.424
1.366
1.397
1.447
1.042
1.284
0.990
0.960
0.986
0.941
1.466
1.263
1.425
1.413
1.480
1.330
0.922
0.866
1.359
1.358
1.400
1.172
1.399
1.588
1.018
0.872
1.064
1.386
1.139
0.921
0.891
0.866
1.279
1.349
1.233
1.160
1.488
1.349
1.047
0.946
1.553
1.411
0.941
1.014
1.527
0.956
1.228
1.245
1.443
1.005
1.260
0.919
1.068
1.279
0.943
0.937
1.107
1.494
1.174
1.235
1.508
1.265
1.698
1.474
1.277
1.067
0.999
1.275
1.097
1.011
1.388
0.893
1.264
1.185
1.475
1.245
0.975
1.452
1.495
0.983
1.242
1.074
1.021
1.487
1.499
0.910
1.407
1.382
1.040
1.498
1.372
1.364
0.977
1.483
1.369
0.991
1.456
1.161
1.241
1.300
1.483
1.197
1.389
1.139
1.004
1.001
1.365
1.387
1.728
0.968
1.429
1.313
1.644
1.299
1.410
0.932
1.114
1.283
1.329
1.315
1.577
0.998
1.511
1.258
0.924
1.022
1.546
1.161
1.192
1.629
1.277
1.269
1.360
1.548
1.297
1.513
0.993
1.472
1.005
1.193
0.986
1.451
1.284
1.129
0.927
1.230
1.565
1.059
0.937
0.941
1.362
1.419
1.571
1.001
1.216
1.440
0.956
1.355
1.312
1.270
1.026
1.394
0.932
1.100
1.295
0.968
0.995
1.024
1.397
0.964
1.163
1.428
0.914
0.944
1.407
0.936
1.294
0.926
1.435
1.332
1.020
1.075
1.405
1.424
1.435
1.235
1.261
1.173
1.389
1.536
1.478
0.902
1.225
1.268
1.325
1.676
1.462
0.906
0.879
1.053
1.460
1.325
1.001
1.591
1.172
1.138
1.307
0.912
0.930
1.046
0.867
1.160
1.273
1.333
1.460
0.953
0.955
0.910
1.287
0.953
1.336
1.312
1.020
1.203
1.355
1.251
1.439
1.447
1.174
1.294
0.908
0.930
1.311
1.236
1.064
1.287
1.391
1.415
1.012
1.233
1.229
1.280
1.094
1.288
0.942
1.452
1.736
1.537
1.085
1.452
1.017
1.281
0.948
1.268
1.207
1.316
1.248
1.542
1.294
1.556
1.398
1.589
1.211
1.203
1.123
1.542
0.929
0.903
1.040
1.122
1.482
1.032
1.524
1.228
1.046
1.184
0.895
1.394
1.160
1.342
1.283
1.071
1.602
0.831
1.047
1.198
1.002
1.173
0.954
0.942
1.479
1.046
0.957
1.374
1.212
1.038
0.882
0.886
0.896
1.188
1.139
1.281
0.925
1.344
1.246
1.654
0.986
1.615
1.251
1.187
1.356
0.948
1.109
1.414
0.991
0.901
1.377
1.269
1.479
1.429
1.178
0.995
1.378
1.494
0.745
1.345
1.309
0.940
1.366
1.478
1.413
1.279
1.249
1.302
1.580
0.998
1.351
1.597
1.405
0.904
1.132
0.887
1.271
0.936
1.326
1.384
1.513
1.396
1.325
1.333
1.089
1.348
1.449
1.531
1.385
0.923
0.939
1.216
1.763
0.914
1.222
1.641
1.214
1.446
1.208
0.839
1.045
0.941
1.370
1.322
1.396
1.348
1.378
1.411
1.256
1.633
0.929
1.134
0.928
1.215
1.160
1.503
1.276
1.012
1.206
1.014
1.498
1.621
0.968
0.999
1.407
1.327
1.591
0.939
1.242
0.967
1.366
1.366
1.026
1.336
1.326
1.506
1.201
0.940
1.307
1.235
1.349
0.989
0.901
1.470
1.007
1.400
1.565
1.249
1.305
1.400
1.376
0.955
1.491
1.732
0.997
0.977
1.322
1.117
1.175
1.397
0.886
1.421
1.688
1.175
1.000
1.011
1.381
0.916
1.514
1.466
1.094
0.997
1.088
0.951
1.320
0.923
1.288
1.174
1.272
1.350
1.043
0.965
1.013
1.278
1.536
1.319
1.112
0.895
1.503
1.148
1.546
0.951
1.264
1.243
0.929
1.443
1.394
0.990
1.257
0.933
1.051
1.388
0.979
1.271
1.082
1.264
1.202
1.597
1.027
1.118
1.032
1.262
1.068
1.037
1.477
1.272
1.419
1.017
0.915
1.521
1.367
1.491
1.002
1.247
1.385
1.371
1.358
1.383
1.267
1.005
1.542
1.825
1.350
1.393
1.349
0.959
0.990
1.410
1.532
0.895
1.308
1.357
1.499
1.124
1.007
1.372
0.909
0.936
1.305
1.252
1.487
1.318
1.245
1.092
1.164
1.557
1.341
1.238
0.810
0.922
1.089
1.259
0.933
1.014
0.977
1.337
1.472
0.071
1.009
1.599
1.226
1.234
1.332
0.984
1.228
1.314
1.600
1.119
1.164
1.074
1.144
1.388
0.915
1.535
1.599
1.182
1.398
1.363
1.253
1.445
1.136
1.348
0.939
1.205
1.355
1.196
1.259
0.919
1.178
1.500
1.375
0.944
1.513
1.193
1.153
1.158
1.494
0.884
1.493
1.147
1.100
1.410
1.568
1.037
0.923
0.982
1.011
0.938
1.034
1.123
1.249
1.462
1.506
1.592
1.348
1.036
1.366
1.452
1.517
0.892
1.102
1.378
1.009
1.317
1.463
1.099
1.360
1.512
1.409
1.340
1.249
1.304
1.262
1.223
1.122
0.904
1.077
1.457
0.992
1.139
1.178
1.427
1.338
1.439
1.061
0.988
1.352
1.346
0.950
1.318
1.003
0.915
0.870
0.972
0.956
1.414
1.109
1.096
0.945
0.959
1.563
1.167
0.883
1.554
0.957
1.158
1.200
1.201
0.961
0.966
1.293
1.129
0.901
1.262
1.350
0.887
1.477
1.251
1.494
1.395
0.995
0.901
1.006
1.126
1.717
1.492
1.406
1.341
0.999
1.318
0.943
1.636
1.138
0.945
0.958
1.254
1.122
0.985
1.270
1.252
1.518
1.548
1.243
1.445
1.002
1.489
1.344
1.213
1.323
1.170
0.999
0.956
1.144
1.453
0.991
0.948
1.578
0.959
1.174
1.161
1.298
0.893
1.382
1.686
1.453
0.880
1.317
1.472
1.291
1.402
0.912
0.938
1.172
1.338
1.205
0.901
1.088
1.154
1.176
1.095
1.286
1.574
1.305
1.396
1.431
0.913
1.377
1.390
0.868
1.203
1.041
1.495
1.320
1.578
1.344
1.250
1.555
1.116
1.160
1.602
1.465
1.114
1.769
0.987
1.062
1.445
1.380
1.312
1.158
1.705
1.093
1.431
1.377
1.356
1.415
1.438
1.315
1.209
0.930
0.870
1.526
1.286
1.069
1.339
0.998
1.350
1.223
0.987
1.292
1.253
1.342
1.768
1.154
1.426
1.531
0.968
1.198
1.328
1.284
1.518
0.935
1.005
0.907
1.731
1.245
1.232
1.187
0.963
1.083
1.336
0.942
1.503
1.046
1.075
1.350
1.510
1.201
1.533
1.367
1.386
1.260
1.326
1.192
1.078
1.256
1.430
1.409
0.930
1.212
0.973
0.975
1.108
0.922
1.362
0.898
0.873
1.243
1.184
1.494
1.448
1.031
0.995
1.352
1.444
1.369
0.893
1.247
0.876
1.458
1.504
1.691
1.577
1.194
1.449
0.999
0.880
1.523
1.536
1.425
1.516
1.015
0.990
1.382
1.667
1.100
1.599
0.900
1.664
1.200
1.057
1.188
1.262
1.206
0.923
1.515
0.937
1.353
1.236
1.413
1.513
1.082
1.116
1.399
0.907
1.528
0.944
1.528
0.984
1.030
1.525
1.248
0.891
1.573
1.583
1.071
1.129
1.181
1.310
1.385
1.411
1.662
1.318
1.248
1.464
1.393
1.190
1.466
0.892
1.597
1.239
1.276
1.491
1.213
0.949
1.066
1.596
1.196
1.339
0.884
1.269
1.117
1.399
1.122
1.335
0.937
0.956
1.080
0.876
1.230
1.421
1.497
1.440
1.495
1.061
1.451
1.372
1.000
1.269
0.852
1.238
1.383
0.844
1.032
1.129
1.391
1.166
1.587
1.389
1.568
1.416
1.163
0.954
0.878
0.899
1.599
1.542
0.980
1.442
1.405
1.327
1.538
1.350
1.231
0.987
1.536
1.398
1.425
1.254
1.543
1.014
1.017
1.207
0.827
0.954
1.156
1.505
1.275
1.499
1.017
1.033
1.410
1.163
1.496
1.177
1.325
0.926
1.238
1.283
1.282
1.510
1.346
1.250
0.038
0.943
1.218
1.167
1.365
1.437
1.374
1.468
0.889
1.310
1.308
1.257
1.097
1.334
0.974
0.910
0.947
1.320
1.202
1.273
1.783
1.198
1.420
1.212
0.987
1.026
1.319
1.297
1.469
1.664
1.430
1.249
1.431
1.045
1.197
1.685
1.456
0.948
1.301
1.270
1.011
1.503
1.016
0.856
1.219
1.284
1.342
1.371
1.300
1.044
1.502
1.358
1.210
1.442
1.048
1.245
1.586
0.916
1.526
0.868
1.009
1.312
1.633
0.960
1.392
1.125
0.841
1.240
1.143
1.588
1.385
0.991
0.973
1.152
1.324
1.271
1.000
1.389
0.863
0.896
1.027
1.274
1.259
1.058
1.407
1.564
1.075
1.425
1.037
1.263
1.009
1.072
1.226
1.499
1.197
0.925
1.410
1.446
1.125
1.257
1.670
0.903
0.864
1.641
1.371
0.849
0.991
1.103
1.502
1.145
1.419
1.127
0.872
1.375
1.116
0.943
1.455
1.138
1.369
1.260
1.553
1.123
1.658
1.584
1.578
1.168
1.346
1.631
0.894
1.462
0.929
1.437
0.910
1.365
1.415
1.626
1.121
1.394
1.360
1.232
1.223
1.026
0.951
1.451
1.365
0.933
1.250
1.474
1.240
1.691
1.549
1.268
1.497
1.332
1.392
0.930
0.974
1.356
1.352
0.967
1.031
1.415
1.370
1.599
1.442
1.274
1.439
1.302
1.306
1.091
0.941
1.388
1.416
1.452
1.337
1.204
1.340
1.192
1.112
1.231
1.318
1.282
1.145
1.374
1.274
1.411
1.006
1.421
0.995
1.408
1.481
0.945
1.167
1.327
1.545
1.071
1.367
2.434
0.942
1.391
1.237
1.132
1.445
1.483
1.151
1.156
1.313
1.078
1.364
1.417
1.510
0.912
1.255
1.005
1.047
1.124
1.436
1.544
1.270
1.708
1.302
1.458
0.932
1.043
1.351
0.844
1.036
1.622
1.104
1.061
1.541
1.189
1.001
1.593
0.868
1.314
1.514
1.554
1.413
1.435
1.332
1.069
1.129
1.240
1.317
1.423
1.498
1.255
1.000
1.446
1.439
1.366
1.211
0.991
0.934
1.142
1.248
0.992
1.000
0.923
1.460
1.289
1.053
1.337
0.895
1.375
1.653
1.542
1.331
1.214
1.351
1.385
1.136
1.423
1.033
1.354
1.171
0.980
1.452
1.418
0.901
1.226
1.571
1.397
1.440
1.397
1.357
1.327
1.307
1.501
1.450
0.887
1.174
1.416
1.248
1.311
1.368
1.424
1.127
1.087
1.672
1.574
1.294
1.382
1.000
1.320
1.465
1.252
1.472
1.424
1.315
1.264
1.298
1.107
1.494
1.176
1.182
1.186
1.308
1.206
1.286
1.203
1.030
1.246
1.340
1.367
1.233
1.288
1.465
1.486
1.231
1.652
1.369
1.025
1.510
1.607
0.915
0.970
1.388
1.122
1.113
1.360
0.973
1.319
1.371
1.276
1.343
1.069
1.280
1.207
0.899
0.947
1.015
0.976
0.881
1.437
1.477
1.382
0.921
0.924
0.867
0.903
1.067
1.450
1.367
1.020
0.847
1.446
1.345
1.494
1.286
1.302
1.553
1.434
1.215
1.298
0.978
1.432
1.263
1.131
1.127
1.474
1.457
1.222
1.336
1.596
1.708
1.043
0.975
1.016
1.256
1.295
1.279
1.253
1.472
1.628
1.519
1.613
1.449
1.309
1.220
0.984
1.331
1.315
0.958
1.578
0.893
1.539
1.232
1.141
1.416
0.926
1.325
1.525
1.375
1.649
0.958
0.983
0.997
0.887
1.147
1.088
1.223
1.061
1.326
1.379
1.108
1.371
0.937
1.286
1.183
1.252
1.353
1.261
1.051
1.053
1.696
1.147
1.322
1.014
1.417
1.006
1.008
0.935
1.139
1.222
0.901
1.346
0.934
1.502
1.021
0.879
1.436
1.399
0.964
1.518
0.920
1.514
0.975
0.900
1.334
0.997
1.231
1.225
1.270
0.925
1.201
0.917
1.090
1.432
1.002
1.340
1.412
1.162
0.983
0.905
1.356
0.905
0.936
1.280
0.943
1.449
0.968
1.252
1.018
0.926
1.276
1.490
1.282
1.407
1.411
1.325
0.928
1.184
0.914
1.456
1.530
1.658
1.186
1.281
1.221
1.383
1.540
1.300
1.421
1.486
0.960
1.044
0.975
1.045
1.325
1.546
1.031
1.324
1.464
1.441
1.210
1.405
0.950
1.414
0.948
1.383
1.072
1.074
0.977
1.178
1.423
1.480
1.288
1.294
1.665
1.187
0.974
1.303
1.435
1.061
1.129
1.315
1.342
1.448
0.914
1.293
1.410
1.260
1.323
1.451
0.976
1.156
1.235
0.846
1.018
0.945
0.913
1.145
0.953
1.289
0.983
1.372
1.393
1.559
1.273
1.304
0.921
1.335
1.092
1.172
0.938
1.413
1.256
1.320
1.151
1.285
1.419
1.617
1.462
1.387
1.381
1.250
1.507
1.003
1.156
0.929
1.381
1.404
0.903
1.497
1.173
1.147
1.647
1.667
1.356
0.936
1.255
1.286
1.235
1.004
1.418
1.200
1.284
1.064
1.547
1.444
1.500
1.055
1.390
1.330
1.032
1.346
1.219
1.429
0.868
0.946
1.490
0.981
0.910
1.007
1.400
1.190
1.031
1.240
1.546
1.296
1.240
1.137
1.023
0.960
1.430
0.938
0.963
1.181
1.005
1.258
1.623
1.724
1.118
1.589
1.403
1.090
2.950
1.179
1.328
1.268
1.165
1.335
1.191
1.205
1.346
0.875
0.927
1.301
0.962
1.419
1.344
1.169
1.013
1.003
1.518
1.329
1.457
1.366
1.245
1.351
1.602
1.437
1.064
1.139
1.283
1.262
0.949
0.838
1.228
1.222
0.923
0.933
1.455
0.986
1.224
1.333
0.984
0.971
1.322
1.467
1.440
1.395
1.213
0.902
1.129
0.892
0.880
1.489
1.069
1.401
1.504
1.503
1.576
1.006
1.378
1.323
1.134
1.097
1.261
1.601
1.515
1.161
1.284
0.956
1.427
1.349
1.060
1.469
1.628
1.265
1.009
0.872
1.085
1.379
1.048
0.948
1.085
0.934
1.315
1.325
1.414
1.070
1.037
1.303
0.913
1.048
1.086
1.190
1.207
1.218
1.224
1.251
1.270
1.283
1.490
1.565
1.116
1.400
1.437
1.227
0.999
1.400
1.489
1.037
1.894
1.047
1.325
0.918
0.924
1.305
1.347
1.373
1.516
0.945
1.411
0.861
1.182
1.464
0.954
1.059
1.043
1.071
1.711
1.183
0.914
1.435
1.011
1.354
1.230
1.442
0.938
0.985
1.283
1.326
1.373
1.435
0.845
0.971
1.331
1.192
0.919
0.963
0.957
0.961
1.324
1.334
1.568
1.269
1.560
0.884
1.232
1.232
1.394
0.947
0.931
1.286
1.248
0.928
1.301
0.959
0.889
1.382
1.457
1.083
1.474
1.327
1.477
1.283
0.938
0.975
1.452
1.251
1.228
0.914
1.397
1.605
1.151
1.255
1.107
1.444
1.252
1.450
1.347
1.184
1.229
1.017
1.480
1.360
1.054
0.932
1.443
1.044
1.121
1.522
1.614
1.326
1.178
1.477
1.469
1.155
0.932
0.966
1.333
1.604
1.320
1.233
1.223
1.327
0.951
1.339
1.427
1.036
1.300
1.035
1.344
1.022
1.148
0.925
0.873
1.380
1.631
0.985
0.876
1.423
1.054
1.034
1.412
1.526
1.152
0.960
0.891
1.157
1.551
1.270
1.098
1.478
1.050
1.298
0.875
1.391
1.600
0.875
0.919
1.269
1.347
1.057
1.186
1.265
1.192
1.253
1.081
1.126
1.241
1.607
1.148
1.685
1.535
1.256
1.438
1.350
1.421
1.387
1.286
0.895
1.313
1.464
1.569
1.517
0.964
1.178
0.919
1.407
1.621
1.319
0.982
1.024
1.617
1.322
1.180
1.380
0.854
1.512
1.473
1.351
1.165
1.323
1.070
1.011
0.882
1.342
1.357
1.289
0.979
1.193
1.291
1.393
1.208
1.168
0.962
1.789
1.153
1.241
1.081
1.194
0.850
1.743
1.111
1.124
1.700
1.584
1.425
1.150
1.040
0.958
1.589
1.692
1.298
1.010
1.032
0.979
1.325
1.265
1.385
1.260
1.464
1.288
1.002
1.494
1.475
1.182
1.300
0.869
1.221
1.409
1.162
1.289
1.278
1.431
1.302
1.655
1.377
0.915
0.825
0.944
0.991
1.345
1.081
1.193
1.548
1.475
1.336
1.451
1.435
1.002
1.393
1.127
1.230
0.879
1.006
1.329
1.420
0.990
1.121
1.172
1.141
1.153
1.275
0.948
0.999
0.989
0.986
1.182
1.072
1.379
0.941
0.865
1.357
1.514
1.017
1.186
1.622
1.434
1.511
1.658
1.447
1.559
1.252
1.310
1.527
1.505
1.383
0.887
0.987
0.893
1.246
1.536
1.133
0.955
1.183
1.207
0.909
1.709
1.054
1.436
1.567
1.498
1.383
1.365
1.319
1.231
1.469
1.716
1.294
0.900
1.860
1.412
1.340
1.076
1.081
1.385
1.100
1.805
1.054
1.343
1.276
1.291
1.045
1.035
1.041
1.057
0.840
1.174
1.536
1.147
1.620
1.145
1.264
1.082
1.255
1.007
1.535
1.325
0.968
1.020
1.017
1.029
1.588
1.109
1.280
1.185
1.177
1.645
1.233
1.339
1.212
1.453
0.947
1.153
1.355
1.385
1.340
0.987
1.386
1.009
0.997
0.973
1.554
1.553
1.146
1.109
1.131
1.485
0.943
1.335
1.116
1.485
1.218
1.149
1.410
1.554
1.345
1.013
1.368
1.368
1.299
1.555
1.371
1.540
1.115
0.941
1.157
1.290
1.275
1.146
1.067
0.925
1.404
1.515
1.554
1.657
1.074
1.516
1.471
1.151
1.393
1.534
1.267
1.310
1.393
1.366
1.211
1.468
1.230
1.215
1.320
1.309
1.137
1.324
1.626
1.147
0.936
1.203
1.346
1.489
1.477
1.297
1.479
1.174
0.896
1.182
0.972
1.561
1.360
1.199
1.266
1.219
1.478
1.092
0.945
1.244
0.985
1.447
1.306
1.421
0.954
1.368
1.430
0.847
1.152
0.925
0.947
1.349
0.990
1.372
1.382
0.928
1.390
1.200
1.302
1.244
1.254
1.642
1.372
0.913
1.152
1.123
1.422
1.420
1.245
1.164
1.384
1.380
1.466
0.968
0.921
0.870
1.150
1.414
0.982
0.803
1.374
1.427
1.327
0.962
0.868
1.241
1.268
1.636
1.469
0.896
1.254
0.955
0.938
1.259
1.229
1.004
0.905
1.579
1.303
1.272
1.051
1.511
1.270
1.211
1.061
1.023
1.334
1.017
1.387
1.164
1.182
1.445
0.909
1.442
1.271
1.287
0.966
0.929
1.306
1.122
1.195
1.405
1.121
1.359
1.242
1.490
0.980
1.380
1.480
1.142
0.918
1.204
1.320
0.856
0.965
1.425
0.990
1.419
1.263
0.905
1.449
1.095
1.408
1.124
1.252
1.552
0.997
1.244
1.519
1.351
1.664
1.330
1.547
1.299
1.403
1.487
1.444
1.152
1.422
1.674
1.238
1.146
1.324
1.139
1.228
1.112
0.909
1.271
1.061
1.519
1.322
1.129
1.020
0.939
1.302
0.909
1.420
1.186
0.901
0.938
0.931
1.626
1.319
1.554
1.403
1.055
1.033
0.939
1.418
1.265
1.278
0.896
0.953
1.482
1.157
1.459
1.342
1.199
1.141
1.086
1.345
1.554
1.335
1.375
1.279
1.232
1.418
1.245
1.297
1.571
1.322
1.440
1.506
1.445
1.393
1.505
0.975
1.425
1.297
1.276
1.355
1.481
1.476
1.599
0.875
1.567
1.075
1.193
1.030
1.254
0.886
0.941
0.991
1.556
1.336
1.355
1.267
1.307
1.161
1.651
1.063
0.936
1.014
1.237
1.100
1.543
1.514
1.365
2.036
0.885
1.049
0.981
0.947
1.271
0.964
1.199
0.925
0.923
1.123
1.383
1.005
0.959
0.901
1.191
1.009
1.618
1.336
1.280
1.271
1.363
0.950
1.243
1.112
1.156
1.342
0.901
0.946
1.135
1.246
1.395
1.246
1.223
1.215
1.309
1.456
0.923
0.924
0.926
1.126
0.958
1.439
1.532
1.343
1.518
1.087
1.493
1.500
1.025
1.471
1.588
1.227
1.413
1.368
1.473
1.348
1.313
1.346
0.926
1.340
1.195
0.886
1.628
1.351
0.957
1.210
1.385
1.207
1.454
1.035
0.927
1.342
0.940
1.395
1.211
1.482
1.008
1.338
1.435
1.408
0.948
0.887
1.068
1.420
1.088
0.894
0.996
1.306
1.541
1.112
1.168
0.912
0.948
1.012
1.406
1.385
1.380
1.268
1.761
0.984
1.402
1.493
1.050
1.331
1.262
1.234
1.041
1.087
1.019
1.278
1.388
1.273
1.542
1.173
1.124
1.200
0.963
1.287
1.271
1.270
1.533
1.438
1.352
1.336
1.425
1.325
1.357
1.047
1.159
0.879
1.065
1.577
1.447
1.374
1.262
1.271
1.542
1.355
1.455
1.796
1.130
1.671
0.911
1.218
1.410
0.903
1.428
1.377
1.244
1.233
1.075
1.262
1.238
1.548
1.465
1.149
1.664
0.899
0.938
0.948
0.954
1.322
1.355
1.486
0.967
1.388
1.362
1.271
0.923
0.887
1.317
0.968
0.990
0.940
0.910
1.170
0.926
1.326
1.593
1.154
1.189
0.908
1.023
0.846
1.030
0.862
1.313
1.339
1.203
0.970
1.396
0.918
1.587
1.127
1.003
0.998
0.924
1.402
0.945
1.049
1.127
1.720
1.549
1.729
0.955
0.945
1.576
1.243
1.033
1.182
1.358
1.252
1.435
1.200
1.351
1.097
0.928
1.159
1.207
1.581
0.932
1.429
1.505
1.395
0.946
1.526
1.366
1.181
1.602
0.918
1.037
0.979
1.493
1.322
1.289
1.277
1.498
1.237
1.339
0.903
0.915
1.095
1.614
1.212
1.222
0.985
1.003
0.882
1.365
1.362
1.161
0.924
0.955
1.340
1.097
0.877
1.412
1.263
1.421
1.431
0.929
1.607
1.361
1.090
1.244
1.297
1.266
0.915
0.991
1.200
1.022
1.480
1.488
1.406
1.202
1.101
0.991
1.559
1.285
1.458
1.293
1.392
1.787
1.365
1.347
1.426
1.052
1.279
0.947
1.784
1.105
1.346
1.615
1.450
1.374
0.942
1.276
1.319
1.592
0.996
1.242
1.542
1.412
1.284
0.945
0.962
1.514
1.536
1.193
1.379
1.264
1.390
0.963
1.450
0.905
1.375
1.132
1.548
1.180
1.154
1.600
1.349
1.052
1.446
1.089
0.941
1.572
1.341
1.371
1.519
1.215
1.620
1.427
1.100
1.273
1.541
1.329
1.319
1.088
1.098
1.113
1.197
0.991
0.862
1.132
1.330
1.000
0.938
1.440
1.348
1.336
1.018
1.155
1.205
0.953
1.403
1.259
1.095
1.210
1.363
0.885
1.204
1.335
1.130
0.875
0.985
1.645
1.279
0.953
0.931
0.939
0.951
1.226
1.411
0.996
1.008
0.901
1.549
0.972
1.156
1.607
1.302
0.927
1.437
1.391
1.405
1.460
1.434
0.887
1.439
1.367
1.368
1.231
0.911
1.525
1.304
1.161
1.401
0.951
0.919
1.123
0.964
1.307
0.047
1.009
1.419
1.445
1.014
0.934
1.519
1.198
1.309
1.293
1.536
1.097
1.260
0.892
1.431
1.667
1.543
1.386
0.997
1.168
1.004
1.010
1.257
0.946
1.014
1.260
0.878
1.379
1.009
1.317
1.246
1.337
0.969
1.076
1.336
1.193
1.050
1.022
1.735
1.361
0.899
1.496
1.344
0.928
1.607
1.217
1.559
1.032
1.401
1.455
1.325
1.268
1.395
1.441
1.425
1.364
0.915
1.569
0.897
1.223
1.215
1.311
1.198
1.589
1.384
1.036
1.342
1.360
1.558
1.890
1.257
1.067
0.908
1.060
1.077
1.005
0.964
1.265
1.486
1.424
1.211
1.055
0.933
1.196
1.377
1.458
1.309
1.200
0.926
1.313
1.270
1.370
1.108
1.231
1.369
1.217
1.511
0.894
1.364
1.381
0.987
1.494
0.980
1.176
1.215
1.001
1.436
1.003
1.241
1.619
1.360
1.101
1.466
1.005
1.358
0.992
0.949
0.877
0.958
0.920
1.404
1.095
1.457
1.500
1.416
1.550
1.189
1.470
1.768
1.019
1.074
1.026
1.004
1.267
1.294
1.614
1.366
1.752
1.334
1.197
0.950
0.864
1.266
1.289
1.460
1.514
0.879
1.537
1.223
1.234
0.942
1.266
1.550
1.556
0.910
1.110
1.287
1.173
1.511
1.297
1.384
1.001
1.333
1.491
0.995
1.060
1.311
1.393
0.884
1.358
1.031
1.505
1.186
1.399
0.945
1.436
1.365
1.257
1.344
0.966
1.363
1.576
1.137
1.362
1.427
0.922
1.611
1.137
1.425
0.929
0.970
1.417
1.017
1.376
0.912
1.601
1.355
0.984
1.073
1.361
1.115
1.442
1.162
0.995
0.872
1.336
1.264
1.143
1.321
1.055
1.514
1.173
1.235
1.525
1.437
1.079
1.392
1.243
1.312
0.960
1.522
1.476
1.170
1.461
0.958
0.971
1.512
1.587
1.238
0.895
1.412
1.326
1.145
1.470
1.149
0.994
1.315
0.970
0.905
1.314
1.437
1.514
0.928
0.912
1.283
1.373
0.883
1.347
1.515
1.529
0.835
1.620
0.947
1.120
1.458
1.377
1.303
1.132
1.000
0.924
1.078
0.982
1.159
1.331
1.208
1.231
1.006
1.012
1.051
1.195
0.986
1.192
1.604
1.310
1.284
1.358
1.396
1.294
1.432
1.463
1.226
0.915
1.593
0.839
1.397
1.194
1.574
0.882
1.376
1.496
1.463
1.310
1.454
1.614
1.207
1.461
0.861
1.258
0.984
1.431
1.022
1.303
1.184
1.264
1.518
0.829
1.758
1.363
1.042
1.322
1.247
1.028
1.006
1.248
1.582
1.006
1.196
1.475
1.132
1.132
1.533
1.473
1.374
1.392
1.250
1.418
1.419
0.954
1.499
0.923
1.450
1.182
0.963
0.936
1.398
1.368
1.259
1.784
1.132
0.985
1.346
1.381
1.187
1.412
1.493
0.952
1.275
1.352
1.418
1.357
0.983
1.541
1.566
1.579
1.442
1.270
1.329
0.880
1.365
0.928
1.503
0.837
1.176
1.215
1.187
0.977
0.983
1.023
0.902
0.980
1.279
1.750
1.439
1.410
0.940
1.508
1.339
0.914
1.168
0.985
1.791
0.961
1.332
0.941
0.954
1.352
1.169
1.419
1.314
1.435
1.458
1.341
1.369
0.913
1.310
1.321
1.120
1.308
0.960
1.301
1.339
1.252
1.542
1.222
0.999
0.882
1.650
1.570
1.263
1.258
1.283
0.897
1.294
1.462
0.998
1.565
1.069
0.918
1.603
1.068
1.300
0.873
1.414
1.499
0.953
1.464
1.136
1.247
1.242
1.331
1.929
1.269
1.215
1.452
1.278
1.341
1.013
1.299
1.477
1.228
0.913
1.434
1.592
1.096
1.350
0.970
1.234
0.937
1.270
1.038
1.239
1.623
1.700
1.057
2.254
1.265
1.509
1.296
1.431
1.383
1.083
1.155
1.432
1.041
1.311
1.187
1.273
1.461
1.295
0.989
1.232
1.158
0.972
1.210
1.529
1.367
0.986
1.337
1.501
1.262
1.643
1.341
1.404
0.898
0.955
1.730
1.343
1.340
1.210
1.286
0.947
0.949
1.407
1.435
1.285
0.901
1.202
1.038
0.041
1.480
0.975
1.048
1.726
1.100
1.528
1.499
1.150
1.099
1.258
0.929
1.697
1.637
0.952
1.436
1.434
1.033
1.118
1.004
0.979
1.411
1.045
1.375
1.307
1.146
1.339
1.271
1.204
1.011
1.045
1.487
1.296
1.341
1.525
1.282
1.249
1.236
1.387
1.472
0.903
0.937
1.154
0.980
1.185
1.407
1.421
1.448
0.958
1.319
1.176
1.588
1.546
1.294
1.250
1.369
1.336
0.944
1.455
1.470
1.354
1.059
0.918
0.886
0.977
1.403
1.120
1.489
1.544
1.594
1.112
0.968
1.398
1.361
1.338
1.450
1.192
1.314
1.266
1.179
1.663
1.021
0.967
1.313
1.408
1.007
0.914
1.365
1.213
1.619
1.091
0.932
1.093
1.352
1.560
1.191
1.135
1.361
1.607
1.367
1.178
1.593
1.043
1.359
0.957
1.386
0.957
0.963
1.323
0.971
1.666
1.404
1.295
1.065
0.943
1.315
1.191
1.345
0.915
1.240
1.504
1.662
1.051
1.254
1.382
1.529
1.290
1.373
1.134
1.356
1.631
0.998
1.263
1.057
1.101
1.046
1.262
1.498
1.248
0.996
1.137
1.152
1.535
1.518
1.555
1.387
1.366
1.200
0.963
1.111
1.710
1.448
1.303
1.530
0.958
1.355
1.480
1.275
1.399
1.413
1.010
1.383
1.116
1.313
1.382
1.673
1.239
1.459
0.975
1.302
1.775
1.519
1.475
1.485
1.668
1.080
1.577
1.360
1.541
1.309
1.182
0.928
1.156
1.168
1.519
0.996
1.253
1.299
1.614
1.443
1.576
0.870
1.390
1.320
0.917
1.011
1.107
1.445
1.179
1.491
1.538
1.033
1.060
0.962
0.913
1.833
1.265
1.383
1.346
1.157
1.184
1.366
1.404
1.204
1.389
1.310
1.454
0.956
1.168
1.031
1.406
1.054
0.966
1.201
1.254
1.318
1.516
1.549
1.362
0.936
1.012
1.455
1.423
1.456
1.406
0.978
1.504
1.320
1.625
0.931
1.109
1.549
1.556
1.526
1.659
1.566
0.920
1.286
1.113
0.896
0.963
1.052
1.542
1.887
1.440
1.319
1.620
1.366
1.165
1.313
1.699
1.589
1.198
1.101
1.034
0.961
1.551
1.402
1.311
1.514
1.335
1.321
1.335
1.167
1.189
0.937
1.356
0.940
1.328
0.907
1.376
1.257
1.312
0.972
0.957
1.525
1.393
1.196
0.992
1.583
1.360
1.458
1.339
1.234
1.208
1.223
0.986
0.994
1.211
1.311
1.115
1.279
1.323
1.323
1.463
1.335
0.985
1.307
0.969
1.193
1.548
0.968
1.023
1.531
0.939
1.166
0.983
1.248
1.475
1.081
1.507
1.712
1.377
1.349
1.075
1.263
1.184
1.291
1.141
1.420
1.354
1.471
1.334
1.220
0.979
0.946
0.928
1.199
1.069
1.089
