0.176
0.187
0.204
0.207
0.179
0.198
0.193
0.240
0.165
0.158
0.204
0.221
0.148
0.169
0.146
0.175
0.146
0.168
0.173
0.178
0.184
0.150
0.170
0.132
0.141
0.167
0.131
0.179
0.144
0.152
0.153
0.150
0.155
0.179
0.150
0.164
0.124
0.173
0.177
0.180
0.140
0.124
0.166
0.135
0.157
0.217
0.173
0.151
0.193
0.189
0.160
0.158
0.170
0.142
0.117
0.134
0.154
0.188
0.155
0.137
0.170
0.181
0.144
0.160
0.138
0.137
0.180
0.146
0.157
0.155
0.141
0.160
0.151
0.136
0.179
0.164
0.148
0.166
0.157
0.172
0.190
0.180
0.112
0.191
0.208
0.189
0.173
0.133
0.151
0.184
0.156
0.132
0.150
0.148
0.139
0.175
0.137
0.143
0.131
0.195
0.159
0.133
0.147
0.154
0.151
0.167
0.138
0.196
0.191
0.166
0.169
0.187
0.156
0.126
0.171
0.142
0.146
0.162
0.167
0.123
0.172
0.149
0.144
0.185
0.181
0.137
0.170
0.205
0.149
0.173
0.174
0.174
0.173
0.181
0.161
0.157
0.150
0.154
0.171
0.189
0.181
0.162
0.147
0.166
0.181
0.161
0.136
0.155
0.152
0.150
0.168
0.200
0.162
0.139
0.135
0.147
0.153
0.187
0.193
0.206
0.178
0.159
0.183
0.162
0.194
0.141
0.185
0.139
0.154
0.174
0.134
0.177
0.125
0.186
0.153
0.166
0.138
0.137
0.142
0.134
0.175
0.178
0.164
0.173
0.145
0.140
0.169
0.198
0.188
0.133
0.150
0.141
0.211
0.178
0.142
0.153
0.215
0.163
0.163
0.225
0.147
0.165
0.128
0.140
0.166
0.128
0.174
0.152
0.181
0.158
0.167
0.136
0.170
0.120
0.205
0.156
0.177
0.161
0.209
0.146
0.179
0.125
0.141
0.167
0.168
0.160
0.141
0.172
0.163
0.179
0.209
0.181
0.163
0.167
0.132
0.160
0.160
0.152
0.184
0.188
0.168
0.126
0.143
0.152
0.166
0.132
0.153
0.172
0.162
0.160
0.172
0.162
0.156
0.149
0.193
0.133
0.115
0.201
0.156
0.148
0.195
0.149
0.150
0.133
0.180
0.137
0.145
0.176
0.145
0.199
0.171
0.145
0.169
0.161
0.122
0.168
0.167
0.133
0.154
0.169
0.147
0.139
0.175
0.163
0.155
0.154
0.162
0.152
0.130
0.148
0.142
0.150
0.160
0.194
0.128
0.164
0.145
0.184
0.187
0.151
0.157
0.149
0.171
0.138
0.198
0.170
0.146
0.169
0.132
0.167
0.134
0.180
0.164
0.201
0.179
0.174
0.195
0.162
0.137
0.160
0.141
0.140
0.183
0.158
0.167
0.145
0.149
0.163
0.153
0.124
0.144
0.144
0.187
0.195
0.180
0.224
0.206
0.181
0.144
0.183
0.174
0.138
0.145
0.154
0.158
0.178
0.200
0.154
0.149
0.147
0.158
0.180
0.183
0.161
0.150
0.159
0.163
0.156
0.128
0.162
0.162
0.184
0.182
0.149
0.215
0.200
0.144
0.152
0.133
0.158
0.175
0.170
0.126
0.152
0.149
0.164
0.154
0.139
0.156
0.167
0.144
0.161
0.167
0.165
0.176
0.156
0.158
0.147
0.178
0.178
0.149
0.163
0.124
0.126
0.159
0.144
0.142
0.145
0.177
0.156
0.164
0.210
0.192
0.195
0.166
0.164
0.134
0.134
0.136
0.144
0.161
0.164
0.173
0.208
0.153
0.139
0.153
0.170
0.162
0.152
0.133
0.125
0.137
0.136
0.157
0.161
0.185
0.138
0.181
0.194
0.146
0.162
0.172
0.128
0.130
0.153
0.173
0.128
0.145
0.167
0.160
0.129
0.152
0.134
0.176
0.159
0.148
0.161
0.163
0.177
0.150
0.168
0.162
0.168
0.155
0.170
0.180
0.188
0.151
0.174
0.156
0.164
0.176
0.127
0.158
0.144
0.181
0.147
0.181
0.154
0.177
0.175
0.180
0.145
0.141
0.188
0.185
0.199
0.175
0.137
0.176
0.124
0.163
0.141
0.144
0.165
0.156
0.170
0.152
0.139
0.155
0.172
0.155
0.165
0.171
0.186
0.142
0.160
0.176
0.142
0.147
0.112
0.161
0.149
0.181
0.167
0.149
0.184
0.120
0.150
0.147
0.157
0.173
0.165
0.187
0.145
0.163
0.144
0.165
0.168
0.139
0.187
0.187
0.166
0.191
0.157
0.147
0.167
0.160
0.148
0.157
0.185
0.197
0.153
0.144
0.149
0.159
0.180
0.157
0.180
0.135
0.166
0.134
0.174
0.157
0.158
0.154
0.146
0.143
0.200
0.129
0.130
0.155
0.163
0.199
0.137
0.129
0.164
0.164
0.172
0.167
0.143
0.154
0.132
0.147
0.160
0.180
0.164
0.164
0.153
0.163
0.158
0.142
0.151
0.164
0.200
0.128
0.119
0.149
0.184
0.135
0.125
0.142
0.157
0.156
0.145
0.124
0.158
0.165
0.115
0.141
0.194
0.174
0.170
0.155
0.157
0.165
0.181
0.167
0.153
0.160
0.174
0.167
0.174
0.167
0.172
0.147
0.163
0.157
0.200
0.150
0.122
0.136
0.167
0.114
0.145
0.183
0.155
0.176
0.148
0.143
0.156
0.149
0.129
0.161
0.152
0.171
0.173
0.159
0.148
0.181
0.124
0.167
0.132
0.158
0.181
0.148
0.150
0.202
0.169
0.137
0.138
0.162
0.165
0.160
0.173
0.167
0.156
0.158
0.171
0.152
0.157
0.156
0.145
0.124
0.159
0.176
0.158
0.193
0.164
0.137
0.150
0.145
0.148
0.166
0.152
0.160
0.171
0.175
0.146
0.140
0.151
0.132
0.138
0.167
0.186
0.143
0.170
0.158
0.149
0.139
0.132
0.159
0.124
0.200
0.155
0.155
0.140
0.118
0.161
0.153
0.140
0.163
0.135
0.192
0.176
0.181
0.194
0.162
0.147
0.178
0.176
0.184
0.179
0.133
0.155
0.152
0.166
0.168
0.150
0.159
0.162
0.146
0.157
0.152
0.170
0.165
0.181
0.161
0.156
0.132
0.181
0.137
0.161
0.162
0.179
0.143
0.159
0.171
0.179
0.163
0.169
0.155
0.165
0.188
0.144
0.158
0.180
0.150
0.154
0.150
0.176
0.174
0.185
0.152
0.136
0.145
0.177
0.171
0.154
0.163
0.176
0.156
0.191
0.166
0.179
0.173
0.154
0.182
0.126
0.178
0.169
0.159
0.126
0.171
0.170
0.172
0.157
0.163
0.152
0.164
0.199
0.139
0.131
0.158
0.144
0.181
0.151
0.165
0.167
0.169
0.186
0.139
0.156
0.174
0.152
0.139
0.179
0.161
0.185
0.160
0.135
0.131
0.159
0.202
0.153
0.154
0.153
0.164
0.171
0.162
0.168
0.141
0.170
0.161
0.178
0.180
0.171
0.177
0.183
0.167
0.152
0.148
0.171
0.174
0.168
0.142
0.185
0.174
0.142
0.128
0.151
0.154
0.179
0.158
0.132
0.133
0.167
0.154
0.177
0.165
0.175
0.175
0.168
0.141
0.186
0.221
0.163
0.150
0.149
0.140
0.141
0.158
0.152
0.191
0.179
0.156
0.153
0.171
0.147
0.190
0.150
0.158
0.176
0.198
0.163
0.140
0.123
0.171
0.189
0.158
0.179
0.200
0.157
0.173
0.178
0.182
0.142
0.156
0.160
0.156
0.145
0.167
0.160
0.151
0.171
0.184
0.204
0.175
0.163
0.162
0.154
0.147
0.156
0.159
0.179
0.141
0.196
0.199
0.134
0.155
0.145
0.150
0.202
0.175
0.168
0.165
0.160
0.169
0.164
0.159
0.176
0.139
0.175
0.183
0.176
0.150
0.155
0.158
0.183
0.172
0.158
0.176
0.154
0.130
0.134
0.128
0.194
0.180
0.163
0.189
0.178
0.194
0.193
0.152
0.162
0.156
0.160
0.169
0.171
0.139
0.178
0.148
0.182
0.161
0.151
0.165
0.147
0.153
0.143
0.168
0.168
0.177
0.157
0.175
0.153
0.136
0.152
0.150
0.165
0.125
0.196
0.173
0.149
0.172
0.154
0.168
0.164
0.159
0.175
0.150
0.141
0.145
0.136
0.166
0.185
0.134
0.155
0.141
0.148
0.149
0.152
0.190
0.187
0.145
0.140
0.185
0.175
0.152
0.148
0.179
0.176
0.165
0.164
0.153
0.142
0.126
0.122
0.160
0.187
0.148
0.140
0.175
0.213
0.164
0.144
0.139
0.152
0.166
0.151
0.175
0.158
0.139
0.176
0.171
0.190
0.188
0.139
0.160
0.139
0.178
0.146
0.175
0.179
0.157
0.174
0.143
0.180
0.181
0.206
0.154
0.177
0.147
0.143
0.168
0.176
0.164
0.173
0.171
0.160
0.131
0.116
0.168
0.120
0.158
0.126
0.159
0.134
0.176
0.185
0.155
0.148
0.203
0.159
0.153
0.164
0.128
0.163
0.159
0.176
0.142
0.190
0.139
0.169
0.160
0.156
0.162
0.169
0.121
0.173
0.130
0.152
0.156
0.156
0.153
0.176
0.149
0.213
0.154
0.144
0.162
0.186
0.170
0.157
0.163
0.148
0.178
0.154
0.157
0.170
0.139
0.170
0.146
0.163
0.157
0.191
0.157
0.142
0.162
0.159
0.157
0.135
0.130
0.160
0.155
0.143
0.161
0.154
0.125
0.173
0.167
0.161
0.139
0.156
0.158
0.164
0.159
0.180
0.176
0.166
0.188
0.142
0.130
0.155
0.173
0.158
0.190
0.162
0.177
0.179
0.140
0.192
0.136
0.135
0.154
0.163
0.170
0.193
0.168
0.164
0.156
0.139
0.168
0.178
0.152
0.159
0.151
0.157
0.173
0.179
0.156
0.138
0.187
0.159
0.137
0.169
0.117
0.159
0.145
0.146
0.180
0.182
0.165
0.183
0.140
0.129
0.144
0.130
0.154
0.187
0.151
0.167
0.142
0.148
0.132
0.187
0.170
0.160
0.169
0.171
0.166
0.134
0.184
0.149
0.176
0.178
0.144
0.174
0.151
0.183
0.168
0.179
0.163
0.141
0.150
0.135
0.149
0.120
0.141
0.168
0.166
0.163
0.154
0.151
0.167
0.174
0.157
0.139
0.144
0.146
0.148
0.161
0.149
0.194
0.175
0.198
0.139
0.184
0.144
0.170
0.197
0.152
0.172
0.178
0.168
0.173
0.141
0.145
0.178
0.191
0.159
0.170
0.151
0.163
0.181
0.142
0.146
0.151
0.137
0.157
0.155
0.156
0.193
0.166
0.139
0.188
0.170
0.167
0.165
0.139
0.164
0.144
0.162
0.161
0.118
0.178
0.166
0.185
0.174
0.155
0.158
0.168
0.182
0.231
0.134
0.162
0.183
0.142
0.137
0.186
0.149
0.190
0.148
0.146
0.136
0.174
0.142
0.138
0.163
0.164
0.133
0.191
0.188
0.156
0.179
0.147
0.163
0.159
0.168
0.206
0.160
0.134
0.135
0.152
0.168
0.144
0.141
0.177
0.184
0.176
0.142
0.153
0.144
0.157
0.184
0.147
0.169
0.144
0.167
0.146
0.183
0.157
0.171
0.143
0.164
0.191
0.181
0.168
0.184
0.183
0.157
0.187
0.143
0.150
0.200
0.187
0.189
0.133
0.160
0.143
0.160
0.160
0.181
0.136
0.174
0.158
0.164
0.136
0.150
0.154
0.155
0.166
0.146
0.193
0.173
0.151
0.144
0.172
0.165
0.187
0.126
0.174
0.169
0.126
0.144
0.167
0.164
0.131
0.163
0.156
0.162
0.181
0.172
0.168
0.166
0.186
0.183
0.171
0.175
0.146
0.125
0.155
0.171
0.172
0.158
0.194
0.173
0.146
0.167
0.149
0.170
0.153
0.159
0.124
0.175
0.184
0.135
0.150
0.158
0.165
0.156
0.137
0.179
0.181
0.169
0.174
0.155
0.179
0.164
0.141
0.179
0.152
0.179
0.170
0.186
0.139
0.163
0.175
0.155
0.154
0.148
0.161
0.133
0.159
0.173
0.174
0.141
0.227
0.122
0.167
0.149
0.147
0.165
0.201
0.136
0.159
0.212
0.133
0.132
0.185
0.153
0.158
0.175
0.160
0.163
0.131
0.171
0.164
0.158
0.143
0.149
0.142
0.180
0.160
0.181
0.167
0.125
0.188
0.143
0.175
0.147
0.151
0.154
0.173
0.161
0.165
0.130
0.185
0.146
0.165
0.119
0.176
0.195
0.128
0.183
0.153
0.154
0.141
0.136
0.152
0.159
0.148
0.180
0.117
0.144
0.144
0.184
0.168
0.173
0.170
0.177
0.155
0.156
0.173
0.146
0.182
0.150
0.160
0.181
0.137
0.143
0.158
0.161
0.130
0.158
0.146
0.115
0.174
0.166
0.183
0.141
0.133
0.199
0.180
0.146
0.142
0.121
0.148
0.173
0.187
0.171
0.191
0.140
0.149
0.148
0.126
0.162
0.145
0.139
0.197
0.182
0.178
0.137
0.191
0.161
0.197
0.155
0.135
0.153
0.173
0.113
0.174
0.169
0.128
0.165
0.141
0.166
0.155
0.154
0.156
0.158
0.168
0.131
0.191
0.161
0.175
0.128
0.151
0.184
0.125
0.158
0.162
0.162
0.182
0.166
0.180
0.172
0.149
0.148
0.142
0.161
0.147
0.173
0.185
0.187
0.162
0.150
0.156
0.162
0.186
0.172
0.123
0.165
0.161
0.171
0.185
0.172
0.182
0.170
0.178
0.163
0.158
0.201
0.143
0.159
0.144
0.161
0.170
0.158
0.151
0.186
0.145
0.122
0.165
0.171
0.179
0.141
0.137
0.174
0.125
0.168
0.147
0.168
0.144
0.171
0.139
0.141
0.162
0.176
0.150
0.179
0.154
0.155
0.123
0.173
0.161
0.161
0.164
0.180
0.142
0.201
0.148
0.147
0.166
0.132
0.177
0.173
0.164
0.168
0.171
0.161
0.182
0.189
0.155
0.166
0.131
0.212
0.156
0.163
0.156
0.151
0.146
0.152
0.167
0.151
0.152
0.128
0.146
0.150
0.200
0.139
0.167
0.138
0.216
0.160
0.144
0.166
0.176
0.150
0.163
0.193
0.173
0.155
0.134
0.145
0.156
0.133
0.160
0.172
0.147
0.172
0.162
0.136
0.168
0.149
0.178
0.115
0.152
0.168
0.165
0.158
0.185
0.123
0.179
0.167
0.184
0.157
0.150
0.166
0.193
0.157
0.121
0.129
0.141
0.160
0.190
0.174
0.137
0.181
0.153
0.182
0.164
0.154
0.190
0.145
0.158
0.177
0.138
0.162
0.164
0.163
0.163
0.166
0.189
0.171
0.160
0.166
0.131
0.197
0.167
0.170
0.168
0.208
0.164
0.142
0.176
0.160
0.164
0.140
0.146
0.184
0.161
0.134
0.156
0.156
0.181
0.151
0.179
0.206
0.174
0.148
0.150
0.187
0.130
0.222
0.162
0.138
0.180
0.161
0.148
0.152
0.181
0.148
0.159
0.170
0.195
0.140
0.160
0.168
0.178
0.135
0.170
0.136
0.147
0.172
0.140
0.142
0.148
0.150
0.140
0.122
0.166
0.158
0.160
0.189
0.158
0.194
0.137
0.159
0.161
0.154
0.178
0.226
0.164
0.179
0.176
0.128
0.178
0.169
0.181
0.153
0.163
0.167
0.170
0.165
0.190
0.177
0.154
0.164
0.163
0.164
0.196
0.177
0.142
0.142
0.184
0.172
0.138
0.162
0.149
0.160
0.142
0.195
0.164
0.108
0.182
0.151
0.168
0.152
0.147
0.158
0.167
0.143
0.149
0.178
0.182
0.148
0.141
0.140
0.155
0.171
0.119
0.155
0.162
0.176
0.176
0.164
0.152
0.166
0.162
0.159
0.161
0.185
0.163
0.145
0.134
0.153
0.161
0.159
0.135
0.120
0.138
0.151
0.158
0.187
0.182
0.161
0.152
0.155
0.152
0.175
0.132
0.147
0.156
0.172
0.156
0.137
0.168
0.168
0.147
0.158
0.183
0.160
0.188
0.156
0.170
0.154
0.160
0.183
0.152
0.208
0.145
0.159
0.159
0.154
0.129
0.182
0.174
0.181
0.140
0.119
0.169
0.165
0.173
0.152
0.176
0.137
0.162
0.169
0.157
0.157
0.149
0.135
0.140
0.180
0.158
0.127
0.149
0.206
0.153
0.127
0.166
0.179
0.174
0.129
0.129
0.170
0.195
0.185
0.131
0.158
0.143
0.183
0.162
0.213
0.125
0.173
0.183
0.172
0.143
0.140
0.154
0.155
0.200
0.177
0.137
0.157
0.165
0.153
0.154
0.144
0.161
0.165
0.150
0.153
0.163
0.181
0.154
0.160
0.142
0.154
0.150
0.158
0.159
0.167
0.147
0.139
0.137
0.158
0.145
0.146
0.171
0.174
0.152
0.159
0.166
0.179
0.183
0.200
0.155
0.184
0.142
0.161
0.116
0.202
0.182
0.152
0.149
0.172
0.162
0.168
0.129
0.139
0.155
0.171
0.145
0.156
0.157
0.137
0.171
0.141
0.128
0.166
0.127
0.148
0.169
0.155
0.151
0.155
0.168
0.153
0.154
0.164
0.179
0.149
0.187
0.163
0.154
0.201
0.157
0.146
0.122
0.142
0.172
0.177
0.155
0.145
0.132
0.169
0.175
0.166
0.150
0.136
0.168
0.131
0.132
0.165
0.154
0.168
0.152
0.187
0.180
0.175
0.163
0.178
0.158
0.136
0.168
0.154
0.155
0.138
0.189
0.146
0.154
0.181
0.165
0.172
0.157
0.151
0.114
0.155
0.125
0.116
0.158
0.148
0.158
0.141
0.172
0.172
0.170
0.166
0.161
0.116
0.160
0.148
0.140
0.154
0.174
0.169
0.150
0.166
0.149
0.156
0.130
0.194
0.126
0.147
0.176
0.139
0.161
0.205
0.183
0.142
0.180
0.144
0.164
0.164
0.133
0.193
0.175
0.167
0.179
0.175
0.149
0.172
0.131
0.162
0.157
0.159
0.155
0.200
0.172
0.164
0.163
0.182
0.130
0.151
0.171
0.144
0.127
0.162
0.165
0.146
0.173
0.158
0.220
0.177
0.204
0.173
0.153
0.175
0.122
0.168
0.152
0.143
0.169
0.143
0.161
0.172
0.166
0.141
0.149
0.158
0.163
0.147
0.145
0.180
0.225
0.142
0.157
0.170
0.167
0.201
0.176
0.117
0.167
0.148
0.154
0.146
0.182
0.198
0.168
0.146
0.161
0.160
0.138
0.136
0.145
0.148
0.170
0.165
0.160
0.144
0.147
0.166
0.167
0.128
0.150
0.152
0.149
0.171
0.162
0.143
0.163
0.163
0.175
0.217
0.172
0.170
0.144
0.168
0.132
0.175
0.172
0.139
0.179
0.153
0.172
0.156
0.178
0.178
0.169
0.145
0.145
0.157
0.138
0.152
0.121
0.152
0.153
0.148
0.138
0.169
0.200
0.167
0.159
0.139
0.138
0.115
0.149
0.166
0.155
0.166
0.153
0.160
0.150
0.136
0.171
0.152
0.164
0.158
0.154
0.165
0.177
0.171
0.151
0.183
0.177
0.100
0.184
0.178
0.152
0.154
0.200
0.170
0.161
0.167
0.161
0.157
0.137
0.144
0.150
0.157
0.138
0.186
0.169
0.155
0.153
0.181
0.166
0.150
0.159
0.171
0.166
0.179
0.187
0.199
0.143
0.177
0.150
0.163
0.142
0.111
0.172
0.177
0.176
0.141
0.190
0.120
0.145
0.158
0.178
0.164
0.138
0.153
0.169
0.122
0.167
0.154
0.159
0.149
0.148
0.185
0.149
0.155
0.139
0.154
0.120
0.137
0.165
0.149
0.150
0.139
0.149
0.158
0.181
0.148
0.170
0.178
0.145
0.177
0.166
0.159
0.161
0.154
0.135
0.154
0.170
0.168
0.153
0.142
0.151
0.158
0.170
0.161
0.157
0.150
0.165
0.153
0.160
0.143
0.144
0.173
0.153
0.175
0.172
0.173
0.155
0.148
0.161
0.150
0.183
0.157
0.182
0.147
0.141
0.163
0.173
0.159
0.172
0.124
0.162
0.162
0.149
0.180
0.150
0.152
0.197
0.130
0.147
0.181
0.170
0.158
0.166
0.184
0.136
0.184
0.166
0.144
0.183
0.162
0.151
0.159
0.170
0.166
0.154
0.168
0.176
0.147
0.139
0.190
0.131
0.150
0.147
0.172
0.145
0.183
0.147
0.135
0.193
0.151
0.149
0.141
0.171
0.161
0.133
0.189
0.162
0.149
0.168
0.195
0.127
0.159
0.144
0.129
0.162
0.176
0.185
0.135
0.180
0.114
0.126
0.121
0.159
0.166
0.173
0.117
0.206
0.153
0.174
0.160
0.164
0.166
0.142
0.127
0.143
0.130
0.142
0.199
0.189
0.141
0.148
0.149
0.150
0.182
0.138
0.173
0.143
0.166
0.173
0.152
0.135
0.183
0.159
0.149
0.175
0.150
0.158
0.163
0.146
0.145
0.152
0.123
0.189
0.153
0.162
0.160
0.157
0.162
0.182
0.169
0.121
0.148
0.158
0.156
0.131
0.163
0.140
0.170
0.154
0.183
0.149
0.149
0.162
0.160
0.207
0.141
0.153
0.173
0.177
0.180
0.182
0.147
0.152
0.160
0.163
0.133
0.182
0.176
0.160
0.160
0.149
0.180
0.174
0.174
0.168
0.160
0.191
0.161
0.158
0.161
0.176
0.163
0.159
0.158
0.152
0.148
0.138
0.149
0.141
0.152
0.171
0.185
0.141
0.194
0.157
0.154
0.135
0.171
0.152
0.176
0.187
0.168
0.187
0.153
0.138
0.193
0.175
0.144
0.152
0.187
0.160
0.141
0.167
0.173
0.132
0.176
0.163
0.125
0.155
0.117
0.140
0.155
0.163
0.156
0.178
0.156
0.163
0.149
0.134
0.191
0.183
0.158
0.130
0.170
0.154
0.110
0.149
0.166
0.147
0.140
0.136
0.163
0.177
0.172
0.171
0.145
0.173
0.166
0.174
0.143
0.136
0.148
0.152
0.167
0.160
0.175
0.165
0.169
0.170
0.180
0.129
0.142
0.166
0.147
0.142
0.166
0.139
0.147
0.165
0.185
0.156
0.165
0.171
0.165
0.165
0.148
0.214
0.174
0.162
0.126
0.199
0.149
0.181
0.152
0.143
0.172
0.157
0.161
0.179
0.143
0.185
0.135
0.124
0.137
0.173
0.136
0.199
0.152
0.124
0.156
0.138
0.142
0.153
0.143
0.157
0.131
0.163
0.166
0.140
0.168
0.153
0.126
0.134
0.121
0.140
0.163
0.145
0.147
0.183
0.145
0.164
0.147
0.151
0.138
0.134
0.157
0.138
0.148
0.153
0.146
0.174
0.152
0.145
0.130
0.174
0.172
0.158
0.161
0.191
0.155
0.133
0.154
0.148
0.157
0.144
0.150
0.129
0.121
0.229
0.126
0.164
0.148
0.117
0.153
0.170
0.154
0.163
0.138
0.143
0.149
0.185
0.166
0.162
0.149
0.164
0.173
0.142
0.136
0.130
0.152
0.159
0.170
0.169
0.196
0.132
0.151
0.147
0.163
0.157
0.159
0.148
0.151
0.175
0.178
0.162
0.139
0.107
0.171
0.126
0.114
0.132
0.170
0.159
0.142
0.140
0.175
0.129
0.183
0.148
0.179
0.143
0.171
0.132
0.130
0.201
0.141
0.155
0.182
0.169
0.177
0.137
0.165
0.167
0.168
0.137
0.113
0.155
0.167
0.152
0.182
0.148
0.146
0.144
0.181
0.127
0.163
0.147
0.162
0.152
0.158
0.162
0.139
0.154
0.159
0.143
0.187
0.174
0.157
0.155
0.129
0.170
0.147
0.195
0.177
0.148
0.156
0.136
0.143
0.149
0.155
0.191
0.135
0.145
0.184
0.155
0.164
0.120
0.145
0.126
0.159
0.154
0.129
0.133
0.177
0.142
0.166
0.147
0.130
0.179
0.175
0.156
0.167
0.165
0.144
0.156
0.133
0.198
0.160
0.127
0.129
0.142
0.134
0.139
0.123
0.167
0.158
0.149
0.142
0.156
0.161
0.177
0.171
0.175
0.181
0.176
0.162
0.200
0.146
0.170
0.116
0.158
0.173
0.145
0.151
0.156
0.165
0.188
0.175
0.184
0.153
0.129
0.152
0.177
0.161
0.152
0.122
0.167
0.167
0.166
0.159
0.159
0.148
0.171
0.173
0.183
0.174
0.155
0.119
0.152
0.105
0.157
0.148
0.137
0.171
0.150
0.184
0.174
0.159
0.174
0.163
0.165
0.158
0.150
0.137
0.163
0.152
0.184
0.161
0.178
0.184
0.164
0.121
0.185
0.158
0.134
0.172
0.199
0.158
0.143
0.142
0.158
0.170
0.174
0.196
0.126
0.153
0.169
0.170
0.133
0.179
0.154
0.160
0.148
0.146
0.155
0.126
0.163
0.170
0.177
0.140
0.178
0.152
0.148
0.136
0.194
0.179
0.185
0.164
0.154
0.152
0.175
0.154
0.121
0.157
0.151
0.175
0.210
0.136
0.134
0.175
0.181
0.170
0.139
0.164
0.190
0.170
0.140
0.132
0.146
0.156
0.170
0.176
0.157
0.172
0.162
0.146
0.156
0.135
0.182
0.164
0.168
0.166
0.142
0.150
0.158
0.150
0.182
0.170
0.182
0.176
0.147
0.146
0.165
0.120
0.171
0.119
0.149
0.162
0.173
0.150
0.142
0.157
0.152
0.153
0.153
0.160
0.151
0.166
0.149
0.162
0.173
0.154
0.150
0.160
0.152
0.199
0.141
0.187
0.138
0.179
0.166
0.159
0.140
0.171
0.137
0.177
0.140
0.156
0.171
0.161
0.129
0.166
0.134
0.120
0.164
0.187
0.159
0.186
0.133
0.164
0.159
0.159
0.167
0.165
0.153
0.183
0.181
0.169
0.174
0.162
0.169
0.150
0.174
0.169
0.140
0.153
0.131
0.115
0.172
0.158
0.124
0.132
0.158
0.145
0.109
0.138
0.177
0.116
0.167
0.172
0.163
0.162
0.188
0.127
0.185
0.154
0.136
0.130
0.137
0.179
0.156
0.136
0.162
0.136
0.187
0.159
0.160
0.160
0.111
0.174
0.185
0.192
0.130
0.172
0.172
0.146
0.221
0.174
0.205
0.162
0.203
0.150
0.176
0.163
0.148
0.142
0.145
0.153
0.167
0.154
0.176
0.156
0.129
0.148
0.173
0.230
0.155
0.149
0.124
0.166
0.147
0.188
0.153
0.125
0.181
0.198
0.151
0.157
0.165
0.159
0.150
0.145
0.154
0.176
0.157
0.138
0.136
0.200
0.165
0.176
0.162
0.137
0.166
0.164
0.173
0.163
0.203
0.163
0.146
0.181
0.146
0.169
0.168
0.135
0.182
0.186
0.160
0.138
0.162
0.131
0.171
0.160
0.187
0.144
0.115
0.155
0.135
0.170
0.175
0.148
0.120
0.169
0.144
0.192
0.162
0.136
0.145
0.153
0.180
0.129
0.133
0.161
0.157
0.156
0.186
0.166
0.157
0.164
0.151
0.127
0.160
0.171
0.139
0.142
0.141
0.151
0.147
0.126
0.152
0.158
0.136
0.149
0.154
0.170
0.145
0.145
0.164
0.171
0.174
0.144
0.185
0.159
0.133
0.131
0.146
0.139
0.144
0.140
0.150
0.166
0.162
0.158
0.177
0.141
0.173
0.178
0.148
0.173
0.166
0.122
0.138
0.151
0.155
0.162
0.167
0.154
0.132
0.130
0.171
0.191
0.156
0.134
0.133
0.159
0.193
0.155
0.159
0.170
0.155
0.147
0.170
0.147
0.156
0.155
0.153
0.166
0.154
0.175
0.121
0.144
0.173
0.122
0.134
0.145
0.205
0.175
0.166
0.181
0.150
0.134
0.138
0.178
0.169
0.150
0.140
0.172
0.140
0.143
0.171
0.180
0.157
0.182
0.160
0.181
0.179
0.177
0.158
0.179
0.176
0.187
0.180
0.116
0.140
0.144
0.186
0.157
0.134
0.139
0.188
0.149
0.174
0.163
0.158
0.170
0.135
0.160
0.147
0.202
0.163
0.166
0.185
0.172
0.123
0.164
0.152
0.160
0.132
0.187
0.120
0.134
0.179
0.165
0.161
0.173
0.148
0.162
0.147
0.191
0.173
0.132
0.149
0.151
0.159
0.157
0.140
0.138
0.146
0.173
0.159
0.160
0.148
0.184
0.192
0.188
0.163
0.165
0.164
0.138
0.129
0.174
0.137
0.172
0.129
0.200
0.196
0.146
0.168
0.137
0.141
0.143
0.157
0.158
0.137
0.173
0.140
0.125
0.148
0.149
0.158
0.138
0.147
0.165
0.141
0.132
0.150
0.174
0.130
0.181
0.130
0.150
0.133
0.176
0.154
0.160
0.179
0.133
0.152
0.139
0.185
0.158
0.159
0.166
0.157
0.149
0.133
0.185
0.159
0.150
0.160
0.183
0.169
0.172
0.175
0.131
0.195
0.155
0.159
0.164
0.174
0.119
0.164
0.142
0.165
0.133
0.155
0.153
0.158
0.160
0.189
0.127
0.143
0.158
0.148
0.167
0.146
0.144
0.151
0.135
0.152
0.158
0.146
0.147
0.149
0.167
0.181
0.171
0.148
0.146
0.150
0.170
0.177
0.172
0.145
0.169
0.131
0.168
0.148
0.148
0.143
0.119
0.154
0.157
0.176
0.157
0.149
0.179
0.157
0.163
0.123
0.185
0.163
0.198
0.136
0.155
0.137
0.168
0.165
0.170
0.154
0.144
0.165
0.151
0.159
0.158
0.131
0.171
0.134
0.145
0.126
0.148
0.156
0.139
0.181
0.193
0.146
0.128
0.139
0.153
0.171
0.155
0.185
0.164
0.164
0.191
0.146
0.150
0.150
0.134
0.168
0.138
0.177
0.147
0.163
0.167
0.151
0.131
0.140
0.155
0.150
0.158
0.136
0.150
0.219
0.166
0.125
0.127
0.165
0.165
0.160
0.179
0.153
0.125
0.130
0.195
0.144
0.145
0.176
0.142
0.132
0.154
0.142
0.169
0.186
0.109
0.135
0.124
0.134
0.142
0.146
0.171
0.131
0.138
0.134
0.162
0.164
0.152
0.146
0.143
0.134
0.151
0.149
0.148
0.164
0.153
0.174
0.181
0.155
0.175
0.157
0.160
0.176
0.152
0.154
0.156
0.190
0.134
0.158
0.147
0.163
0.121
0.136
0.140
0.143
0.173
0.165
0.159
0.134
0.169
0.162
0.120
0.133
0.152
0.123
0.147
0.161
0.137
0.161
0.136
0.181
0.126
0.167
0.146
0.163
0.145
0.170
0.149
0.174
0.157
0.128
0.148
0.161
0.152
0.151
0.128
0.125
0.125
0.147
0.136
0.190
0.160
0.136
0.160
0.158
0.222
0.153
0.142
0.144
0.166
0.160
0.129
0.151
0.120
0.157
0.173
0.130
0.142
0.159
0.151
0.166
0.135
0.155
0.161
0.130
0.151
0.166
0.152
0.143
0.187
0.132
0.137
0.176
0.146
0.139
0.126
0.167
0.147
0.135
0.148
0.153
0.166
0.169
0.127
0.145
0.153
0.167
0.139
0.155
0.165
0.154
0.110
0.150
0.128
0.113
0.126
0.127
0.154
0.130
0.157
0.128
0.167
0.151
0.125
0.147
0.130
0.156
0.138
0.170
0.172
0.170
0.145
0.136
0.128
0.158
0.166
0.147
0.171
0.169
0.162
0.146
0.173
0.161
0.187
0.153
0.165
0.132
0.146
0.149
0.141
0.182
0.158
0.158
0.129
0.157
0.132
0.169
0.139
0.161
0.144
0.167
0.133
0.125
0.130
0.121
0.122
0.137
0.151
0.208
0.184
0.174
0.174
0.138
0.109
0.205
0.175
0.147
0.136
0.170
0.147
0.141
0.115
0.152
0.179
0.162
0.161
0.188
0.145
0.131
0.179
0.174
0.177
0.143
0.126
0.178
0.135
0.139
0.155
0.147
0.154
0.103
0.160
0.186
0.141
0.182
0.164
0.145
0.156
0.121
0.133
0.145
0.193
0.173
0.162
0.177
0.137
0.147
0.152
0.149
0.131
0.147
0.133
0.133
0.154
0.205
0.151
0.155
0.128
0.170
0.163
0.149
0.145
0.118
0.215
0.118
0.165
0.143
0.161
0.139
0.162
0.179
0.157
0.110
0.147
0.155
0.137
0.170
0.141
0.161
0.137
0.167
0.129
0.149
0.183
0.150
0.170
0.123
0.173
0.147
0.149
0.165
0.156
0.177
0.163
0.141
0.163
0.182
0.155
0.129
0.170
0.155
0.171
0.157
0.186
0.151
0.149
0.138
0.148
0.127
0.126
0.149
0.154
0.139
0.159
0.126
0.135
0.134
0.153
0.185
0.127
0.129
0.190
0.170
0.166
0.121
0.159
0.151
0.178
0.172
0.144
0.167
0.141
0.149
0.099
0.168
0.164
0.158
0.137
0.166
0.186
0.146
0.138
0.164
0.154
0.132
0.166
0.183
0.145
0.142
0.136
0.142
0.152
0.135
0.167
0.196
0.143
0.143
0.181
0.170
0.143
0.125
0.148
0.152
0.123
0.111
0.158
0.134
0.171
0.160
0.160
0.167
0.154
0.138
0.129
0.124
0.150
0.167
0.158
0.151
0.112
0.154
0.169
0.125
0.168
0.159
0.128
0.157
0.125
0.144
0.121
0.152
0.153
0.122
0.157
0.155
0.137
0.134
0.163
0.140
0.180
0.135
0.191
0.149
0.140
0.169
0.136
0.134
0.182
0.163
0.166
0.166
0.147
0.158
0.162
0.144
0.180
0.141
0.127
0.129
0.175
0.143
0.138
0.122
0.177
0.153
0.161
0.176
0.185
0.191
0.143
0.163
0.150
0.156
0.142
0.170
0.111
0.139
0.193
0.172
0.157
0.199
0.166
0.159
0.177
0.167
0.141
0.123
0.139
0.143
0.202
0.177
0.162
0.138
0.152
0.168
0.195
0.158
0.186
0.187
0.162
0.158
0.159
0.163
0.164
0.143
0.142
0.126
0.163
0.106
0.161
0.146
0.171
0.141
0.155
0.121
0.150
0.151
0.178
0.159
0.171
0.144
0.164
0.148
0.155
0.199
0.142
0.150
0.154
0.171
0.145
0.141
0.168
0.188
0.169
0.183
0.163
0.133
0.169
0.183
0.160
0.176
0.144
0.177
0.165
0.170
0.125
0.148
0.195
0.145
0.143
0.160
0.153
0.207
0.119
0.202
0.129
0.163
0.160
0.171
0.176
0.179
0.158
0.136
0.172
0.183
0.182
0.214
0.164
0.139
0.178
0.116
0.148
0.154
0.165
0.135
0.170
0.142
0.147
0.146
0.123
0.186
0.166
0.165
0.164
0.181
0.177
0.182
0.179
0.147
0.124
0.170
0.172
0.148
0.157
0.202
0.160
0.164
0.166
0.164
0.181
0.161
0.162
0.154
0.161
0.167
0.144
0.178
0.162
0.160
0.140
0.165
0.155
0.139
0.154
0.161
0.167
0.125
0.147
0.149
0.157
0.137
0.132
0.181
0.160
0.160
0.155
0.146
0.116
0.185
0.156
0.141
0.157
0.201
0.146
0.172
0.189
0.132
0.136
0.179
0.156
0.157
0.164
0.163
0.159
0.160
0.142
0.137
0.201
0.146
0.154
0.173
0.144
0.142
0.172
0.137
0.158
0.147
0.162
0.154
0.141
0.171
0.177
0.157
0.134
0.135
0.153
0.171
0.184
0.153
0.166
0.147
0.161
0.155
0.181
0.157
0.187
0.184
