0.943
1.184
1.241
1.257
1.471
1.493
1.521
1.563
0.934
1.092
1.438
0.967
1.207
1.520
1.377
1.643
1.055
1.160
1.368
0.987
1.403
1.153
1.240
0.952
1.697
1.584
1.166
1.409
1.301
1.190
1.435
1.064
0.990
1.217
1.139
1.150
1.341
1.892
1.652
1.667
1.388
0.993
1.186
1.372
1.142
1.033
1.266
1.532
1.081
0.962
1.438
0.960
0.909
1.380
1.241
1.705
0.879
1.093
0.911
1.375
0.990
1.364
0.944
2.052
1.411
1.528
1.026
1.402
1.487
1.277
1.615
1.300
1.427
1.475
1.236
0.928
1.426
1.223
1.556
1.454
0.973
1.031
1.211
1.329
1.539
1.340
1.135
1.319
1.405
1.079
0.994
1.405
1.255
0.952
1.023
0.946
0.947
0.959
1.598
1.386
1.762
1.203
0.969
1.360
1.361
0.913
0.968
1.285
0.920
1.580
1.430
0.987
1.496
1.390
1.465
0.994
1.399
1.378
0.889
1.399
0.994
1.519
1.020
0.965
1.522
1.627
1.086
1.429
0.956
1.387
1.303
1.514
1.322
1.862
1.066
1.219
1.543
0.924
0.893
1.221
0.944
1.517
1.667
1.253
1.110
0.985
1.270
1.097
1.481
1.203
1.028
1.395
1.328
1.093
1.418
1.390
1.285
0.982
1.039
1.654
1.039
1.500
1.475
1.467
0.919
1.275
1.504
1.339
1.406
0.963
1.504
1.682
1.578
1.278
0.921
0.978
1.562
1.260
1.448
1.628
1.229
0.917
1.360
0.998
1.544
0.924
1.481
1.395
1.140
1.002
1.386
1.346
0.993
0.919
1.440
1.485
1.597
1.205
1.360
1.502
1.664
1.290
1.388
1.259
1.757
1.585
1.573
1.681
1.185
1.344
1.221
1.545
1.313
0.951
1.059
1.291
1.610
1.412
1.189
1.061
1.474
1.646
1.192
1.305
1.194
1.389
0.924
0.900
1.277
1.037
1.038
1.641
1.087
1.410
1.298
1.209
0.949
1.013
1.116
1.350
1.515
0.953
1.216
1.295
1.075
1.417
1.530
1.330
1.564
0.989
1.020
1.555
1.547
1.276
1.124
1.142
1.050
1.019
1.084
1.086
1.353
0.893
1.223
1.293
1.118
1.516
1.426
1.492
1.341
1.274
1.224
0.998
1.551
1.471
1.516
0.946
1.361
1.023
1.420
1.216
1.472
1.349
1.034
1.161
0.976
1.002
1.090
1.619
1.281
1.387
1.321
1.102
1.241
0.972
1.477
0.917
1.040
1.079
1.257
1.223
1.327
0.996
1.423
0.940
1.191
1.480
1.688
1.395
1.536
1.114
1.355
1.362
1.233
1.032
0.910
1.039
1.036
1.559
1.243
1.303
1.434
1.406
1.488
1.564
1.215
1.413
1.594
1.253
1.115
1.470
1.414
1.408
1.057
1.052
1.454
0.877
1.349
1.080
1.514
1.748
1.214
1.315
1.549
1.126
1.318
1.519
1.280
1.595
1.411
1.306
1.468
1.389
1.274
1.530
0.986
1.468
1.103
1.099
1.346
1.500
1.421
1.662
1.599
0.178
1.556
1.522
1.584
1.592
1.035
1.616
1.055
0.943
1.399
1.561
0.992
1.793
1.552
1.274
0.903
0.922
0.913
1.200
1.179
0.917
1.047
1.209
1.360
1.689
1.050
1.200
1.015
1.596
1.215
0.983
1.613
1.246
0.973
1.211
0.916
0.911
1.363
1.474
1.250
1.179
0.951
1.587
1.482
0.968
1.281
1.369
1.254
1.451
1.291
1.192
1.413
1.350
1.028
1.349
1.526
1.478
1.004
2.071
1.315
1.624
0.894
1.312
1.454
1.373
1.667
1.627
1.413
1.445
1.167
1.540
1.389
1.497
1.506
1.093
1.434
1.224
1.369
1.279
1.038
1.852
1.258
1.384
1.472
1.274
1.249
1.468
0.988
1.402
1.036
1.305
1.434
1.042
1.030
1.315
1.069
1.689
0.987
0.924
1.468
1.009
1.218
1.512
1.306
1.394
0.963
1.023
1.330
1.176
1.099
1.086
0.963
1.604
1.573
1.080
1.243
1.350
0.993
1.059
1.470
1.128
1.238
0.957
1.006
1.260
1.377
1.657
1.354
0.926
1.492
1.484
1.446
1.637
1.725
1.587
1.060
1.353
1.300
1.674
1.551
1.295
1.573
1.472
1.597
1.475
1.162
0.997
1.014
1.110
1.340
1.154
1.212
1.258
1.270
1.663
1.081
1.654
1.245
1.393
1.303
0.838
1.396
1.491
1.536
1.229
1.286
1.753
1.474
1.292
1.591
1.406
1.414
1.105
1.282
1.024
1.401
1.077
1.576
1.628
1.427
1.121
1.548
1.251
0.943
0.855
1.097
1.501
1.214
1.042
1.487
1.062
1.222
1.207
1.507
1.476
0.899
1.456
1.819
1.344
1.531
1.517
1.126
1.361
1.251
0.904
1.272
0.897
1.405
1.113
1.567
1.157
1.353
0.966
1.422
1.238
0.961
1.335
1.366
1.057
1.028
1.015
1.235
1.015
1.101
1.561
0.972
1.047
1.504
0.943
1.531
0.977
1.448
1.537
1.012
1.431
1.448
0.947
1.789
1.285
1.093
1.235
1.312
1.161
1.224
1.836
1.287
1.334
1.090
1.480
1.403
1.375
1.345
0.999
1.497
1.247
1.413
1.002
0.955
1.756
0.967
1.126
1.046
1.429
1.440
0.907
1.491
1.313
1.493
1.237
1.555
0.944
1.391
1.252
0.973
0.957
1.598
1.201
1.400
0.950
1.040
1.052
1.387
1.347
1.339
1.254
1.399
1.580
1.029
1.197
0.963
2.807
1.221
1.364
1.339
1.357
1.459
1.351
1.460
1.074
0.903
0.919
1.438
1.443
1.475
1.191
1.352
1.369
1.004
1.269
1.609
1.647
0.959
1.025
1.502
1.131
1.328
1.690
1.280
0.983
1.114
1.450
1.756
0.904
1.616
1.521
0.951
1.580
1.211
1.679
1.107
1.399
1.366
1.339
1.029
0.985
0.924
1.626
1.383
0.917
1.214
1.438
1.103
1.224
1.498
1.416
1.316
1.082
1.535
1.584
1.118
1.524
1.498
1.055
1.130
1.619
0.946
1.509
0.971
1.278
1.064
1.212
1.006
1.406
1.503
0.885
1.144
1.198
1.152
1.074
1.392
1.336
1.265
1.838
1.007
1.287
1.558
1.016
1.395
1.194
1.391
0.910
1.193
1.463
1.238
1.363
1.393
0.914
1.668
1.222
1.197
1.623
1.404
1.375
1.222
1.287
1.117
0.981
1.192
0.983
1.513
0.950
1.343
1.695
1.595
1.339
1.447
1.345
1.582
0.988
1.348
1.488
1.333
1.773
1.230
0.952
1.296
1.563
1.335
1.275
1.606
1.115
1.016
1.215
1.310
0.944
1.626
1.335
1.022
1.336
0.906
1.284
0.944
1.372
1.429
1.306
1.650
1.032
1.159
1.008
1.316
0.965
1.435
1.010
0.955
0.957
1.309
1.504
0.912
1.504
1.154
1.211
0.896
1.307
1.099
1.581
1.360
1.012
1.496
1.013
0.947
1.138
1.491
1.255
1.032
1.237
0.970
1.476
1.458
1.523
1.477
1.043
1.078
1.281
1.066
0.886
1.374
1.169
1.481
1.401
0.932
1.039
1.101
1.156
1.041
1.529
0.970
1.274
1.608
0.942
1.186
1.620
1.256
1.160
0.950
1.066
1.511
1.331
1.771
0.927
1.209
1.365
1.531
1.204
1.478
1.098
1.021
1.274
1.172
1.165
1.390
1.631
1.088
0.932
1.307
1.140
1.378
1.059
1.623
1.264
1.480
1.073
1.325
1.526
1.223
1.333
1.340
1.443
1.320
1.187
1.518
1.657
1.290
1.222
1.204
1.572
1.517
1.530
1.227
1.340
1.404
1.168
1.899
1.658
1.287
1.380
1.039
1.341
1.583
1.597
1.466
1.302
1.277
1.215
1.236
1.252
1.400
1.307
0.915
1.064
0.930
0.968
0.966
1.148
1.306
1.387
1.479
0.937
1.278
1.408
1.277
1.313
1.465
1.680
1.356
1.636
1.297
1.192
1.399
1.207
1.541
1.673
1.562
1.152
1.030
1.316
1.599
1.007
0.987
1.593
1.276
1.617
1.665
0.997
1.557
1.421
1.455
1.418
1.359
1.003
1.582
1.316
0.988
0.941
1.013
1.188
1.138
1.438
1.359
0.946
1.305
1.517
1.248
1.384
0.973
0.961
0.967
1.410
1.284
1.411
1.092
1.285
0.907
1.631
1.455
1.102
1.501
1.504
1.211
1.341
1.521
1.014
1.398
1.455
1.341
1.445
1.175
1.461
1.335
1.512
1.037
1.195
1.613
1.490
1.258
1.390
1.281
1.658
1.489
1.020
1.093
1.645
1.173
1.413
0.970
1.232
1.192
1.410
1.320
1.270
0.948
1.625
1.422
1.353
0.955
1.352
1.325
1.131
1.435
0.995
1.404
1.194
1.104
1.444
1.116
1.338
0.986
1.443
1.040
1.551
0.900
1.335
1.353
1.420
1.201
1.771
0.937
1.044
0.899
1.461
1.038
1.032
0.940
1.392
1.442
1.356
1.119
1.558
1.577
0.963
1.721
1.634
1.362
1.082
1.004
0.986
1.231
1.366
1.007
1.568
1.056
0.928
1.852
0.993
1.299
1.310
1.481
0.996
1.090
1.795
0.973
0.982
1.559
1.459
1.334
1.443
1.112
0.983
1.343
1.360
1.291
0.960
1.627
0.897
1.048
1.893
1.330
0.994
1.373
1.338
0.975
0.932
1.495
1.277
1.062
1.244
1.503
1.657
1.409
0.937
1.008
1.053
1.224
1.595
1.665
1.050
1.165
1.494
1.178
1.646
0.998
1.439
0.949
0.955
1.527
0.995
1.484
1.769
1.418
0.906
1.441
1.368
1.353
1.484
1.621
1.319
1.575
1.363
1.164
1.298
1.522
1.581
1.210
1.256
1.347
1.001
0.948
1.071
1.121
1.355
1.642
1.306
1.476
1.467
1.268
1.507
1.106
1.062
0.955
0.904
1.840
0.966
0.939
0.918
0.984
1.380
1.389
1.394
0.905
1.035
0.970
1.290
0.932
1.283
1.418
1.366
1.268
0.959
0.963
1.160
1.070
1.762
0.992
1.143
1.395
1.519
1.625
0.987
1.016
1.356
1.277
0.988
0.873
1.690
1.581
1.470
1.415
1.249
1.239
1.020
1.275
1.243
1.328
1.049
1.315
0.925
1.376
0.923
0.962
1.543
1.007
1.175
1.410
0.954
1.575
1.026
1.591
1.035
1.300
1.565
1.209
1.248
1.222
0.875
0.965
0.994
1.141
1.342
0.959
1.444
0.985
0.937
1.021
1.436
1.640
1.346
1.467
1.326
1.444
1.651
1.279
1.061
0.944
1.239
1.107
0.942
1.092
1.376
1.813
1.732
1.207
1.835
1.504
1.243
1.399
1.348
1.382
1.110
1.442
1.439
1.170
1.387
1.341
1.425
1.191
1.308
1.160
1.011
1.488
0.990
1.557
1.106
1.401
0.904
1.438
1.335
1.499
1.529
1.071
1.523
0.944
1.415
1.394
1.159
1.285
1.267
1.638
1.170
1.258
1.599
1.257
1.378
0.884
1.284
1.503
1.233
1.418
1.104
1.245
0.987
1.245
1.227
1.017
1.250
1.408
1.258
0.911
1.417
1.335
0.946
1.585
1.065
1.569
0.971
1.179
1.059
1.459
1.269
1.554
1.243
0.974
1.377
0.984
1.254
0.954
1.026
1.310
0.957
1.510
1.222
0.946
1.352
1.094
1.042
0.948
0.892
1.410
0.923
0.950
1.315
1.321
1.464
1.170
1.373
1.043
0.943
1.263
1.424
1.136
1.514
1.003
1.229
1.161
1.432
1.299
1.492
1.689
0.983
0.949
1.397
1.301
1.424
1.469
1.654
0.990
1.303
0.988
1.433
1.029
0.953
1.192
1.116
1.166
1.228
1.206
1.233
1.266
1.328
1.013
1.485
1.209
1.046
1.413
0.992
1.489
1.299
1.032
0.894
1.097
1.293
1.306
1.525
1.257
0.898
1.461
1.432
1.330
1.237
1.741
1.391
1.439
1.085
0.969
1.062
1.519
0.952
0.888
1.461
1.489
1.127
0.941
1.413
1.228
1.263
1.480
1.698
1.371
1.489
1.151
1.115
1.193
1.317
1.179
1.013
1.636
1.376
1.000
1.381
1.000
1.136
1.552
1.581
1.323
1.328
1.524
0.870
1.334
1.420
1.048
1.238
1.146
1.588
0.937
1.311
0.938
0.949
1.182
0.873
1.402
1.401
0.883
0.939
1.415
0.899
0.948
1.457
1.157
1.575
1.492
1.464
1.343
0.954
1.558
1.367
0.898
1.041
1.664
1.198
1.472
1.328
1.081
0.891
1.085
1.536
1.240
1.081
0.885
1.540
1.203
0.904
1.335
0.943
0.891
1.013
0.953
1.654
1.008
0.939
1.243
1.329
1.102
1.430
1.166
1.007
1.487
1.226
1.492
1.313
1.206
1.012
1.388
1.291
1.032
1.400
0.996
1.193
1.248
1.359
1.085
1.068
0.916
0.945
1.123
0.952
1.274
1.313
1.552
1.450
1.064
1.629
0.931
1.478
0.981
0.892
1.087
0.982
1.225
1.425
0.920
1.507
1.232
0.993
1.243
0.918
1.082
1.422
1.671
1.688
1.501
1.349
1.528
1.489
0.959
1.522
0.874
0.938
1.206
1.021
1.347
1.254
1.705
1.745
1.438
1.214
0.940
1.533
1.294
1.570
1.156
1.069
1.277
1.548
1.308
1.214
1.367
1.375
0.964
1.322
1.348
1.544
1.000
0.897
1.279
1.157
1.011
1.084
1.731
0.997
0.864
1.340
1.434
1.223
0.964
0.971
1.451
1.044
1.194
0.983
1.270
1.420
1.296
1.445
1.004
1.224
1.192
1.434
1.034
1.449
1.002
1.502
0.958
1.515
1.645
1.182
1.378
0.984
1.497
1.524
1.415
0.984
1.593
1.491
1.637
1.109
1.729
1.701
1.066
1.386
1.547
1.577
1.215
1.352
1.406
1.080
1.623
1.553
1.168
1.055
1.239
1.421
1.266
1.225
1.131
1.712
1.076
1.233
1.218
1.178
0.960
1.001
1.410
1.213
1.380
1.250
1.459
1.130
1.366
0.994
1.296
1.459
1.043
0.988
1.435
1.385
1.477
1.322
1.340
1.000
0.961
1.308
1.438
1.484
1.037
1.833
0.936
1.019
1.167
1.351
1.502
1.133
1.156
1.332
1.219
1.495
1.608
1.199
1.251
1.129
0.951
1.261
1.412
1.141
1.219
1.358
1.320
1.161
0.902
1.091
1.135
0.930
1.525
1.676
1.463
1.381
1.211
1.058
1.304
0.983
1.360
0.926
1.285
0.972
0.938
1.067
1.080
1.274
0.989
1.362
1.363
1.445
0.984
1.313
0.961
1.266
0.909
1.241
1.440
0.937
1.411
1.415
1.434
1.281
1.355
1.006
1.265
1.524
1.361
1.512
1.092
1.315
1.456
0.879
1.562
0.974
1.406
1.185
1.167
1.508
0.913
1.466
1.300
1.213
1.341
1.527
1.470
1.440
1.233
1.157
1.283
1.350
1.287
1.371
1.369
0.911
1.312
0.944
1.023
0.976
1.320
1.218
1.308
1.062
1.179
0.988
1.337
1.540
1.110
1.573
1.234
1.439
1.410
1.499
1.097
1.033
0.876
1.395
1.233
0.989
1.007
1.147
1.200
1.341
1.235
1.244
0.932
1.454
1.294
0.959
1.179
0.928
1.298
1.065
1.361
1.195
1.073
1.508
1.275
1.355
1.282
1.376
0.968
1.406
1.575
1.345
1.420
1.852
0.909
1.084
1.263
1.184
1.134
1.242
1.361
1.343
1.048
0.911
1.037
1.258
1.120
0.918
1.573
1.347
1.021
0.945
1.327
1.093
1.294
1.063
0.977
0.960
1.456
1.284
1.178
1.248
0.997
0.952
1.450
1.121
0.913
1.396
0.933
1.365
1.394
1.371
1.286
1.274
0.957
1.243
1.326
1.071
1.610
0.977
1.594
1.539
1.187
1.386
1.383
1.289
0.908
0.904
1.573
1.379
0.914
1.315
1.671
1.363
1.108
0.088
0.931
1.481
1.412
1.133
0.998
0.927
0.878
0.965
1.508
1.169
1.243
0.973
1.420
1.092
1.124
1.193
1.260
1.081
1.394
1.776
1.443
0.963
1.582
1.031
1.166
0.953
1.146
1.388
1.310
1.255
1.423
0.899
0.971
1.019
1.210
1.176
1.363
1.215
1.233
1.724
1.249
0.954
0.973
1.050
0.946
1.391
0.930
1.336
1.148
1.014
1.209
1.250
1.421
1.297
1.319
1.081
0.923
1.345
1.382
0.962
1.312
0.921
1.358
1.545
0.980
1.256
0.969
1.175
1.396
1.342
1.555
1.107
0.932
1.201
1.612
1.060
0.978
1.512
1.189
1.095
0.944
1.052
1.122
1.132
1.305
1.513
1.472
1.419
0.976
1.391
0.953
1.245
1.210
1.150
1.272
1.235
1.252
1.178
1.435
1.484
1.464
1.621
0.881
1.462
1.380
1.469
1.870
1.304
1.061
1.258
1.259
1.532
1.432
1.240
0.865
1.049
1.586
1.002
1.519
1.443
1.441
1.544
1.258
1.448
1.393
1.605
1.317
1.367
0.993
1.192
1.549
0.942
1.232
1.033
1.284
0.992
1.275
1.261
0.981
0.919
1.215
1.342
0.919
1.221
1.047
0.921
1.335
1.358
0.876
1.484
1.256
0.985
1.324
1.259
1.339
1.060
1.250
1.511
1.525
1.153
1.239
1.375
0.909
1.444
1.478
1.108
1.638
1.418
1.446
1.277
1.541
1.527
1.351
1.364
1.311
1.186
1.335
1.270
1.652
1.032
1.008
1.373
1.309
1.617
1.501
1.392
1.219
1.637
1.253
1.486
1.460
0.936
1.163
0.979
1.587
1.458
1.244
1.459
1.396
1.399
1.587
1.206
1.322
1.320
1.370
1.359
1.599
1.015
1.350
1.337
1.506
1.381
1.535
1.190
1.109
1.491
1.045
0.984
1.197
1.270
1.458
1.309
1.008
1.202
1.395
0.958
1.348
1.330
1.372
1.271
1.530
0.917
1.071
1.273
1.114
0.964
1.200
1.011
1.253
1.295
1.249
0.968
1.150
1.002
1.473
0.869
1.282
0.977
1.189
1.473
1.397
1.443
1.093
1.067
1.027
1.505
1.192
1.181
0.957
1.014
1.365
1.406
1.515
0.994
1.354
0.995
1.119
1.363
1.019
1.231
1.119
1.198
1.050
1.289
1.346
1.056
1.571
1.534
1.426
1.559
1.283
1.134
1.151
1.376
1.096
1.698
0.990
1.024
1.307
1.990
1.022
1.267
1.267
0.945
0.980
1.474
1.212
1.361
0.954
0.999
1.542
0.914
1.362
1.022
0.903
1.021
1.320
1.297
0.932
1.330
1.016
1.639
1.313
1.396
1.065
1.375
0.960
1.131
0.978
1.380
1.225
1.264
1.429
1.781
1.160
1.330
1.432
1.245
0.972
0.979
1.310
0.966
1.392
1.295
1.352
1.130
1.410
1.499
0.938
0.935
1.642
1.416
1.468
1.505
1.284
1.124
1.731
1.008
1.144
1.436
1.434
1.280
1.374
1.237
1.081
1.541
1.008
0.961
1.318
1.155
1.020
0.893
0.887
1.134
1.489
1.549
1.403
1.523
0.966
0.912
0.938
0.944
1.090
1.386
1.103
0.984
1.493
1.607
1.100
1.132
1.762
0.905
1.500
1.383
1.069
1.476
0.958
1.200
1.692
1.304
1.405
1.240
0.984
1.315
1.363
1.118
0.873
1.092
1.178
1.654
0.949
1.005
1.198
1.281
1.412
1.583
1.011
1.208
1.374
1.519
1.545
1.230
1.172
1.533
1.391
1.512
1.300
1.598
1.338
1.061
0.941
1.120
0.995
1.268
0.998
1.137
0.910
1.466
0.980
1.385
0.903
1.526
1.112
0.946
1.027
1.022
1.425
1.342
1.291
1.367
1.284
1.377
1.186
0.975
1.310
1.424
1.008
1.853
1.501
0.919
1.089
0.973
1.256
1.187
1.184
0.942
1.434
1.757
1.457
1.212
0.905
1.359
1.238
1.277
1.039
0.923
1.003
1.464
1.275
1.196
0.918
1.761
0.932
1.061
1.291
1.556
1.422
1.312
1.214
1.379
1.167
1.191
0.916
1.268
0.918
1.481
1.268
1.383
1.317
0.932
1.053
1.452
0.984
1.355
0.964
1.364
1.592
1.431
0.921
1.511
1.016
1.294
1.281
0.898
0.959
1.379
1.437
1.623
0.981
1.102
1.389
1.403
1.233
1.425
1.229
0.951
0.929
1.328
1.328
1.007
1.310
1.348
1.437
1.346
1.099
1.119
1.128
1.179
0.926
1.369
1.466
1.295
1.535
1.319
0.956
1.194
1.216
0.031
1.307
1.341
1.118
1.010
1.065
0.996
1.325
1.371
0.988
1.075
1.095
0.883
1.338
1.322
1.454
1.670
1.490
1.191
1.451
1.038
0.929
1.110
1.172
1.254
1.219
1.533
1.632
0.931
1.346
1.605
0.931
1.434
0.977
1.075
1.454
1.260
1.444
1.187
1.201
1.207
1.264
0.996
1.334
1.200
0.948
1.419
1.329
0.989
1.291
1.170
0.879
1.517
1.300
1.374
1.144
1.257
1.833
1.382
1.305
1.531
1.579
0.931
0.907
1.155
1.359
0.973
1.361
1.183
1.128
1.537
0.983
1.116
0.986
1.437
1.081
1.576
1.372
1.414
1.583
0.892
1.130
1.264
1.016
1.234
0.990
1.381
0.809
1.026
1.565
1.394
1.042
0.992
1.356
1.373
1.168
0.974
1.432
1.050
1.382
0.889
1.547
1.125
1.372
0.989
0.970
1.349
1.106
1.400
1.549
1.273
1.591
1.426
0.923
0.960
0.992
1.262
1.258
1.017
1.569
1.268
1.216
1.128
0.996
0.941
1.275
1.386
1.276
1.360
0.970
1.433
0.986
1.283
0.943
1.379
1.132
1.009
1.605
1.339
1.186
0.952
1.302
1.460
1.374
0.958
1.506
1.542
1.374
1.452
1.682
0.928
0.930
1.546
1.496
1.473
1.243
1.362
1.375
1.408
1.368
1.411
1.151
1.407
1.069
1.357
1.187
0.956
1.544
1.440
1.521
1.389
1.202
1.337
1.005
1.189
1.192
1.438
1.015
0.864
1.334
1.483
1.507
0.885
0.919
1.433
1.276
1.267
1.375
1.363
0.927
1.257
1.478
0.983
1.202
1.006
1.299
1.137
1.240
1.217
1.601
1.184
1.609
1.262
0.904
1.549
1.413
1.216
0.871
1.341
0.921
1.485
1.437
1.161
1.411
1.392
1.297
1.068
0.890
1.610
1.214
1.270
0.973
1.297
1.616
1.549
1.145
1.459
0.949
1.383
1.379
1.310
0.908
1.138
1.160
1.568
1.225
1.418
0.945
0.974
1.560
0.994
1.599
1.042
1.421
0.992
1.017
1.006
1.202
1.306
1.315
1.521
0.917
1.377
0.959
1.260
0.988
1.338
1.548
0.932
0.935
0.854
1.267
0.927
1.005
1.849
1.081
1.237
0.994
0.984
1.448
1.261
1.686
1.607
0.915
1.289
1.446
0.985
0.938
1.322
1.538
1.318
1.395
1.062
0.992
1.539
1.214
0.901
0.943
1.488
0.915
1.337
1.482
1.099
1.343
0.915
0.879
1.171
1.429
1.195
1.467
0.975
1.126
1.318
1.494
1.012
1.355
1.014
1.206
1.551
1.195
0.988
1.408
0.958
1.461
1.308
1.541
1.518
1.203
1.467
1.532
1.275
1.398
1.179
0.951
1.572
1.490
1.222
1.285
1.461
0.924
1.292
1.010
1.290
1.522
1.236
1.460
0.972
0.995
1.272
1.368
0.957
1.517
0.928
0.928
0.975
0.916
1.591
1.377
1.156
1.434
1.097
1.382
1.412
1.758
0.941
0.979
1.244
1.251
1.060
0.926
1.526
1.000
1.243
1.277
1.418
1.054
1.272
1.274
0.909
1.352
1.186
1.601
0.997
1.363
1.199
1.323
1.428
1.271
1.131
1.031
1.267
1.522
1.547
1.613
1.134
1.339
0.905
0.977
0.934
0.976
0.932
1.283
1.373
1.447
1.680
1.206
1.290
0.931
1.187
1.224
1.128
1.369
0.950
1.385
0.855
0.931
0.950
0.986
1.071
1.512
1.361
0.969
1.302
0.945
1.357
1.518
1.437
1.072
0.887
1.499
1.547
1.178
1.641
1.258
1.379
1.286
1.326
1.374
1.012
1.204
0.977
1.735
1.133
1.346
1.447
0.939
1.057
1.246
1.103
1.095
1.130
1.329
1.312
1.184
0.985
0.983
1.058
1.216
1.381
1.369
1.026
1.374
1.254
1.068
0.959
1.466
0.878
1.509
1.369
1.652
1.426
1.137
0.950
1.671
0.993
0.941
1.430
1.380
1.471
1.127
1.476
1.261
0.874
1.162
1.023
1.258
1.474
1.264
1.518
0.921
1.387
1.144
1.474
1.360
1.283
1.051
1.194
0.920
0.932
1.305
0.923
0.899
0.933
1.501
0.938
0.956
0.937
1.479
1.587
1.087
1.067
1.354
0.878
1.415
1.467
1.021
1.212
1.483
1.202
1.377
1.020
1.091
0.972
1.528
1.278
1.606
0.999
1.336
1.256
0.917
0.983
1.002
1.130
1.300
1.020
1.340
1.341
1.356
1.121
1.412
1.022
0.977
1.333
1.346
1.076
1.390
1.172
1.206
1.402
1.803
0.995
1.346
1.083
1.416
1.377
1.159
1.391
1.350
1.348
0.918
1.368
1.124
1.715
0.937
1.221
1.204
0.947
1.523
1.067
1.382
1.306
1.472
1.192
1.358
1.061
0.912
0.935
0.980
1.445
1.467
1.265
0.834
0.975
1.326
1.534
0.911
0.899
1.357
1.361
0.911
1.367
1.376
0.957
0.925
1.028
1.056
1.311
1.264
1.212
1.378
1.342
1.053
0.952
1.073
0.954
1.106
1.287
1.393
1.450
1.238
1.040
1.257
0.945
1.643
1.379
1.302
1.411
1.545
0.967
1.054
1.447
0.934
1.407
1.254
1.798
0.900
1.017
1.229
0.978
0.937
1.161
0.951
1.290
0.879
1.475
1.051
1.220
1.017
1.432
1.173
0.964
0.900
1.250
1.391
1.037
1.552
1.113
1.184
1.531
1.393
1.039
1.223
1.370
1.424
1.280
1.337
1.194
1.297
0.959
1.628
1.667
1.269
0.803
1.186
1.493
0.896
1.392
1.499
1.227
0.953
1.279
1.171
1.147
1.749
0.968
1.398
1.180
0.992
1.395
1.660
1.556
1.429
1.488
0.952
1.437
1.487
1.046
1.255
1.264
1.285
1.519
1.151
1.147
1.334
1.335
1.122
1.498
1.162
1.250
1.397
1.338
1.275
0.878
1.327
1.308
1.376
1.470
0.943
1.413
0.875
1.227
0.884
1.055
0.911
1.164
1.395
1.396
1.685
1.537
1.439
1.437
1.475
1.152
0.879
1.206
0.890
1.483
1.424
1.549
1.051
1.012
1.366
1.558
1.241
1.107
1.413
0.918
1.494
1.367
0.982
1.253
0.886
0.970
1.375
0.890
1.474
0.977
1.376
1.254
1.396
1.367
1.268
0.904
0.948
0.998
0.856
1.287
1.176
1.245
1.111
1.269
1.054
1.341
1.235
1.288
1.587
0.897
1.375
1.373
1.386
1.373
1.307
1.459
1.235
1.217
1.245
1.505
1.429
1.432
1.141
1.226
1.348
0.949
0.979
0.940
0.969
0.961
0.847
0.920
1.120
1.354
1.461
1.391
1.719
1.333
0.864
1.234
1.087
1.167
1.395
1.126
1.346
1.361
1.645
1.221
1.035
1.371
0.897
1.029
1.285
1.261
0.908
1.410
1.271
1.058
1.000
1.556
0.961
1.170
0.885
0.923
0.933
1.373
1.481
1.427
0.925
1.161
1.126
1.315
1.466
1.614
1.511
1.158
1.417
1.499
1.001
1.252
1.017
1.481
1.206
1.178
1.491
1.002
0.915
1.413
0.994
1.382
1.355
1.178
0.990
1.036
1.336
1.498
1.225
1.506
1.439
1.222
1.323
1.336
1.252
1.240
1.098
1.345
1.254
1.221
0.938
1.479
1.328
1.336
0.970
1.270
1.039
1.302
1.162
1.002
0.920
1.241
1.654
0.969
0.904
1.534
0.910
0.961
1.166
1.388
1.210
1.412
1.068
1.141
1.392
1.285
1.532
0.935
0.889
1.239
0.995
1.206
1.357
1.424
0.924
1.298
1.366
1.120
1.549
1.366
1.319
1.423
1.115
1.513
1.559
1.217
0.926
0.975
0.956
1.382
1.182
1.275
1.536
1.480
1.499
0.936
0.919
1.391
1.379
1.141
1.119
1.182
1.685
1.347
0.878
0.895
1.280
1.059
1.612
0.901
1.300
0.902
1.345
1.667
1.860
0.972
1.185
1.631
0.849
0.911
1.163
1.730
1.536
1.518
0.960
1.052
1.520
0.883
1.237
1.152
1.365
1.393
1.387
1.362
1.374
1.214
0.906
0.833
1.338
1.126
1.381
0.907
0.889
1.548
1.221
1.311
1.458
1.053
1.279
1.385
1.475
1.426
1.003
1.339
1.590
1.160
1.017
0.998
1.147
1.318
1.240
0.939
1.329
1.339
1.246
1.146
1.363
1.269
1.274
1.228
1.259
1.397
1.515
1.048
1.415
1.213
0.973
0.968
1.513
0.945
0.896
1.161
1.198
1.658
1.478
1.670
0.977
0.882
1.376
1.242
1.261
1.287
1.392
0.949
0.906
1.563
1.038
1.231
1.243
1.235
1.182
1.336
1.386
1.378
1.524
1.274
1.020
1.486
1.238
1.476
1.283
1.210
1.153
1.084
1.138
1.087
1.740
0.973
1.490
1.392
1.514
1.229
1.094
1.207
1.043
1.464
0.887
1.010
1.071
1.471
1.146
1.542
1.231
1.188
1.343
1.123
1.541
0.942
0.912
1.448
1.342
1.021
1.372
1.245
1.482
1.229
1.019
1.303
1.199
1.158
1.236
1.314
1.438
1.387
1.338
1.036
1.417
1.293
1.493
1.301
1.644
1.597
0.946
1.384
0.897
0.992
1.067
1.349
1.504
0.984
1.139
0.957
1.194
1.249
1.045
1.704
1.638
1.217
1.401
0.913
1.362
1.005
1.424
1.002
1.128
1.335
1.690
1.398
0.971
0.974
1.211
1.367
1.357
0.965
1.470
1.443
1.498
1.425
1.073
0.944
1.388
1.213
0.976
1.297
0.900
0.974
1.162
1.337
1.071
0.949
1.019
0.975
0.969
1.229
1.010
1.398
1.348
1.212
0.889
1.492
0.970
1.332
1.191
0.982
0.911
1.016
1.358
1.269
1.317
1.428
1.337
1.368
1.416
1.116
1.218
1.052
1.220
1.089
1.301
1.309
1.391
1.388
0.932
0.873
1.088
1.191
1.776
0.983
1.327
1.340
1.650
1.381
1.328
1.255
1.031
1.217
0.990
1.275
1.286
1.139
1.440
1.244
1.291
1.088
1.351
1.094
1.504
1.410
0.911
1.202
1.078
0.934
1.215
1.219
1.202
1.536
0.909
0.946
0.882
1.583
0.997
1.433
1.042
0.873
1.341
1.618
1.403
1.344
0.973
1.404
1.617
1.004
1.409
1.526
1.274
1.617
0.997
1.333
1.248
0.853
1.148
1.199
1.313
0.986
1.552
0.952
1.027
1.102
1.121
1.419
1.391
1.238
0.849
0.961
1.200
1.328
1.315
1.471
0.902
1.261
1.479
1.266
1.041
1.094
0.918
0.893
1.289
1.549
1.091
1.141
0.895
0.887
1.265
1.234
1.561
0.926
1.373
0.858
1.533
1.652
0.886
1.413
0.976
1.029
1.010
1.318
1.313
1.285
1.144
1.432
1.355
1.200
1.365
1.576
1.009
1.194
0.930
1.122
1.336
1.066
0.952
1.473
1.412
1.043
1.499
0.899
1.098
0.962
1.172
1.072
1.437
1.360
1.588
1.392
1.493
1.015
1.213
1.727
1.128
0.891
1.467
1.450
0.955
1.347
1.612
1.306
1.556
1.181
1.315
1.400
1.215
1.355
1.486
1.172
0.888
1.106
1.419
1.049
0.937
0.930
1.380
0.901
1.522
1.451
0.889
1.266
1.195
1.481
1.440
0.903
1.189
1.086
0.884
1.207
1.166
1.422
1.515
1.325
1.483
1.244
1.561
1.378
1.489
1.262
1.226
1.218
1.337
1.185
1.001
1.227
1.468
1.390
0.963
1.395
1.130
1.205
1.388
1.170
1.031
1.325
1.310
1.014
0.972
1.115
1.505
1.216
1.496
1.176
1.032
1.453
1.379
1.068
0.975
0.945
1.012
1.208
1.214
1.209
1.378
1.352
1.217
0.926
1.083
0.945
1.053
1.327
1.414
1.474
1.279
1.466
1.270
1.245
1.529
1.348
1.599
1.493
1.422
0.951
0.903
1.026
1.169
0.980
1.366
1.067
1.228
1.511
1.244
1.009
1.012
1.058
1.222
1.372
1.334
0.946
1.222
1.123
0.870
1.362
1.488
1.542
1.448
1.303
1.475
1.010
1.768
0.862
1.385
1.129
1.450
0.980
1.565
1.390
1.303
0.954
1.337
0.885
1.409
1.305
1.325
1.211
1.295
1.156
1.525
0.856
1.435
1.180
1.487
1.237
1.009
1.192
0.970
1.551
1.458
1.342
1.189
1.011
1.456
1.632
1.115
1.291
0.999
1.083
1.440
1.539
1.489
1.210
1.110
1.383
1.452
1.062
1.305
0.906
1.325
1.273
1.292
0.982
1.034
0.873
1.157
1.214
1.078
1.445
1.561
1.267
1.447
1.316
1.476
1.024
0.940
1.188
1.393
0.933
1.616
0.920
1.057
1.235
1.035
1.307
1.364
1.684
1.279
1.577
1.462
0.870
1.488
1.229
0.985
1.198
1.290
1.559
1.464
1.377
1.417
1.153
1.122
1.460
1.402
1.235
0.857
1.218
1.001
0.977
1.274
1.663
1.559
1.404
0.868
1.453
1.313
1.089
0.936
1.391
1.228
1.285
1.442
1.348
1.001
1.456
1.387
0.895
1.064
1.419
1.487
0.999
1.396
0.826
0.931
1.052
1.315
1.186
0.877
0.959
1.373
1.455
0.951
1.331
0.959
1.258
0.940
0.945
0.956
1.079
0.932
1.363
1.211
1.423
1.351
1.391
1.197
0.923
1.679
1.183
0.967
1.298
1.443
1.333
1.199
0.876
1.143
1.138
1.247
0.928
1.015
1.496
1.223
1.023
1.367
1.412
1.418
1.362
1.168
0.923
1.022
1.353
0.913
1.261
1.292
1.154
1.305
0.953
1.504
0.947
1.259
0.935
1.702
1.087
1.028
0.967
1.268
1.531
1.152
0.994
1.559
1.167
1.499
1.468
0.971
1.331
1.518
1.309
1.547
1.037
1.488
1.376
1.443
0.939
1.221
1.432
1.555
1.231
1.192
0.960
1.462
1.326
1.371
1.342
1.285
0.842
1.508
1.085
1.182
1.418
0.974
1.111
1.305
1.366
1.500
1.475
1.449
1.598
1.367
1.246
0.970
0.885
1.235
1.437
1.192
0.935
1.436
1.040
1.279
1.594
1.053
0.913
1.178
1.398
1.485
1.138
0.964
1.188
1.300
1.320
0.944
1.525
1.413
1.384
1.265
0.951
1.200
1.236
1.034
1.543
0.954
1.319
1.407
1.328
1.566
1.319
1.247
1.426
1.519
1.582
1.055
1.616
1.834
1.596
1.489
1.282
1.149
1.107
0.937
0.871
0.910
1.568
0.895
0.955
1.025
0.938
1.359
1.359
0.916
1.084
1.300
0.951
1.293
1.025
1.702
0.951
1.361
1.026
1.535
1.188
1.032
1.430
1.577
0.990
1.141
1.438
0.985
1.022
1.061
1.028
0.943
1.511
1.829
1.247
1.195
1.255
1.368
1.165
1.143
1.489
1.234
1.295
1.501
1.330
1.565
0.874
1.152
1.246
1.447
1.301
0.974
1.047
0.852
1.041
1.166
0.969
1.040
1.370
1.475
1.175
1.108
1.492
1.492
1.350
1.454
1.104
1.503
0.039
0.942
1.439
1.130
1.655
1.180
1.259
0.893
1.291
1.348
1.263
1.263
0.891
1.182
0.878
1.380
1.220
1.181
1.250
1.296
1.865
1.379
1.578
1.443
1.006
1.467
0.890
1.011
1.106
0.960
0.988
1.714
1.376
0.939
1.494
1.278
1.232
0.945
0.943
1.681
1.379
1.098
1.235
1.231
0.994
0.920
1.336
1.381
1.232
1.368
0.972
0.903
1.484
0.913
1.121
0.935
0.992
1.195
1.661
1.194
1.474
1.388
0.924
0.872
1.379
1.382
1.318
1.402
1.357
1.173
1.387
1.235
1.521
1.529
1.131
1.419
0.953
1.259
0.953
1.690
0.980
1.176
0.910
1.373
1.457
1.473
1.102
1.072
1.117
1.638
1.234
1.550
1.577
1.240
1.443
0.987
0.932
1.644
0.915
1.415
1.239
1.579
1.554
1.409
1.222
1.407
1.463
1.007
1.348
1.335
1.513
1.321
1.515
0.890
0.966
1.039
0.953
1.360
1.006
0.991
1.686
0.845
0.913
0.952
1.483
1.495
1.313
1.001
1.225
1.001
1.369
1.298
0.856
1.348
1.217
1.221
1.367
1.246
1.421
0.970
1.169
0.993
1.415
0.914
1.174
0.997
0.948
1.407
0.992
1.019
1.582
0.933
1.452
1.197
0.932
1.482
1.510
1.194
1.355
1.087
1.092
1.330
1.425
1.117
0.742
1.352
1.124
1.000
1.233
1.718
0.925
1.149
1.599
1.016
1.103
1.414
0.935
1.391
1.618
0.904
1.265
1.234
1.407
1.390
1.276
1.070
0.913
1.149
1.862
1.542
1.471
1.448
1.212
1.381
1.046
1.305
1.090
1.270
1.337
1.293
1.003
1.575
1.359
0.943
1.581
1.211
0.926
1.557
1.155
1.059
1.309
1.573
1.149
1.034
0.806
1.275
1.238
1.634
1.294
1.263
0.979
1.020
1.062
1.321
1.163
1.086
1.363
1.505
0.970
1.539
1.054
1.361
1.222
1.284
0.957
1.580
1.412
1.140
1.277
1.278
1.426
1.261
1.423
1.286
1.002
1.395
1.359
1.407
1.212
1.400
1.221
1.526
0.946
1.007
1.061
1.076
1.278
1.204
1.428
1.314
1.238
1.035
1.114
1.405
1.086
1.428
1.572
1.301
1.010
1.096
1.470
0.906
1.160
1.379
1.522
1.401
1.616
1.273
0.947
1.287
1.281
1.296
1.260
1.247
1.206
1.417
1.337
1.343
1.193
1.065
1.269
0.914
1.315
1.405
0.964
1.342
0.916
0.905
1.295
1.642
1.310
0.912
1.292
0.890
1.399
0.980
1.240
0.863
1.062
1.391
1.049
1.318
1.491
1.580
1.160
1.489
1.538
1.007
1.326
1.515
1.085
1.259
1.181
1.403
1.196
1.255
1.533
1.153
1.533
1.175
1.097
0.945
1.054
1.230
1.006
1.457
1.141
1.364
1.329
1.620
0.971
1.298
1.314
0.987
1.359
0.938
1.117
1.105
1.253
1.372
1.034
0.901
0.844
0.985
1.335
0.897
0.885
1.578
1.105
0.983
1.288
1.325
1.255
1.237
0.993
1.479
1.152
1.265
1.027
1.378
1.312
1.179
1.309
1.537
1.511
1.334
1.398
1.225
1.258
1.302
1.439
1.476
1.346
1.096
1.015
1.395
0.969
0.882
1.155
1.169
0.870
1.502
1.437
1.084
1.256
1.270
0.907
1.247
0.877
0.997
1.264
1.117
0.992
0.936
1.488
1.002
0.903
1.816
1.262
1.426
1.007
0.945
1.359
1.184
1.175
1.258
1.175
1.376
1.144
1.148
1.745
1.008
1.266
1.309
1.251
1.209
1.308
0.886
1.233
1.414
1.421
1.352
1.573
1.140
1.333
1.391
1.420
0.934
1.299
0.983
1.190
1.021
0.877
0.997
1.612
1.179
1.584
0.921
1.016
0.982
1.439
1.463
1.017
1.546
1.282
1.409
1.402
1.401
0.087
1.406
1.566
1.284
0.877
1.429
0.902
0.954
0.963
1.374
1.787
1.246
1.279
1.256
1.217
1.270
1.130
1.072
1.105
1.022
1.500
1.377
0.908
1.093
1.549
1.347
0.970
1.184
1.635
1.351
0.918
1.241
1.590
1.477
1.353
0.989
1.340
1.374
1.338
1.400
1.438
1.220
1.145
1.136
1.325
1.282
1.174
1.347
1.172
1.203
1.503
1.204
1.008
0.913
0.939
1.213
1.513
1.015
0.897
1.415
0.938
0.907
0.944
1.076
1.166
1.294
1.544
1.328
1.471
1.298
1.454
1.513
1.606
1.545
1.060
1.401
1.246
0.874
1.442
0.885
1.058
1.150
1.347
1.360
1.257
1.342
0.935
1.144
1.441
0.930
1.234
1.202
1.405
1.257
1.022
1.011
1.402
1.520
1.221
1.072
1.008
1.209
1.121
1.339
0.918
1.417
0.847
1.297
1.006
0.923
1.256
0.898
1.542
0.898
1.387
1.302
1.412
1.243
1.151
1.450
1.434
0.889
1.479
1.022
1.313
1.457
0.903
0.999
1.405
1.211
1.264
1.185
1.300
1.205
1.401
1.278
1.058
1.540
1.149
0.949
1.467
1.420
1.672
1.163
0.966
1.300
1.224
1.121
1.349
1.351
1.295
1.253
0.855
1.560
1.292
0.982
0.935
1.242
1.369
0.899
1.337
0.976
1.475
1.275
1.422
0.868
1.292
1.275
1.284
1.291
0.973
1.183
1.000
1.304
1.256
0.916
1.109
1.592
0.895
1.372
1.228
1.467
0.878
1.270
1.422
1.274
0.885
1.281
0.904
1.600
1.207
0.907
1.275
0.949
1.720
1.552
1.466
0.974
1.265
1.436
1.067
0.908
1.247
1.248
1.034
1.579
1.507
1.278
1.281
1.095
1.350
1.421
1.329
0.977
1.241
0.902
1.209
1.498
1.288
1.371
1.055
0.926
0.934
1.465
1.001
1.295
1.672
1.014
1.360
1.340
1.419
1.460
1.607
1.459
0.980
1.535
1.271
1.506
1.401
1.083
1.217
1.059
1.205
1.230
1.146
1.044
1.523
1.458
1.297
1.371
0.923
1.643
1.425
1.574
1.436
0.967
0.985
1.011
1.608
1.087
1.350
1.510
0.919
1.578
0.868
1.147
0.913
1.502
0.949
1.311
0.904
0.884
1.080
1.531
1.371
1.481
1.255
0.893
1.257
1.416
1.378
1.414
1.024
1.304
0.928
1.519
1.140
1.340
1.528
1.196
1.316
1.383
0.869
1.562
1.538
1.436
1.413
0.900
1.371
1.397
1.182
1.070
1.175
1.257
0.933
1.292
1.249
1.554
1.028
1.233
1.035
0.916
1.506
1.392
1.367
1.388
1.347
1.262
1.597
1.427
1.325
1.367
1.271
1.251
0.947
0.975
1.512
1.234
1.132
1.129
0.860
0.915
1.577
1.337
1.045
1.567
1.083
1.239
1.150
1.000
1.128
1.551
1.241
1.234
1.555
1.060
1.281
1.744
1.298
0.962
0.960
0.874
1.219
1.351
1.323
1.124
1.199
1.235
1.583
1.371
1.490
0.880
0.934
1.048
1.170
0.878
0.943
0.936
1.277
1.370
0.882
1.187
2.863
1.622
1.330
0.876
1.313
1.271
1.469
1.183
1.501
1.337
1.083
1.025
0.943
1.606
1.418
1.553
0.914
0.968
1.073
1.240
1.223
0.880
1.450
1.340
0.935
1.490
1.240
0.897
1.305
1.193
1.082
1.381
1.268
1.619
1.203
0.912
0.938
0.948
0.905
0.876
1.324
1.182
1.162
0.984
0.939
1.282
1.159
1.011
0.954
1.288
1.540
1.040
1.386
0.901
0.948
1.046
1.418
1.234
1.546
1.732
1.222
0.926
1.387
1.356
1.236
0.952
1.226
1.168
1.565
1.271
1.036
1.482
0.866
0.924
1.348
0.940
1.146
0.934
1.453
1.429
1.373
1.480
0.933
0.974
1.454
0.869
1.027
1.228
1.202
1.277
0.909
1.342
0.931
0.949
0.957
1.423
1.490
1.319
1.768
1.323
1.490
1.089
1.336
1.272
0.904
1.435
1.275
1.376
0.921
1.438
1.412
1.294
1.278
1.170
1.390
1.195
1.653
1.580
0.952
1.454
1.235
1.222
0.907
1.513
1.332
1.002
1.463
1.551
0.899
0.975
1.257
0.996
1.410
1.321
1.435
1.290
1.487
1.448
1.289
1.511
1.208
1.338
0.922
0.977
1.191
0.899
1.678
1.477
1.341
1.332
1.420
0.990
1.310
1.481
0.935
0.953
1.198
0.919
1.436
1.273
0.955
1.357
1.623
1.321
1.473
0.953
1.335
1.453
1.563
0.997
1.459
1.226
0.869
1.349
1.517
1.461
1.134
1.365
1.138
1.343
1.235
1.180
0.948
1.162
1.226
1.445
1.186
1.329
1.439
1.216
1.665
1.282
1.105
1.554
1.225
1.115
1.017
0.942
0.957
1.701
1.460
1.069
1.340
0.883
1.252
1.068
1.174
1.085
1.576
0.961
1.314
1.184
0.928
1.310
1.221
1.276
1.206
1.344
1.106
1.075
0.949
1.619
1.148
1.421
1.485
1.431
1.065
1.373
1.431
1.090
1.466
0.889
1.049
1.332
0.964
1.371
0.856
1.361
1.428
1.651
1.033
1.382
1.012
1.214
1.576
1.283
1.050
1.482
1.441
1.199
0.997
1.002
0.940
1.489
1.108
0.886
1.517
1.089
1.145
1.377
1.100
1.290
1.424
0.966
1.223
1.388
1.161
1.455
1.531
1.362
1.255
0.899
1.011
1.409
0.961
1.338
1.408
1.156
1.343
1.234
1.400
1.215
0.887
1.228
1.060
0.912
0.933
0.958
1.738
0.872
0.995
1.747
1.316
0.842
1.409
0.897
1.057
1.450
1.322
1.769
1.130
0.895
1.376
0.905
0.972
1.039
0.945
1.343
1.561
1.029
0.914
1.282
1.371
1.289
0.831
1.323
1.020
1.033
0.869
1.085
0.964
1.267
1.689
1.416
1.536
1.144
1.247
0.936
1.333
1.243
1.154
1.394
0.919
1.199
1.288
1.254
1.653
1.076
1.551
1.280
0.823
1.280
1.036
0.945
1.379
1.198
1.230
1.350
1.123
0.959
1.768
0.892
1.551
1.664
1.324
1.123
1.279
1.242
0.842
1.487
1.288
1.480
1.438
0.938
1.274
1.156
1.153
1.014
1.118
1.219
1.183
1.481
0.930
1.382
0.976
1.282
0.888
0.913
1.349
1.290
0.944
1.424
1.023
1.551
1.224
1.340
1.301
0.996
1.324
1.314
1.115
1.549
1.221
1.169
1.430
0.915
1.105
1.121
1.475
0.908
1.276
0.973
0.943
1.212
1.368
0.925
1.288
1.620
1.518
0.844
0.972
1.596
1.662
1.506
1.417
0.884
1.290
1.299
1.428
1.534
1.125
0.909
1.657
1.462
1.164
1.305
1.095
1.183
1.391
0.860
1.003
1.267
1.216
4.099
1.291
1.518
1.259
1.122
1.523
0.916
1.378
0.994
1.300
1.197
1.007
1.424
1.202
1.405
1.185
0.898
1.207
1.283
1.493
1.010
1.507
1.351
1.135
1.579
1.167
0.953
1.495
1.404
0.879
0.998
1.368
1.375
1.128
1.383
1.080
1.283
1.225
1.752
1.522
1.110
0.959
1.262
1.315
1.367
1.472
1.114
1.549
1.346
1.019
1.439
0.954
0.964
1.354
0.968
1.246
1.371
1.402
1.135
0.940
1.670
1.407
1.374
1.230
1.312
1.187
1.175
1.398
1.406
1.090
1.348
0.978
1.080
1.010
1.116
1.114
1.862
0.948
1.232
0.896
0.960
1.216
0.937
1.361
1.178
1.308
0.882
1.125
1.359
1.278
0.997
0.926
1.410
1.444
1.412
1.337
1.415
1.388
0.959
1.266
1.306
1.278
1.564
0.921
1.332
1.395
1.170
1.539
1.396
1.328
1.333
1.473
1.441
1.067
0.949
1.470
1.057
1.390
1.293
1.102
1.258
1.297
1.402
0.838
1.121
1.672
0.984
1.361
1.427
0.924
1.323
0.902
0.952
1.318
1.328
1.093
1.254
1.398
1.250
0.917
0.911
1.542
1.393
1.438
0.948
0.960
1.194
0.951
0.916
1.611
1.390
1.283
0.970
1.380
1.070
1.420
1.775
0.964
1.870
0.934
1.059
0.989
0.976
0.908
1.380
1.721
0.976
1.073
1.279
1.546
1.501
1.455
1.585
1.259
1.211
1.423
0.963
1.604
0.954
0.907
0.902
1.390
1.477
1.082
1.151
1.672
1.243
1.302
1.562
1.152
0.941
0.998
1.249
1.266
0.976
1.522
1.388
1.753
0.903
1.386
1.194
1.008
1.477
1.134
0.895
1.198
1.565
1.135
1.219
1.388
1.308
1.344
0.834
1.288
1.400
1.438
0.948
1.017
0.998
1.389
1.723
0.963
1.110
1.023
0.999
1.665
1.126
1.288
0.975
1.112
1.219
1.351
0.867
0.890
1.539
1.145
1.311
1.352
0.969
0.917
1.221
1.270
1.646
1.217
0.883
1.400
1.380
1.168
1.329
1.367
1.073
1.091
0.892
1.234
0.987
0.977
1.130
1.427
1.239
1.379
1.426
0.925
1.183
1.258
1.277
1.649
1.271
1.084
1.281
1.667
1.442
1.266
1.300
1.388
1.314
1.485
0.929
1.427
1.035
1.021
1.035
1.215
1.309
0.928
1.237
1.062
0.938
1.528
1.268
1.115
0.979
1.399
1.325
1.514
1.260
0.977
1.317
0.962
1.165
1.345
0.892
1.290
1.528
1.222
1.672
1.039
0.945
0.802
1.113
1.250
1.480
1.415
1.340
1.083
1.346
1.600
1.442
0.987
0.887
1.064
1.759
1.043
1.286
0.911
1.378
0.890
1.127
0.959
1.098
1.223
1.408
1.104
1.321
0.950
1.234
1.294
1.626
0.993
1.142
1.132
1.066
0.983
1.384
0.935
1.500
1.167
1.526
1.279
1.403
0.876
0.978
0.921
1.032
1.362
0.904
1.199
1.454
1.279
0.947
1.167
1.321
0.900
1.539
1.398
1.001
1.271
1.332
1.166
1.294
1.688
1.292
1.187
1.219
1.276
1.280
1.215
1.311
1.183
1.717
1.325
0.902
1.388
1.540
0.976
1.535
0.867
0.989
0.983
1.369
1.037
1.368
0.964
1.032
1.009
1.421
0.997
0.887
1.040
1.235
1.158
1.063
1.400
1.004
1.517
1.223
1.205
1.125
1.274
0.907
1.329
1.236
1.575
0.959
1.467
1.551
1.177
1.411
1.586
1.638
1.298
0.954
1.507
0.834
0.910
0.915
1.359
1.528
1.468
1.121
1.244
1.006
1.246
1.194
1.142
1.149
1.335
1.408
0.953
1.172
1.461
1.002
1.119
0.913
0.888
1.228
0.985
1.111
1.251
1.238
1.268
1.003
1.204
1.434
1.268
1.203
0.864
1.046
0.875
0.910
1.422
0.923
0.936
1.378
1.295
0.997
0.941
1.515
1.297
0.888
1.334
0.878
1.128
1.274
1.598
1.414
1.372
0.923
1.292
1.497
1.076
1.256
0.849
1.032
1.475
1.562
1.700
1.215
1.272
1.286
1.493
1.279
1.218
1.219
1.167
1.197
1.369
0.959
1.319
1.263
1.428
1.375
1.619
1.313
1.345
1.147
0.919
1.003
1.355
0.936
1.202
1.362
1.172
1.034
1.297
1.477
0.889
1.031
1.354
1.243
0.968
1.344
1.302
1.686
1.300
1.248
0.965
0.986
1.398
1.312
0.992
1.287
1.267
1.313
1.015
1.499
1.128
1.404
1.006
1.406
1.066
1.803
1.479
1.233
1.171
1.383
1.132
1.458
0.961
1.222
0.909
1.330
1.113
1.395
1.149
1.395
1.225
1.408
1.233
1.387
1.052
1.555
1.045
1.047
0.881
1.429
0.893
0.924
1.256
1.364
1.092
1.446
1.418
1.295
1.267
1.393
1.049
1.305
1.191
1.510
1.204
1.455
1.291
1.371
1.201
0.852
1.487
0.929
1.608
1.378
1.241
1.320
1.047
1.120
0.927
1.544
1.402
1.198
1.042
1.469
1.047
1.244
1.242
1.285
1.255
1.229
1.699
1.327
1.017
0.955
1.107
1.406
1.205
1.512
1.315
1.088
1.340
1.380
1.473
1.407
1.313
1.352
1.299
1.369
0.847
1.406
1.591
1.109
1.260
1.160
0.949
1.213
1.189
1.183
0.930
1.258
0.906
1.627
0.926
1.520
0.902
1.317
1.402
1.243
0.945
1.434
1.300
1.228
1.191
1.595
1.134
1.077
1.653
1.226
1.437
1.534
1.249
1.515
1.265
1.292
1.489
1.015
0.967
1.242
1.037
0.936
1.049
0.913
1.218
1.105
1.363
1.001
1.440
1.128
1.390
1.155
1.288
1.343
1.309
0.902
1.293
1.180
1.275
0.924
1.566
1.260
1.242
1.480
1.402
0.916
0.922
1.095
1.078
1.435
1.563
1.194
1.338
1.379
1.025
1.179
1.582
1.080
1.530
1.349
0.970
0.996
1.683
0.985
0.931
1.313
1.017
1.383
1.519
0.902
1.336
1.030
1.000
1.175
1.328
1.419
1.377
0.972
1.314
1.481
1.033
1.594
1.256
0.950
1.477
0.952
1.080
1.060
1.433
1.300
1.455
1.365
0.991
1.041
1.283
1.091
1.221
1.038
1.395
1.023
0.915
1.128
1.458
1.189
1.407
0.909
0.967
1.265
0.901
1.157
1.318
1.245
1.707
1.638
1.494
1.510
1.482
1.199
1.102
1.284
0.898
1.561
0.920
1.394
0.878
0.997
1.312
0.934
1.288
1.521
1.123
1.282
0.973
1.708
1.526
1.089
1.396
1.195
1.039
1.370
1.186
1.324
1.465
1.268
0.887
1.266
0.928
1.062
1.023
1.160
1.156
1.296
1.336
1.472
1.414
1.200
0.929
1.086
1.534
0.885
1.266
1.015
1.327
0.976
1.009
1.369
1.231
1.229
0.874
0.987
0.958
1.027
1.025
1.337
1.173
1.520
1.251
1.697
1.264
0.992
1.296
0.954
1.098
0.888
1.316
1.403
0.965
0.910
1.162
1.010
1.280
1.114
1.249
1.515
1.110
1.357
0.992
1.025
1.063
1.439
1.554
1.614
1.055
1.194
1.045
1.558
0.997
1.263
1.481
1.351
1.229
1.239
1.018
1.326
1.268
1.342
1.265
0.957
1.416
0.912
1.392
0.960
0.964
0.938
1.231
0.888
1.325
1.479
1.283
1.321
1.084
1.193
1.427
1.258
1.505
1.555
1.164
0.981
1.481
0.905
1.218
0.869
1.039
1.235
1.091
1.446
1.283
1.269
1.159
1.162
1.024
1.237
1.276
1.229
1.564
1.154
1.145
1.319
0.926
1.024
1.364
1.357
1.353
1.498
1.276
1.507
1.492
1.148
1.273
1.385
1.391
1.186
1.433
1.468
0.936
1.299
1.568
1.575
1.195
0.943
0.993
0.885
0.906
1.341
1.150
1.470
1.183
1.220
1.346
1.178
1.318
0.917
1.313
1.111
1.242
1.377
1.325
1.021
1.172
0.993
1.504
1.411
1.185
1.225
1.050
1.338
0.946
1.530
1.411
1.238
1.635
0.914
1.438
0.885
0.968
0.925
1.020
0.999
0.964
1.294
1.089
1.319
1.616
0.904
1.552
1.309
1.248
1.269
0.945
1.003
1.264
1.005
1.288
1.060
1.249
1.469
1.377
1.286
1.437
0.961
1.300
1.007
1.144
1.237
1.495
1.537
1.203
1.138
1.217
1.141
0.946
1.384
0.870
0.866
1.479
1.311
1.060
1.060
1.535
0.929
0.936
1.247
0.958
1.160
1.150
1.520
1.323
1.391
1.333
1.340
1.423
1.308
1.314
0.875
1.470
1.238
0.892
1.155
0.880
0.913
0.920
1.093
1.233
1.481
0.952
1.171
1.148
1.428
1.542
0.962
0.986
1.004
1.210
1.174
0.992
1.097
1.021
0.935
1.521
1.021
0.892
0.927
1.426
1.236
0.890
1.140
1.294
1.368
1.145
1.221
1.491
1.223
1.498
1.473
1.221
1.317
1.495
1.044
1.001
1.302
0.929
0.904
1.056
1.369
1.005
1.433
0.979
0.963
1.010
1.342
1.395
1.049
1.248
1.021
1.157
0.939
1.239
1.387
0.945
1.138
1.550
1.579
1.308
1.244
1.200
0.942
1.207
1.422
1.287
1.386
0.969
2.445
1.547
0.934
1.514
1.433
1.248
1.159
1.693
0.940
1.327
1.292
1.227
1.887
1.391
1.446
1.467
1.497
1.485
1.394
1.345
0.923
1.051
1.518
1.389
1.191
1.461
0.991
1.201
1.040
0.973
1.363
1.403
1.399
0.897
0.951
1.215
1.348
1.247
1.327
1.330
0.957
0.998
0.978
0.932
1.323
0.912
0.988
1.532
1.395
1.163
0.893
1.144
0.915
1.512
1.373
1.386
1.541
0.990
1.595
0.867
1.565
1.405
1.228
1.052
1.598
1.593
1.250
1.198
1.621
1.185
1.424
1.044
0.960
1.523
1.185
1.187
1.450
1.226
0.915
0.966
1.234
1.483
1.332
1.368
1.232
1.227
1.394
1.342
1.370
1.069
0.930
1.178
0.841
0.913
1.649
1.411
1.388
0.886
1.674
0.970
1.251
1.291
0.951
1.283
0.892
1.016
0.911
1.239
1.334
1.466
0.037
1.543
1.446
1.044
1.397
1.185
1.324
1.283
1.257
1.118
0.985
1.200
1.217
1.421
1.546
1.395
1.164
1.686
1.406
1.233
1.304
1.351
1.489
0.865
1.253
0.975
1.580
1.371
1.407
1.244
1.302
0.904
1.589
1.571
0.953
1.404
1.254
1.191
1.074
0.966
1.047
0.906
1.267
1.235
1.463
1.619
0.949
1.285
1.058
0.911
1.293
1.483
0.937
1.322
1.718
0.888
1.409
1.342
1.291
1.223
1.167
0.872
0.907
1.444
1.021
1.397
1.336
0.923
1.260
1.413
1.118
1.436
1.599
1.145
1.509
1.451
1.196
1.090
1.439
0.903
0.979
1.657
0.958
1.335
1.159
1.458
1.365
0.998
0.998
1.447
1.502
1.132
1.308
1.465
1.497
1.166
1.408
1.463
1.519
1.354
1.323
1.259
0.940
1.482
1.318
1.013
1.004
1.324
1.020
1.545
1.295
1.497
1.336
1.408
1.177
1.522
1.360
0.986
1.531
1.417
1.217
1.480
1.442
1.279
1.428
1.399
0.987
0.929
1.080
1.456
1.049
0.991
1.154
1.216
1.243
1.187
1.425
1.090
0.971
1.405
1.485
1.417
1.323
1.407
1.907
1.467
0.887
1.075
1.048
1.240
1.018
1.489
1.464
1.230
1.130
1.064
1.583
1.307
1.500
0.965
1.084
0.947
1.248
1.082
1.201
1.397
1.157
1.384
1.421
0.922
1.239
0.979
1.304
1.518
0.917
0.986
1.407
1.136
0.952
0.962
0.942
1.315
1.169
1.417
1.484
1.089
1.374
1.271
1.299
1.534
1.088
1.022
1.019
1.649
1.649
1.242
0.968
1.228
1.432
0.896
0.979
0.991
1.250
1.167
1.308
1.068
0.955
1.527
1.332
1.572
1.420
1.511
1.191
1.387
1.469
1.231
1.555
1.091
1.017
1.439
1.268
0.898
1.307
1.050
0.977
0.908
1.153
1.122
1.430
1.559
1.226
1.721
1.319
1.128
1.309
1.463
1.229
0.895
1.260
0.966
1.453
1.240
1.407
1.140
1.451
0.992
1.489
1.249
1.278
0.964
1.036
0.999
1.327
1.024
1.274
1.320
1.108
0.947
1.193
0.905
0.972
1.334
0.966
1.314
0.911
1.729
1.648
1.639
1.321
1.334
1.289
0.976
1.554
0.909
1.032
1.252
0.901
1.534
0.962
1.459
1.307
1.577
1.115
1.328
0.980
1.242
0.989
1.634
1.321
0.102
1.359
1.514
1.555
1.329
0.844
1.256
1.298
0.931
1.215
1.273
1.407
1.126
1.094
1.286
1.157
1.276
1.643
1.151
1.203
1.552
1.277
0.873
0.993
1.094
1.086
1.312
1.412
0.969
1.346
1.657
1.433
0.985
1.269
1.268
1.199
1.312
0.980
1.316
1.010
1.255
1.253
1.339
0.912
1.433
1.381
1.430
0.910
1.215
1.273
0.945
0.901
1.280
0.962
1.373
1.249
1.366
1.530
1.330
0.913
0.997
0.922
1.430
0.873
0.907
1.381
1.183
1.285
1.216
0.812
1.080
1.400
1.163
1.002
1.110
0.957
1.558
0.901
0.867
1.746
1.142
1.366
0.948
1.213
1.158
1.403
0.953
0.903
1.459
1.424
0.959
0.893
1.459
1.483
0.998
0.907
1.119
1.237
1.442
1.373
1.484
1.327
1.436
1.186
0.958
1.016
1.220
1.564
0.974
1.675
1.262
1.404
1.275
1.123
1.065
1.041
1.347
0.945
1.438
1.224
1.197
1.014
1.368
0.928
0.896
1.552
0.880
1.671
1.261
1.288
1.605
0.905
0.955
1.527
1.566
1.281
0.948
0.829
1.416
0.926
1.260
1.379
1.102
1.469
0.956
1.000
1.218
1.398
0.968
1.270
1.328
0.822
1.359
1.284
0.961
0.929
1.600
0.936
1.435
1.406
1.406
1.039
0.967
1.607
1.477
0.987
1.281
1.462
1.515
1.424
1.213
1.047
1.673
1.282
1.035
1.324
1.484
1.106
1.214
1.462
1.040
0.923
1.270
1.264
0.984
1.675
1.565
1.313
1.361
0.920
1.445
1.282
1.419
1.239
1.424
0.891
0.974
1.278
0.979
1.681
1.175
0.927
1.709
1.556
1.352
1.216
1.393
1.393
1.112
1.168
1.518
0.962
0.934
1.574
1.327
1.590
1.551
1.430
1.172
1.297
1.300
1.524
1.129
0.886
0.979
1.282
1.059
1.327
1.205
1.615
0.973
1.330
1.054
1.504
1.251
1.336
1.156
0.956
1.301
1.135
0.920
1.054
1.047
1.250
1.635
0.916
1.307
1.352
1.389
0.905
1.082
1.298
0.934
1.356
1.566
1.456
1.225
1.544
0.948
1.396
1.158
0.923
1.442
0.847
1.160
1.500
1.117
0.924
0.934
1.358
1.025
0.955
1.334
0.971
1.103
0.885
1.155
1.388
0.889
1.069
0.993
1.695
1.315
1.227
1.163
1.406
1.521
0.972
1.015
1.127
1.380
0.891
1.237
1.418
1.288
1.510
0.893
1.389
1.220
1.290
1.035
1.008
0.958
0.935
1.189
1.300
1.210
1.451
1.491
1.248
1.062
0.906
1.331
0.997
1.343
0.913
1.282
1.114
1.179
0.844
1.078
1.408
0.981
1.347
0.986
1.190
1.245
1.603
1.364
0.951
0.910
1.468
1.564
1.318
1.449
1.449
1.394
0.881
1.341
1.116
0.891
0.993
1.805
0.978
0.957
1.541
1.413
1.676
1.214
1.356
0.942
1.169
1.226
1.003
0.924
0.973
1.514
0.938
1.316
0.971
1.272
1.438
0.854
1.541
1.008
1.003
0.906
0.889
1.299
1.378
1.399
0.950
1.118
1.378
1.193
1.331
0.981
1.390
1.436
1.260
1.193
1.004
1.451
1.086
1.275
0.907
1.276
1.152
0.991
1.232
1.267
1.289
1.260
1.281
0.974
1.591
1.478
0.963
1.247
1.397
1.320
1.305
1.381
1.440
1.271
0.932
0.891
1.101
1.335
1.501
1.214
1.331
1.294
0.990
1.600
1.263
1.357
1.538
1.569
1.292
1.221
1.238
1.282
1.413
1.352
0.905
0.870
0.926
1.647
1.403
0.873
1.457
1.412
0.955
1.203
1.447
0.893
1.156
1.281
1.590
1.436
1.011
1.327
1.065
1.151
1.118
1.133
1.314
1.515
1.418
0.802
0.962
0.907
1.332
1.439
1.081
1.062
1.287
0.876
1.230
1.050
0.985
1.298
1.273
1.049
1.104
1.348
1.769
1.086
1.322
1.485
0.946
1.039
1.476
0.917
1.045
1.392
1.309
1.125
1.383
0.991
0.888
1.233
0.918
1.112
1.169
1.552
0.878
1.303
1.349
1.444
1.116
1.370
1.427
0.914
1.271
1.701
1.305
0.976
1.261
0.942
1.223
1.172
0.973
1.209
1.327
1.273
1.423
1.542
1.286
0.967
1.170
1.578
1.556
0.964
1.749
1.043
1.369
1.685
1.348
1.050
1.561
1.189
0.970
0.953
1.376
1.313
0.929
1.094
1.327
1.251
1.318
1.596
1.247
1.271
1.128
1.009
0.919
1.557
1.149
1.349
1.301
1.085
0.930
1.161
1.756
0.946
1.177
0.989
1.377
1.571
0.990
1.041
0.993
1.082
1.320
1.419
1.312
0.973
0.991
1.312
0.945
1.272
0.949
1.291
1.628
1.180
1.399
1.341
1.172
0.890
1.475
1.296
1.352
1.114
1.148
1.231
1.397
1.381
1.032
1.098
1.087
1.346
0.873
1.426
1.205
0.951
1.470
1.317
1.468
1.249
1.693
1.564
1.417
1.137
1.454
1.706
1.338
0.969
1.268
0.987
1.144
1.329
1.153
1.226
1.305
1.056
0.956
1.340
1.148
1.051
0.925
1.066
1.525
1.287
0.903
0.994
1.540
1.522
1.594
0.890
1.021
0.938
1.072
1.310
1.197
1.181
1.411
1.144
1.370
1.127
1.015
1.394
1.554
1.177
0.961
1.133
1.186
1.109
0.858
0.933
1.274
1.377
1.404
1.020
0.957
1.344
1.499
0.996
1.321
1.334
1.057
1.095
1.435
1.161
1.671
1.255
1.311
1.477
0.915
1.044
1.330
1.184
1.063
1.208
1.323
1.474
1.667
1.198
1.348
1.426
1.216
1.353
1.374
0.995
1.159
1.030
1.456
1.079
1.002
1.280
0.895
1.180
0.899
1.566
1.295
1.316
1.535
1.438
1.169
1.561
1.283
1.265
1.444
1.401
1.424
1.007
0.987
0.953
1.492
1.277
0.960
1.079
1.285
1.309
1.350
1.176
1.354
1.213
1.211
1.342
1.287
1.274
0.928
1.462
0.878
1.446
1.425
1.540
1.352
1.166
0.871
0.957
0.898
0.916
0.978
1.415
1.079
1.262
1.519
1.272
1.055
0.988
1.510
1.517
1.443
1.294
0.884
1.369
1.343
1.264
1.327
1.493
1.368
0.929
1.290
1.437
1.096
1.400
1.364
1.677
0.937
1.453
1.413
1.001
0.941
1.293
1.004
0.992
1.177
1.199
1.298
1.348
1.444
0.970
1.123
0.871
1.047
1.666
0.893
1.324
1.286
1.361
1.134
1.544
1.288
1.394
1.017
1.506
0.899
1.067
1.397
1.109
1.282
0.872
1.163
1.362
1.519
1.341
1.091
1.426
1.434
0.938
1.170
1.134
1.163
1.257
1.054
1.180
1.173
1.402
1.406
1.303
0.961
0.913
1.186
1.509
1.379
1.528
1.359
1.424
1.446
1.354
1.349
1.564
1.540
0.920
1.258
1.299
1.144
1.491
1.052
1.401
1.303
0.989
1.467
1.140
1.427
1.429
1.158
1.489
1.272
0.945
1.208
1.006
1.139
1.451
0.896
0.918
1.284
1.259
1.424
1.074
0.973
0.931
0.980
0.950
1.300
1.489
1.251
1.461
1.565
1.462
1.279
1.471
1.370
1.388
1.118
1.121
1.326
1.065
1.352
1.140
1.182
1.313
1.271
1.219
1.209
1.358
1.514
1.189
1.259
1.543
1.318
1.260
1.166
1.161
0.991
1.329
1.298
1.201
1.286
1.642
1.073
0.975
1.407
0.987
1.129
0.969
1.014
1.181
1.394
1.109
1.235
1.156
1.185
1.205
1.405
0.954
1.455
1.425
1.287
1.050
1.098
1.278
0.872
1.026
1.139
1.266
1.265
1.420
1.368
1.496
1.014
1.115
0.938
1.411
1.384
1.476
1.017
1.111
1.370
1.307
1.142
0.791
0.846
1.034
1.008
1.426
1.534
1.540
1.307
1.243
1.482
1.310
1.427
1.279
0.991
0.995
1.279
1.041
1.441
1.050
0.905
1.074
1.296
1.383
1.011
0.883
1.144
1.380
1.237
1.464
1.505
1.554
0.968
1.018
1.346
0.931
1.579
0.941
1.445
0.960
1.340
0.955
1.283
1.644
0.948
0.853
1.168
1.145
1.294
1.463
1.211
1.237
1.438
0.866
1.247
1.642
1.495
0.979
0.973
1.223
1.180
1.707
0.932
1.386
0.980
1.422
1.478
1.010
0.898
1.299
1.478
1.430
1.523
0.974
1.596
1.022
1.532
1.176
1.138
1.386
1.324
1.400
0.952
1.012
1.180
1.487
1.592
1.303
1.018
0.952
1.014
1.066
1.535
1.206
1.314
1.138
0.952
1.682
0.920
1.640
1.262
1.309
1.538
1.471
1.360
1.150
1.034
1.302
1.270
0.972
1.393
0.963
1.349
1.337
1.446
1.097
1.440
1.857
1.199
1.485
0.884
0.955
1.267
1.469
1.053
1.011
0.913
1.616
1.381
0.909
1.007
0.941
1.136
1.302
0.804
1.476
1.356
1.541
1.089
1.387
1.511
1.199
1.184
1.320
0.945
1.399
1.059
1.669
1.304
0.936
1.330
1.512
1.251
1.234
1.445
1.805
1.516
1.205
1.367
1.407
1.421
1.588
1.334
1.358
1.282
1.852
1.668
1.443
1.433
1.519
1.574
1.370
1.016
1.486
1.510
1.541
1.404
1.052
1.387
1.311
1.327
1.542
1.245
1.091
1.228
1.539
1.516
1.257
1.566
1.260
0.969
1.335
1.073
0.985
1.414
0.903
1.619
2.212
1.448
1.396
1.664
1.404
1.538
0.973
0.984
0.944
1.529
1.263
0.940
1.703
1.391
1.613
1.105
1.071
1.278
1.506
1.035
1.300
1.107
1.576
1.613
0.949
1.454
0.921
1.449
0.976
1.383
0.954
1.385
1.245
1.372
1.646
0.910
1.217
0.042
1.184
1.551
1.199
1.329
1.375
1.388
1.384
1.293
1.050
1.717
1.594
1.136
1.198
1.033
1.239
0.924
1.389
1.076
1.633
1.453
1.266
0.991
1.376
1.346
1.538
1.535
0.951
1.194
1.125
1.184
1.289
1.010
1.256
1.423
1.487
1.197
1.412
1.397
1.180
1.433
1.258
0.905
1.328
1.363
0.970
1.468
1.621
1.213
1.513
1.420
1.479
1.578
1.508
0.904
1.167
1.267
1.398
1.382
1.203
1.275
0.991
1.332
1.150
1.433
1.042
1.500
1.018
1.284
1.134
1.084
1.462
1.634
1.033
1.426
1.210
1.046
0.053
1.513
1.334
1.484
1.064
1.268
1.285
1.238
1.077
1.410
0.976
1.280
1.408
1.446
1.025
1.090
1.647
1.569
1.498
1.539
0.935
0.993
1.353
1.305
1.306
1.449
1.478
1.430
1.069
1.963
1.537
