1.177
1.196
1.221
1.234
1.261
1.278
1.298
1.307
1.334
1.328
1.343
1.389
1.453
1.494
1.158
1.187
1.243
1.262
1.219
1.208
1.253
1.197
1.203
1.257
1.263
1.294
1.344
1.384
1.094
1.205
1.195
1.191
1.257
1.241
1.237
1.281
1.265
1.242
1.231
1.243
1.246
1.328
1.130
1.269
1.188
1.142
1.167
1.249
1.308
1.275
1.221
1.138
1.235
1.402
1.297
1.215
1.273
1.251
1.338
1.179
1.229
1.209
1.267
1.186
1.210
1.348
1.432
1.420
1.242
1.202
1.188
1.272
1.289
1.290
1.244
1.388
1.163
1.301
1.242
1.358
1.227
1.322
1.218
1.225
1.173
1.223
1.095
1.200
1.214
1.206
1.297
1.249
1.212
1.286
1.353
1.363
1.426
1.429
1.295
1.200
1.284
1.239
1.403
1.337
1.243
1.248
1.290
1.245
1.311
1.287
1.324
1.355
1.283
1.208
1.235
1.299
1.276
1.300
1.254
1.205
1.191
1.260
1.369
1.261
1.262
1.384
1.257
1.211
1.270
1.233
1.382
1.217
1.238
1.270
1.305
1.200
1.188
1.270
1.313
1.248
1.139
1.140
1.207
1.287
1.224
1.211
1.203
1.301
1.211
1.334
1.271
1.284
1.220
1.199
1.166
1.201
1.384
1.124
1.303
1.191
1.396
1.337
1.260
1.149
1.351
1.224
1.292
1.171
1.212
1.243
1.245
1.104
1.353
1.171
1.277
1.310
1.265
1.164
1.171
1.240
1.430
1.355
1.290
1.287
1.337
1.189
1.288
1.245
1.240
1.108
1.302
1.235
1.266
1.295
1.449
1.174
1.396
1.361
1.345
1.253
1.256
1.279
1.315
1.352
1.248
1.255
1.391
1.317
1.158
1.376
1.262
1.220
1.254
1.227
1.282
1.349
1.180
1.269
1.314
1.262
1.292
1.360
1.338
1.216
1.366
1.245
1.322
1.304
1.252
1.217
1.316
1.307
1.157
1.303
1.472
1.297
1.213
1.338
1.339
1.197
1.203
1.257
1.417
1.431
1.274
1.180
1.271
1.231
1.280
1.230
1.237
1.331
1.297
1.200
1.322
1.210
1.131
1.075
1.258
1.266
1.273
1.325
1.220
1.205
1.239
1.250
1.108
1.237
1.245
1.182
1.096
1.343
1.288
1.300
1.410
1.357
1.309
1.347
1.191
1.270
1.402
1.363
1.224
1.179
1.250
1.221
1.326
1.145
1.339
1.330
1.282
1.175
1.283
1.292
1.192
1.181
1.324
1.260
1.324
1.107
1.216
1.293
1.213
1.287
1.426
1.413
1.238
1.190
1.311
1.318
1.397
1.209
1.260
1.315
1.297
1.210
1.116
1.367
1.293
1.154
1.219
1.296
1.250
1.163
1.232
1.275
1.268
1.184
1.197
1.177
1.172
1.319
1.278
1.358
1.258
1.177
1.227
1.357
1.108
1.347
1.381
1.306
1.241
1.285
1.319
1.324
1.288
1.297
1.277
1.199
1.234
1.309
1.348
1.254
1.117
1.135
1.302
1.260
1.221
1.166
1.392
1.223
1.211
1.278
1.273
1.100
1.283
1.288
1.206
1.200
1.202
1.476
1.215
1.177
1.340
1.350
1.160
1.181
1.257
1.239
1.230
1.195
1.467
1.274
1.193
1.254
1.258
1.166
1.212
1.173
1.126
1.248
1.304
1.266
1.295
1.310
1.219
1.310
1.177
1.245
1.173
1.245
1.255
1.193
1.360
1.206
1.248
1.214
1.256
1.173
1.198
1.110
1.321
1.336
1.283
1.281
1.123
1.165
1.259
1.206
1.215
1.122
1.324
1.319
1.242
1.206
1.258
1.279
1.353
1.321
1.245
1.177
1.193
1.212
1.147
1.186
1.383
1.269
1.422
1.234
1.234
1.323
1.140
1.209
1.258
1.333
1.373
1.310
1.262
1.245
1.184
1.184
1.308
1.275
1.207
1.326
1.410
1.283
1.149
1.389
1.239
1.289
1.305
1.274
1.169
1.203
1.304
1.182
1.238
1.249
1.246
1.207
1.245
1.287
1.195
1.281
1.267
1.364
1.285
1.229
1.246
1.331
1.220
1.238
1.410
1.156
1.172
1.226
1.359
1.319
1.320
1.221
1.399
1.418
1.253
1.374
1.337
1.385
1.166
1.217
1.277
1.391
1.334
1.528
1.276
1.269
1.213
1.314
1.195
1.459
1.317
1.196
1.305
1.080
1.393
1.194
1.247
1.331
1.307
1.085
1.281
1.245
1.351
1.265
1.282
1.385
1.298
1.276
1.247
1.194
1.290
1.233
1.156
1.234
1.257
1.199
1.294
1.287
1.207
1.253
1.370
1.218
1.196
1.257
1.251
1.261
1.239
1.290
1.142
1.258
1.379
1.279
1.200
1.234
1.268
1.364
1.137
1.227
1.131
1.324
1.357
1.337
1.288
1.185
1.153
1.286
1.397
1.366
1.257
1.403
1.243
1.223
1.361
1.303
1.227
1.151
1.216
1.276
1.287
1.177
1.210
1.322
1.341
1.233
1.198
1.154
1.197
1.242
1.284
1.254
1.257
1.335
1.288
1.306
1.256
1.450
1.208
1.288
1.127
1.210
1.403
1.181
1.291
1.219
1.262
1.219
1.198
1.240
1.223
1.279
1.269
1.225
1.247
1.288
1.421
1.297
1.293
1.304
1.215
1.277
1.407
1.280
1.343
1.168
1.123
1.372
1.187
1.341
1.343
1.365
1.240
1.318
1.209
1.258
1.254
1.281
1.275
1.356
1.279
1.274
1.385
1.197
1.281
1.190
1.212
1.199
1.218
1.303
1.242
1.319
1.273
1.153
1.339
1.233
1.249
1.277
1.253
1.363
1.151
1.202
1.275
1.269
1.235
1.352
1.298
1.303
1.311
1.286
1.338
1.149
1.278
1.173
1.165
1.243
1.415
1.268
1.228
1.243
1.227
1.252
1.234
1.177
1.277
1.298
1.134
1.342
1.254
1.478
1.307
1.274
1.202
1.161
1.194
1.259
1.102
1.236
1.260
1.277
1.351
1.359
1.396
1.220
1.228
1.217
1.405
1.305
1.211
1.103
1.099
1.234
1.333
1.217
1.190
1.295
1.292
1.175
1.209
1.158
1.320
1.201
1.180
1.192
1.212
1.149
1.290
1.346
1.313
1.162
1.273
1.380
1.208
1.280
1.245
1.253
1.295
1.388
1.330
1.285
1.234
1.272
1.323
1.280
1.390
1.335
1.164
1.364
1.287
1.375
1.203
1.141
1.160
1.155
1.249
1.243
1.430
1.179
1.279
1.215
1.250
1.241
1.296
1.155
1.223
1.223
1.319
1.231
1.288
1.205
1.305
1.282
1.181
1.291
1.338
1.264
1.251
1.405
1.242
1.290
1.168
1.202
1.308
1.304
1.391
1.202
1.302
1.272
1.328
1.232
1.285
1.194
1.142
1.213
1.203
1.457
1.243
1.351
1.199
1.296
1.359
1.402
1.289
1.076
1.333
1.366
1.219
1.263
1.346
1.243
1.311
1.196
1.448
1.392
1.143
1.212
1.187
1.301
1.198
1.194
1.275
1.235
1.377
1.282
1.301
1.228
1.157
1.361
1.275
1.115
1.241
1.364
1.270
1.253
1.155
1.316
1.308
1.263
1.235
1.294
1.320
1.238
1.190
1.299
1.198
1.292
1.306
1.203
1.327
1.284
1.308
1.253
1.237
1.298
1.255
1.271
1.307
1.298
1.232
1.199
1.151
1.284
1.323
1.167
1.307
1.171
1.200
1.325
1.300
1.350
1.293
1.237
1.216
1.197
1.258
1.296
1.256
1.398
1.366
1.394
1.146
1.282
1.298
1.209
1.260
1.189
1.265
1.169
1.334
1.302
1.492
1.302
1.340
1.174
1.164
1.236
1.399
1.191
1.414
1.343
1.159
1.143
1.280
1.252
1.198
1.123
1.200
1.309
1.234
1.121
1.294
1.230
1.193
1.251
1.344
1.218
1.298
1.228
1.274
1.306
1.314
1.295
1.276
1.216
1.214
1.288
1.321
1.346
1.216
1.224
1.325
1.403
1.247
1.197
1.244
1.323
1.226
1.347
1.227
1.390
1.371
1.319
1.341
1.249
1.268
1.356
1.095
1.308
1.186
1.313
1.151
1.238
1.206
1.395
1.268
1.348
1.306
1.445
1.230
1.240
1.136
1.326
1.157
1.134
1.358
1.228
1.217
1.256
1.127
1.214
1.333
1.204
1.196
1.190
1.275
1.304
1.327
1.230
1.163
1.236
1.255
1.258
1.285
1.254
1.238
1.281
1.365
1.246
1.342
1.342
1.294
1.186
1.340
1.316
1.245
1.291
1.401
1.267
1.233
1.300
1.233
1.331
1.248
1.279
1.258
1.144
1.340
1.240
1.272
1.261
1.263
1.328
1.388
1.263
1.308
1.236
1.464
1.220
1.206
1.262
1.414
1.211
1.256
1.201
1.187
1.197
1.168
1.241
1.389
1.231
1.536
1.167
1.222
1.348
1.273
1.277
1.260
1.147
1.240
1.238
1.196
1.186
1.210
1.274
1.386
1.301
1.282
1.225
1.301
1.259
1.124
1.276
1.132
1.219
1.362
1.212
1.250
1.245
1.281
1.298
1.233
1.361
1.265
1.186
1.210
1.168
1.315
1.260
1.181
1.185
1.194
1.306
1.299
1.185
1.382
1.394
1.329
1.223
1.246
1.304
1.296
1.222
1.210
1.191
1.143
1.283
1.249
1.286
1.168
1.299
1.298
1.181
1.313
1.377
1.282
1.199
1.249
1.215
1.284
1.295
1.243
1.209
1.274
1.364
1.211
1.258
1.178
1.215
1.312
1.259
1.328
1.187
1.312
1.284
1.377
1.257
1.266
1.328
1.257
1.139
1.205
1.363
1.309
1.266
1.197
1.234
1.312
1.233
1.243
1.232
1.336
1.288
1.296
1.401
1.208
1.127
1.198
1.269
1.298
1.272
1.287
1.339
1.224
1.283
1.267
1.227
1.179
1.294
1.268
1.312
1.298
1.309
1.388
1.270
1.203
1.196
1.219
1.344
1.121
1.322
1.246
1.256
1.268
1.396
1.388
1.306
1.269
1.164
1.323
1.242
1.285
1.488
1.376
1.216
1.369
1.170
1.250
1.289
1.311
1.184
1.257
1.327
1.239
1.266
1.294
1.354
1.154
1.433
1.257
1.291
1.247
1.194
1.152
1.165
1.241
1.146
1.313
1.283
1.241
1.233
1.222
1.334
1.344
1.221
1.194
1.292
1.263
1.344
1.173
1.380
1.360
1.185
1.395
1.223
1.294
1.250
1.332
1.576
1.503
1.259
1.200
1.291
1.287
1.227
1.227
1.331
1.256
1.267
1.297
1.209
1.267
1.343
1.173
1.321
1.253
1.275
1.283
1.303
1.240
1.132
1.243
1.339
1.078
1.222
1.214
1.142
1.406
1.226
1.151
1.179
1.293
1.214
1.318
1.286
1.232
1.310
1.197
1.364
1.138
1.324
1.362
1.313
1.252
1.245
1.518
1.518
1.286
1.306
1.304
1.325
1.448
1.212
1.342
1.269
1.370
1.281
1.251
1.186
1.338
1.266
1.290
1.309
1.237
1.309
1.270
1.206
1.432
1.342
1.289
1.275
1.201
1.219
1.270
1.272
1.310
1.347
1.299
1.262
1.312
1.287
1.242
1.254
1.435
1.173
1.213
1.323
1.166
1.263
1.276
1.275
1.233
1.215
1.275
1.288
1.303
1.246
1.178
1.237
1.285
1.274
1.318
1.356
1.331
1.386
1.336
1.149
1.238
1.255
1.218
1.219
1.215
1.242
1.193
1.252
1.282
1.219
1.254
1.243
1.237
1.286
1.244
1.293
1.192
1.195
1.240
1.303
1.420
1.265
1.211
1.311
1.258
1.165
1.198
1.309
1.326
1.320
1.234
1.098
1.322
1.124
1.176
1.180
1.338
1.210
1.196
1.310
1.259
1.195
1.246
1.251
1.256
1.320
1.255
1.200
1.172
1.166
1.243
1.303
1.239
1.262
1.196
1.177
1.219
1.349
1.232
1.298
1.160
1.358
1.334
1.350
1.318
1.301
1.246
1.184
1.306
1.291
1.166
1.375
1.346
1.203
1.464
1.255
1.296
1.246
1.376
1.220
1.230
1.267
1.260
1.227
1.311
1.352
1.215
1.319
1.163
1.272
1.100
1.315
1.380
1.293
1.329
1.363
1.176
1.401
1.227
1.183
1.346
1.237
1.203
1.317
1.288
1.267
1.368
1.256
1.164
1.200
1.262
1.243
1.321
1.149
1.270
1.517
1.287
1.282
1.151
1.276
1.127
1.407
1.294
1.249
1.280
1.272
1.373
1.355
1.281
1.240
1.171
1.347
1.237
1.201
1.221
1.412
1.237
1.289
1.165
1.231
1.177
1.135
1.293
1.151
1.323
1.267
1.290
1.287
1.241
1.243
1.192
1.062
1.366
1.341
1.337
1.274
1.353
1.312
1.180
1.202
1.238
1.332
1.227
1.378
1.208
1.271
1.238
1.401
1.160
1.265
1.374
1.193
1.208
1.313
1.275
1.242
1.335
1.149
1.289
1.223
1.240
1.235
1.270
1.234
1.387
1.238
1.186
1.292
1.156
1.294
1.281
1.237
1.430
1.248
1.270
1.197
1.179
1.270
1.248
1.224
1.260
1.224
1.196
1.213
1.241
1.254
1.325
1.359
1.394
1.218
1.221
1.188
1.354
1.352
1.270
1.293
1.232
1.212
1.219
1.203
1.210
1.283
1.229
1.219
1.295
1.237
1.297
1.197
1.136
1.243
1.335
1.275
1.227
1.288
1.230
1.315
1.335
1.314
1.309
1.346
1.238
1.217
1.234
1.305
1.303
1.217
1.217
1.159
1.199
1.232
1.423
1.299
1.222
1.203
1.357
1.192
1.253
1.276
1.304
1.196
1.200
1.246
1.446
1.308
1.226
1.250
1.267
1.287
1.158
1.251
1.177
1.239
1.208
1.280
1.132
1.278
1.258
1.362
1.271
1.281
1.307
1.333
1.247
1.255
1.364
1.194
1.304
1.273
1.348
1.314
1.158
1.196
1.291
1.246
1.213
1.237
1.199
1.090
1.423
1.255
1.315
1.261
1.264
1.174
1.321
1.267
1.182
1.310
1.287
1.221
1.141
1.198
1.285
1.211
1.222
1.257
1.279
1.291
1.228
1.314
1.276
1.142
1.276
1.251
1.215
1.336
1.174
1.260
1.307
1.311
1.250
1.297
1.177
1.230
1.205
1.216
1.283
1.336
1.320
1.183
1.304
1.200
1.318
1.269
1.204
1.207
1.179
1.244
1.233
1.205
1.344
1.184
1.269
1.148
1.360
1.331
1.295
1.222
1.290
1.259
1.232
1.255
1.363
1.237
1.238
1.295
1.364
1.238
1.341
1.260
1.240
1.308
1.275
1.163
1.318
1.133
1.158
1.222
1.399
1.220
1.239
1.345
1.202
1.364
1.207
1.301
1.344
1.205
1.210
1.171
1.229
1.404
1.304
1.201
1.260
1.319
1.206
1.222
1.150
1.160
1.216
1.237
1.131
1.300
1.330
1.412
1.333
1.368
1.347
1.199
1.280
1.176
1.257
1.367
1.266
1.208
1.237
1.311
1.316
1.265
1.317
1.171
1.253
1.192
1.310
1.325
1.241
1.252
1.244
1.255
1.225
1.301
1.352
1.164
1.390
1.252
1.196
1.229
1.259
1.232
1.376
1.202
1.164
1.197
1.169
1.256
1.249
1.318
1.229
1.278
1.320
1.315
1.324
1.057
1.180
1.214
1.177
1.298
1.254
1.227
1.233
1.259
1.184
1.307
1.268
1.274
1.147
1.202
1.273
1.294
1.311
1.375
1.243
1.316
1.337
1.271
1.277
1.113
1.259
1.279
1.254
1.361
1.154
1.312
1.337
1.212
1.364
1.288
1.341
1.253
1.249
1.319
1.224
1.307
1.358
1.293
1.219
1.245
1.302
1.373
1.221
1.124
1.192
1.249
1.236
1.233
1.162
1.292
1.144
1.155
1.323
1.431
1.216
1.254
1.219
1.364
1.267
1.208
1.238
1.267
1.241
1.204
1.218
1.159
1.187
1.366
1.323
1.243
1.276
1.353
1.415
1.391
1.338
1.109
1.217
1.178
1.244
1.134
1.151
1.289
1.516
1.333
1.298
1.252
1.294
1.216
1.453
1.295
1.266
1.165
1.364
1.217
1.466
1.252
1.217
1.323
1.180
1.223
1.304
1.117
1.281
1.183
1.210
1.253
1.229
1.249
1.180
1.229
1.232
1.162
1.383
1.352
1.353
1.286
1.299
1.412
1.183
1.293
1.215
1.168
1.236
1.173
1.175
1.332
1.286
1.231
1.346
1.236
1.271
1.212
1.273
1.242
1.181
1.306
1.262
1.133
1.183
1.197
1.293
1.262
1.253
1.303
1.248
1.327
1.158
1.317
1.258
1.123
1.183
1.375
1.334
1.262
1.316
1.298
1.291
1.228
1.381
1.340
1.178
1.179
1.360
1.322
1.241
1.205
1.334
1.196
1.311
1.156
1.186
1.302
1.174
1.271
1.337
1.396
1.284
1.474
1.232
1.151
1.195
1.312
1.253
1.228
1.337
1.262
1.263
1.289
1.334
1.279
1.279
1.319
1.225
1.422
1.425
1.191
1.286
1.332
1.346
1.232
1.401
1.224
1.238
1.329
1.215
1.300
1.152
1.363
1.268
1.268
1.250
1.166
1.147
1.186
1.213
1.263
1.256
1.314
1.196
1.390
1.237
1.270
1.286
1.294
1.271
1.261
1.231
1.200
1.237
1.181
1.215
1.353
1.299
1.183
1.371
1.267
1.284
1.281
1.225
1.227
1.262
1.405
1.296
1.215
1.169
1.285
1.238
1.169
1.264
1.309
1.223
1.253
1.320
1.263
1.292
1.238
1.273
1.190
1.208
1.170
1.173
1.275
1.361
1.222
1.333
1.201
1.275
1.216
1.235
1.335
1.168
1.358
1.223
1.295
1.174
1.268
1.244
1.378
1.211
1.277
1.462
1.165
1.210
1.294
1.324
1.217
1.199
1.220
1.384
1.238
1.324
1.316
1.281
1.204
1.197
1.349
1.352
1.272
1.387
1.266
1.211
1.260
1.188
1.385
1.272
1.180
1.369
1.245
1.326
1.400
1.228
1.275
1.223
1.238
1.301
1.436
1.389
1.179
1.251
1.210
1.246
1.180
1.275
1.148
1.251
1.250
1.324
1.320
1.182
1.155
1.168
1.239
1.310
1.242
1.282
1.256
1.099
1.292
1.262
1.314
1.259
1.282
1.222
1.190
1.368
1.131
1.173
1.185
1.310
1.239
1.430
1.352
1.273
1.181
1.250
1.249
1.173
1.224
1.259
1.190
1.263
1.320
1.317
1.250
1.392
1.240
1.142
1.225
1.388
1.240
1.285
1.210
1.277
1.263
1.221
1.290
1.351
1.136
1.239
1.203
1.177
1.239
1.301
1.254
1.134
1.216
1.301
1.236
1.304
1.196
1.257
1.274
1.304
1.365
1.266
1.270
1.355
1.254
1.304
1.229
1.146
1.241
1.257
1.229
1.235
1.231
1.360
1.409
1.273
1.270
1.235
1.395
1.299
1.209
1.190
1.330
1.165
1.309
1.337
1.211
1.382
1.203
1.260
1.308
1.345
1.257
1.405
1.241
1.242
1.351
1.275
1.213
1.280
1.286
1.120
1.213
1.296
1.204
1.220
1.218
1.269
1.345
1.224
1.281
1.290
1.242
1.487
1.288
1.373
1.259
1.110
1.361
1.353
1.343
1.265
1.264
1.219
1.357
1.175
1.314
1.169
1.243
1.351
1.246
1.264
1.206
1.319
1.252
1.379
1.242
1.358
1.152
1.323
1.269
1.270
1.185
1.191
1.178
1.143
1.339
1.384
1.296
1.300
1.324
1.202
1.328
1.272
1.213
1.246
1.251
1.174
1.317
1.298
1.219
1.363
1.182
1.351
1.324
1.141
1.182
1.273
1.331
1.239
1.238
1.236
1.283
1.318
1.311
1.247
1.263
1.345
1.221
1.233
1.362
1.248
1.294
1.240
1.228
1.286
1.180
1.193
1.279
1.410
1.328
1.240
1.486
1.189
1.230
1.141
1.206
1.272
1.276
1.300
1.237
1.275
1.128
1.249
1.172
1.331
1.237
1.298
1.306
1.122
1.404
1.203
1.229
1.365
1.303
1.207
1.344
1.237
1.221
1.173
1.276
1.226
1.251
1.177
1.395
1.196
1.378
1.308
1.319
1.139
1.244
1.218
1.329
1.346
1.181
1.359
1.350
1.256
1.252
1.322
1.363
1.271
1.475
1.286
1.213
1.282
1.228
1.473
1.269
1.187
1.227
1.211
1.280
1.292
1.153
1.159
1.195
1.212
1.210
1.324
1.319
1.236
1.365
1.237
1.212
1.245
1.223
1.428
1.356
1.206
1.287
1.141
1.264
1.424
1.379
1.262
1.226
1.267
1.314
1.238
1.205
1.132
1.185
1.248
1.253
1.287
1.224
1.349
1.196
1.244
1.276
1.290
1.206
1.169
1.370
1.280
1.254
1.250
1.346
1.237
1.326
1.161
1.299
1.344
1.190
1.200
1.296
1.290
1.223
1.313
1.222
1.167
1.365
1.362
1.228
1.349
1.329
1.253
1.213
1.340
1.254
1.361
1.163
1.230
1.291
1.232
1.171
1.223
1.302
1.333
1.444
1.182
1.210
1.329
1.296
1.264
1.194
1.253
1.088
1.338
1.251
1.321
1.149
1.287
1.258
1.262
1.273
1.282
1.298
1.345
1.229
1.250
1.243
1.288
1.323
1.167
1.067
1.363
1.282
1.143
1.192
1.307
1.203
1.219
1.256
1.318
1.269
1.281
1.235
1.274
1.273
1.238
1.161
1.261
1.202
1.200
1.248
1.203
1.302
1.478
1.143
1.315
1.252
1.213
1.158
1.142
1.273
1.135
1.252
1.194
1.240
1.163
1.150
1.198
1.200
1.294
1.298
1.304
1.236
1.236
1.344
1.233
1.320
1.223
1.290
1.241
1.192
1.294
1.365
1.235
1.264
1.175
1.267
1.205
1.229
1.294
1.381
1.327
1.136
1.394
1.185
1.356
1.310
1.453
1.260
1.303
1.401
1.306
1.189
1.226
1.222
1.266
1.218
1.359
1.302
1.268
1.298
1.309
1.200
1.241
1.263
1.235
1.163
1.217
1.311
1.286
1.243
1.247
1.300
1.156
1.267
1.264
1.225
1.267
1.250
1.272
1.123
1.263
1.218
1.332
1.256
1.261
1.283
1.330
1.194
1.249
1.105
1.231
1.322
1.179
1.352
1.405
1.195
1.417
1.182
1.163
1.210
1.226
1.295
1.319
1.232
1.130
1.234
1.261
1.256
1.243
1.210
1.289
1.408
1.316
1.197
1.257
1.296
1.299
1.187
1.215
1.314
1.353
1.231
1.355
1.297
1.298
1.425
1.297
1.371
1.133
1.258
1.228
1.311
1.336
1.364
1.396
1.202
1.252
1.364
1.215
1.250
1.188
1.184
1.132
1.198
1.372
1.323
1.390
1.412
1.309
1.261
1.297
1.085
1.262
1.238
1.257
1.312
1.255
1.323
1.354
1.344
1.225
1.213
1.280
1.460
1.231
1.227
1.189
1.192
1.333
1.151
1.344
1.226
1.353
1.397
1.280
1.362
1.204
1.270
1.285
1.315
1.274
1.181
1.253
1.238
1.190
1.181
1.178
1.210
1.130
1.167
1.325
1.166
1.393
1.242
1.290
1.408
1.282
1.372
1.360
1.200
1.159
1.323
1.291
1.301
1.249
1.337
1.268
1.307
1.327
1.221
1.272
1.230
1.432
1.230
1.405
1.226
1.317
1.183
1.394
1.316
1.401
1.131
1.324
1.294
1.191
1.281
1.259
1.406
1.162
1.219
1.265
1.275
1.352
1.203
1.195
1.216
1.430
1.216
1.178
1.260
1.320
1.272
1.280
1.340
1.220
1.341
1.357
1.373
1.223
1.288
1.213
1.281
1.219
1.191
1.486
1.161
1.426
1.311
1.262
1.393
1.202
1.158
1.402
1.375
1.292
1.142
1.102
1.187
1.291
1.245
1.234
1.304
1.251
1.344
1.266
1.227
1.122
1.278
1.259
1.226
1.327
1.340
1.223
1.239
1.248
1.280
1.295
1.265
1.251
1.179
1.211
1.318
1.285
1.259
1.444
1.337
1.273
1.233
1.268
1.328
1.331
1.177
1.234
1.333
1.273
1.314
1.282
1.236
1.220
1.286
1.350
1.335
1.387
1.262
1.212
1.360
1.284
1.203
1.239
1.305
1.251
1.237
1.322
1.229
1.265
1.215
1.322
1.226
1.265
1.370
1.311
1.210
1.385
1.371
1.421
1.244
1.228
1.293
1.243
1.255
1.231
1.249
1.338
1.203
1.160
1.414
1.233
1.308
1.265
1.297
1.199
1.289
1.232
1.372
1.333
1.246
1.208
1.293
1.162
1.210
1.226
1.257
1.163
1.271
1.198
1.334
1.301
1.306
1.211
1.262
1.243
1.343
1.258
1.288
1.297
1.252
1.222
1.247
1.186
1.215
1.389
1.358
1.240
1.218
1.237
1.285
1.424
1.312
1.226
1.316
1.247
1.328
1.276
1.278
1.293
1.305
1.191
1.340
1.203
1.173
1.325
1.232
1.393
1.254
1.318
1.176
1.160
1.346
1.164
1.234
1.147
1.434
1.146
1.169
1.227
1.348
1.258
1.401
1.188
1.270
1.332
1.202
1.254
1.292
1.214
1.375
1.178
1.210
1.282
1.194
1.144
1.183
1.393
1.307
1.296
1.264
1.255
1.293
1.166
1.275
1.320
1.318
1.233
1.211
1.226
1.335
1.253
1.139
1.324
1.275
1.163
1.308
1.278
1.276
1.373
1.186
1.266
1.354
1.255
1.218
1.383
1.264
1.258
1.285
1.210
1.368
1.102
1.292
1.153
1.293
1.189
1.222
1.211
1.294
1.270
1.341
1.274
1.160
1.241
1.292
1.272
1.356
1.142
1.335
1.367
1.309
1.196
1.296
1.276
1.303
1.222
1.208
1.158
1.254
1.288
1.250
1.298
1.255
1.338
1.332
1.291
1.225
1.333
1.316
1.283
1.311
1.203
1.341
1.154
1.203
1.230
1.206
1.268
1.314
1.289
1.164
1.205
1.266
1.270
1.245
1.249
1.349
1.276
1.241
1.341
1.283
1.207
1.239
1.250
1.184
1.215
1.268
1.300
1.183
1.357
1.282
1.421
1.311
1.260
1.273
1.305
1.128
1.363
1.137
1.309
1.305
1.344
1.279
1.306
1.349
1.411
1.275
1.196
1.197
1.272
1.322
1.317
1.318
1.333
1.280
1.335
1.428
1.125
1.194
1.260
1.226
1.219
1.271
1.292
1.202
1.202
1.310
1.254
1.395
1.286
1.289
1.240
1.317
1.258
1.173
1.194
1.263
1.136
1.297
1.298
1.211
1.249
1.297
1.225
1.311
1.278
1.259
1.331
1.225
1.263
1.230
1.264
1.282
1.117
1.305
1.243
1.218
1.169
1.264
1.276
1.177
1.283
1.286
1.308
1.274
1.236
1.200
1.251
1.217
1.295
1.297
1.169
1.313
1.159
1.271
1.229
1.270
1.201
1.135
1.247
1.203
1.249
1.322
1.207
1.144
1.280
1.165
1.197
1.341
1.387
1.557
1.291
1.177
1.333
1.468
1.270
1.433
1.252
1.252
1.118
1.090
1.242
1.191
1.432
1.260
1.199
1.176
1.224
1.251
1.383
1.183
1.252
1.164
1.460
1.209
1.185
1.204
1.182
1.250
1.207
1.328
1.339
1.221
1.515
1.346
1.239
1.312
1.341
1.210
1.303
1.243
1.281
1.257
1.160
1.189
1.258
1.212
1.288
1.280
1.172
1.210
1.173
1.224
1.229
1.190
1.345
1.412
1.389
1.302
1.183
1.323
1.234
1.354
1.253
1.320
1.203
1.305
1.256
1.156
1.199
1.259
1.284
1.307
1.300
1.271
1.169
1.304
1.221
1.320
1.310
1.216
1.301
1.325
1.336
1.195
1.273
1.286
1.260
1.327
1.300
1.401
1.267
1.244
1.260
1.210
1.350
1.370
1.311
1.287
1.265
1.306
1.304
1.353
1.269
1.345
1.124
1.236
1.185
1.235
1.340
1.307
1.313
1.291
1.277
1.222
1.251
1.412
1.287
1.337
1.220
1.409
1.213
1.242
1.351
1.303
1.292
1.157
1.132
1.325
1.191
1.169
1.413
1.292
1.115
1.184
1.277
1.205
1.302
1.348
1.299
1.268
1.259
1.229
1.108
1.220
1.238
1.381
1.153
1.265
1.272
1.109
1.284
1.209
1.188
1.256
1.266
1.313
1.225
1.256
1.235
1.271
1.341
1.258
1.085
1.322
1.272
1.344
1.167
1.358
1.195
1.263
1.177
1.264
1.238
1.318
1.459
1.274
1.236
1.214
1.263
1.331
1.301
1.347
1.327
1.184
1.240
1.354
1.270
1.277
1.257
1.288
1.355
1.233
1.339
1.195
1.291
1.212
1.127
1.251
1.304
1.251
1.260
1.374
1.297
1.267
1.236
1.296
1.272
1.222
1.246
1.240
1.207
1.364
1.075
1.287
1.338
1.182
1.190
1.305
1.235
1.308
1.187
1.170
1.229
1.162
1.287
1.259
1.201
1.371
1.262
1.389
1.189
1.272
1.319
1.261
1.256
1.272
1.278
1.311
1.148
1.314
1.303
1.255
1.215
1.248
1.181
1.212
1.362
1.249
1.249
1.298
1.205
1.183
1.299
1.289
1.278
1.145
1.330
1.250
1.339
1.272
1.145
1.333
1.160
1.234
1.350
1.359
1.252
1.254
1.354
1.351
1.287
1.350
1.214
1.169
1.301
1.177
1.182
1.402
1.354
1.334
1.312
1.161
1.194
1.271
1.264
1.276
1.265
1.183
1.287
1.265
1.148
1.222
1.224
1.321
1.133
1.218
1.280
1.275
1.129
1.329
1.375
1.243
1.378
1.258
1.348
1.147
1.215
1.336
1.361
1.209
1.201
1.228
1.468
1.440
1.346
1.303
1.258
1.206
1.287
1.184
1.273
1.245
1.274
1.176
1.366
1.241
1.277
1.294
1.267
1.313
1.200
1.231
1.234
1.040
1.396
1.258
1.366
1.343
1.286
1.206
1.236
1.373
1.163
1.201
1.287
1.295
1.316
1.303
1.193
1.357
1.224
1.234
1.279
1.257
1.291
1.273
1.399
1.211
1.291
1.394
1.191
1.252
1.294
1.254
1.275
1.348
1.287
1.224
1.192
1.298
1.261
1.265
1.186
1.217
1.235
1.322
1.359
1.167
1.240
1.250
1.239
1.220
1.310
1.267
1.194
1.190
1.214
1.395
1.349
1.234
1.224
1.235
1.267
1.240
1.322
1.320
1.413
1.304
1.357
1.426
1.258
1.237
1.185
1.339
1.265
1.282
1.330
1.308
1.241
1.071
1.296
1.218
1.363
1.269
1.261
1.247
1.322
1.214
1.118
1.287
1.199
1.092
1.289
1.256
1.206
1.241
1.421
1.320
1.225
1.235
1.257
1.319
1.160
1.253
1.401
1.208
1.220
1.270
1.305
1.282
1.270
1.244
1.293
1.154
1.337
1.341
1.186
1.184
1.165
1.240
1.190
1.109
1.333
1.520
1.186
1.148
1.282
1.251
1.386
1.270
1.213
1.280
1.185
1.329
1.159
1.251
1.261
1.237
1.151
1.461
1.184
1.266
1.282
1.267
1.342
1.093
1.262
1.262
1.172
1.300
1.198
1.304
1.404
1.160
1.323
1.324
1.175
1.383
1.256
1.374
1.252
1.221
1.284
1.418
1.321
1.128
1.280
1.168
1.251
1.182
1.343
1.233
1.236
1.279
1.345
1.299
1.227
1.306
1.187
1.211
1.310
1.240
1.348
1.255
1.226
1.319
1.187
1.245
1.237
1.287
1.242
1.301
1.305
1.156
1.268
1.312
1.270
1.348
1.251
1.217
1.342
1.166
1.245
1.209
1.229
1.291
1.278
1.247
1.288
1.277
1.216
1.275
1.187
1.220
1.239
1.257
1.357
1.256
1.109
1.201
1.250
1.446
1.100
1.289
1.231
1.337
1.293
1.305
1.306
1.338
1.171
1.394
1.356
1.285
1.183
1.201
1.245
1.378
1.289
1.212
1.249
1.269
1.239
1.228
1.307
1.281
1.313
1.257
1.215
1.119
1.253
1.332
1.216
1.228
1.214
1.136
1.192
1.300
1.161
1.241
1.287
1.308
1.209
1.197
1.190
1.250
1.223
1.252
1.351
1.240
1.262
1.274
1.295
1.335
1.224
1.188
1.273
1.175
1.336
1.244
1.175
1.229
1.169
1.155
1.280
1.292
1.236
1.189
1.347
1.154
1.230
1.090
1.213
1.292
1.357
1.240
1.204
1.265
1.265
1.215
1.162
1.199
1.185
1.085
1.229
1.317
1.442
1.221
1.247
1.095
1.294
1.297
1.192
1.299
1.321
1.339
1.288
1.233
1.256
1.442
1.301
1.197
1.252
1.163
1.200
1.215
1.339
1.323
1.147
1.230
1.285
1.185
1.252
1.238
1.206
1.331
1.415
1.377
1.222
1.168
1.332
1.271
1.201
1.379
1.239
1.220
1.272
1.180
1.241
1.477
1.221
1.237
1.430
1.314
1.305
1.168
1.284
1.119
1.245
1.339
1.307
1.126
1.247
1.177
1.259
1.284
1.251
1.223
1.226
1.288
1.281
1.220
1.215
1.249
1.176
1.283
1.134
1.221
1.213
1.335
1.205
1.374
1.321
1.424
1.168
1.326
1.285
1.168
1.255
1.329
1.242
1.164
1.215
1.287
1.220
1.393
1.296
1.305
1.318
1.266
1.156
1.346
1.283
1.152
1.285
1.377
1.301
1.210
1.381
1.276
1.283
1.242
1.233
1.295
1.246
1.187
1.290
1.163
1.157
1.252
1.290
1.125
1.247
1.422
1.141
1.084
1.195
1.245
1.150
1.489
1.219
1.184
1.316
1.223
1.244
1.200
1.152
1.218
1.413
1.211
1.433
1.193
1.138
1.215
1.343
1.253
1.048
1.284
1.220
1.228
1.279
1.319
1.225
1.176
1.230
1.228
1.142
1.255
1.217
1.124
1.125
1.220
1.335
1.305
1.287
1.215
1.349
1.254
1.181
1.218
1.377
1.335
1.237
1.139
1.270
1.252
1.178
1.257
1.185
1.215
1.168
1.277
1.277
1.380
1.147
1.111
1.132
1.257
1.162
1.206
1.242
1.177
1.113
1.280
1.121
1.119
1.183
1.244
1.241
1.191
1.249
1.305
1.311
1.089
1.271
1.356
1.218
1.229
1.267
1.289
1.343
1.223
1.207
1.257
1.279
1.195
1.417
1.162
1.132
1.194
1.271
1.262
1.139
1.242
1.284
1.249
1.359
1.322
1.254
1.231
1.234
1.195
1.268
1.391
1.210
1.304
1.227
1.081
1.172
1.213
1.338
1.229
1.169
1.168
1.262
1.261
1.213
1.396
1.106
1.222
1.321
1.236
1.214
1.194
1.248
1.173
1.401
1.342
1.389
1.267
1.179
1.367
1.255
1.297
1.141
1.155
1.263
1.266
1.441
1.288
1.431
1.077
1.323
1.292
1.174
1.207
1.242
1.219
1.235
1.257
1.294
1.207
1.274
1.203
1.201
1.175
1.312
1.390
1.238
1.218
1.099
1.428
1.319
1.207
1.315
1.256
1.231
1.182
1.240
1.363
1.365
1.249
1.262
1.230
1.282
1.268
1.414
1.380
1.201
1.232
1.185
1.249
1.227
1.182
1.304
1.304
1.186
1.193
1.179
1.214
1.228
1.226
1.403
1.321
1.103
1.261
1.182
1.160
1.131
1.197
1.184
1.256
1.387
1.152
1.132
1.068
1.142
1.204
1.276
1.152
1.138
1.278
1.331
1.124
1.136
1.232
1.437
1.386
1.266
1.331
1.241
1.215
1.213
1.240
1.405
1.234
1.293
1.178
1.218
1.331
1.180
1.290
1.410
1.308
1.156
1.192
1.203
1.226
1.083
1.222
1.312
1.183
1.191
1.251
1.261
1.124
1.246
1.240
1.230
1.203
1.173
1.366
1.194
1.229
1.043
1.393
1.261
1.123
1.204
1.347
1.229
1.231
1.266
1.329
1.198
1.182
1.280
1.141
1.239
1.233
1.203
1.302
1.297
1.120
1.250
1.132
1.264
1.296
1.209
1.162
1.289
1.327
1.333
1.218
1.242
1.291
1.207
1.232
1.169
1.347
1.097
1.176
1.276
1.240
1.310
1.272
1.224
1.360
1.268
1.177
1.189
1.414
1.235
1.278
1.109
1.071
1.243
1.226
1.157
1.262
1.354
1.288
1.192
1.322
1.290
1.358
1.315
1.167
1.377
1.177
1.244
1.280
1.265
1.116
1.281
1.150
1.219
1.216
1.237
1.337
1.291
1.242
1.184
1.210
1.271
1.153
1.378
1.120
1.180
1.153
1.213
1.321
1.314
1.228
1.270
1.175
1.298
1.235
1.308
1.198
1.334
1.205
1.206
1.241
1.273
1.215
1.252
1.172
1.283
1.205
1.216
1.165
1.178
1.185
1.246
1.172
1.131
1.376
1.333
1.316
1.227
1.249
1.201
1.173
1.199
1.215
1.213
1.274
1.190
1.162
1.308
1.165
1.415
1.204
1.310
1.212
1.130
1.246
1.173
1.185
1.428
1.192
1.199
1.286
1.204
1.123
1.245
1.285
1.289
1.192
1.203
1.248
1.281
1.208
1.316
1.123
1.110
1.236
1.267
1.263
1.220
1.190
1.292
1.242
1.146
1.373
1.378
1.234
1.169
1.169
1.169
1.189
1.065
1.169
1.169
1.257
1.231
1.295
1.216
1.210
1.144
1.273
1.409
1.205
1.315
1.212
1.222
1.120
1.266
1.265
1.256
1.253
1.135
1.219
1.207
1.359
1.245
1.304
1.210
1.234
1.162
1.250
1.197
1.266
1.154
1.255
1.298
1.120
1.209
1.219
1.217
1.196
1.167
1.252
1.379
1.136
1.160
1.258
1.297
1.185
1.156
1.249
1.164
1.268
1.205
1.297
1.106
1.241
1.289
1.314
1.283
1.272
1.283
1.212
1.162
1.303
1.385
1.153
1.212
1.334
1.219
1.247
1.275
1.174
1.337
1.227
1.156
1.252
1.166
1.199
1.206
1.174
1.148
1.324
1.230
1.398
1.210
1.339
1.344
1.189
1.271
1.236
1.368
1.240
1.208
1.236
1.088
1.233
1.193
1.117
1.216
1.317
1.109
1.151
1.169
1.368
1.240
1.310
1.170
1.204
1.272
1.372
1.352
1.264
1.128
1.300
1.246
1.175
1.264
1.302
1.231
1.454
1.266
1.232
1.319
1.179
1.332
1.241
1.218
1.242
1.263
1.219
1.250
1.309
1.137
1.150
1.220
1.216
1.163
1.180
1.278
1.188
1.220
1.277
1.191
1.126
1.205
1.076
1.228
1.183
1.265
1.206
1.154
1.181
1.114
1.328
1.228
1.182
1.231
1.104
1.043
1.200
1.237
1.052
1.240
1.223
1.151
1.093
1.230
1.114
1.197
1.163
1.266
1.219
1.186
1.339
1.119
1.262
1.111
1.268
1.299
1.176
1.383
1.155
1.221
1.151
1.257
1.210
1.221
1.237
1.233
1.308
1.337
1.312
1.198
1.199
1.202
1.181
1.178
1.363
1.329
1.223
1.307
1.203
1.335
1.205
1.263
1.284
1.182
1.275
1.227
1.283
1.273
1.208
1.265
1.127
1.125
1.299
1.257
1.187
1.237
1.186
1.240
1.160
1.229
1.264
1.153
1.235
1.335
1.313
1.219
1.186
1.246
1.279
1.167
1.245
1.177
1.194
1.211
1.210
1.314
1.243
1.259
1.251
1.130
1.294
1.138
1.247
1.217
1.323
1.198
1.132
1.241
1.251
1.259
1.363
1.412
1.170
1.099
1.228
1.178
1.233
1.192
1.220
1.174
1.203
1.222
1.255
1.211
1.328
1.310
1.278
1.319
1.382
1.175
1.190
1.239
1.383
1.121
1.175
1.173
1.210
1.287
1.172
1.279
1.210
1.184
1.249
1.210
1.186
1.241
1.125
1.216
1.377
1.300
1.235
1.235
1.181
1.293
1.268
1.421
1.161
1.275
1.317
1.266
1.178
1.346
1.250
1.265
1.145
1.129
1.284
1.173
1.303
1.251
1.223
1.258
1.039
1.240
1.243
1.295
1.108
1.294
1.300
1.284
1.236
1.247
1.131
1.351
1.224
1.220
1.217
1.221
1.303
1.186
1.177
1.139
1.395
1.100
1.235
1.180
1.213
1.222
1.261
1.359
1.168
1.235
1.252
1.297
1.335
1.230
1.216
1.252
1.171
1.079
1.283
1.210
1.317
1.193
1.200
1.216
1.164
1.184
1.255
1.392
1.195
1.296
1.167
1.193
1.221
1.155
1.240
1.208
1.155
1.198
1.347
1.278
1.237
1.268
1.322
1.242
1.256
1.194
1.232
1.217
1.196
1.375
1.212
1.289
1.352
1.201
1.190
1.255
1.327
1.355
1.261
1.286
1.223
1.385
1.373
1.286
1.226
1.377
1.073
1.168
1.316
1.200
1.196
1.276
1.236
1.350
1.205
1.241
1.204
1.224
1.165
1.149
1.162
1.190
1.301
1.206
1.250
1.177
1.353
1.224
1.182
1.348
1.237
1.168
1.188
1.266
1.291
1.228
1.147
1.093
1.320
1.150
1.239
1.290
1.351
1.187
1.280
1.326
1.224
1.271
1.282
1.186
1.274
1.337
1.380
1.196
1.259
1.236
1.173
1.276
1.084
1.232
1.224
1.198
1.162
1.232
1.207
1.264
1.215
1.176
1.238
1.204
1.319
1.141
1.157
1.177
1.235
1.215
1.094
1.152
1.176
1.416
1.216
1.223
1.201
1.356
1.123
1.338
1.146
1.314
1.221
1.225
1.280
1.208
1.181
1.196
1.302
1.111
1.381
1.201
1.274
1.229
1.187
1.229
1.199
1.178
1.200
1.302
1.279
1.255
1.134
1.250
1.238
1.113
1.319
1.282
1.168
1.324
1.241
1.238
1.248
1.342
1.157
1.134
1.198
1.214
1.252
1.315
1.329
1.218
1.170
1.129
1.178
1.266
1.148
1.187
1.153
1.242
1.385
1.344
1.300
1.300
1.251
1.151
1.216
1.242
1.255
1.402
1.173
1.198
1.292
1.240
1.170
1.173
1.204
1.274
1.156
1.266
1.266
1.334
1.205
1.160
1.251
1.147
1.188
1.328
1.263
1.229
1.207
1.249
1.377
1.217
1.230
1.232
1.156
1.201
1.239
1.180
1.173
1.142
1.385
1.167
1.196
1.248
1.279
1.256
1.164
1.331
1.101
1.186
1.217
1.187
1.231
1.134
1.270
1.302
1.237
1.105
1.231
1.229
1.199
1.264
1.279
1.203
1.204
1.172
1.253
1.287
1.173
1.193
1.159
1.287
1.302
1.193
1.162
1.181
1.204
1.263
1.225
1.264
1.200
1.350
1.165
1.314
1.258
1.207
1.363
1.163
1.303
1.368
1.264
1.336
1.156
1.307
1.277
1.208
1.226
1.133
1.213
1.256
1.374
1.263
1.127
1.468
1.285
1.208
1.317
1.259
1.184
1.283
1.266
1.225
1.247
1.285
1.183
1.294
1.130
1.165
1.178
1.258
1.354
1.177
1.180
1.234
1.112
1.154
1.287
1.173
1.140
1.148
1.245
1.215
1.035
1.319
1.213
1.230
1.235
1.087
1.303
1.206
1.288
1.261
1.259
1.115
1.014
1.244
1.206
1.196
1.230
1.228
1.315
1.260
1.249
1.189
1.288
1.260
1.217
1.237
1.185
1.296
1.224
1.188
1.296
1.188
1.247
1.117
1.279
1.221
1.213
1.202
1.144
1.224
1.244
1.128
1.168
1.266
1.313
1.283
1.161
1.152
1.302
1.216
1.240
1.228
1.222
1.184
1.284
1.156
1.130
1.333
1.270
1.301
1.311
1.170
1.220
1.314
1.163
1.214
1.242
1.226
1.212
1.231
1.282
1.146
1.174
1.200
1.068
1.165
1.320
1.200
1.174
1.178
1.253
1.139
1.290
1.411
1.188
1.250
1.271
1.245
1.230
1.246
1.217
1.217
1.341
1.155
1.238
1.214
1.125
1.239
1.296
1.238
1.102
1.251
1.187
1.157
1.329
1.155
1.349
1.270
1.161
1.216
1.104
1.224
1.287
1.362
1.154
1.246
1.205
1.251
1.290
1.097
1.206
1.171
1.224
1.249
1.240
1.270
1.244
1.195
1.310
1.317
1.186
1.191
1.244
1.332
1.246
1.225
1.279
1.267
1.274
1.112
1.344
1.261
1.294
1.210
1.397
1.135
1.191
1.305
1.248
1.343
1.289
1.387
1.179
1.268
1.194
1.159
1.383
1.261
1.199
1.180
1.279
1.136
1.236
1.436
1.204
1.256
1.198
1.224
1.276
1.212
1.221
1.159
1.253
1.230
1.204
1.258
1.180
1.060
1.104
1.355
1.365
1.234
1.240
1.320
1.281
1.103
1.180
1.240
1.175
1.167
1.172
1.170
1.307
1.160
1.226
1.299
1.278
1.263
1.103
1.118
1.401
1.311
1.405
1.447
1.300
1.201
1.203
1.225
1.227
1.197
1.312
1.230
1.254
1.375
1.193
1.141
1.229
1.239
1.337
1.223
1.202
1.186
1.168
1.205
1.354
1.321
1.198
1.225
1.145
1.205
1.307
1.201
1.244
1.273
1.159
1.286
1.168
1.230
1.260
1.293
1.253
1.191
1.285
1.171
1.184
1.069
1.410
1.186
1.185
1.267
1.305
1.173
1.188
1.273
1.161
1.203
1.241
1.196
1.090
1.267
1.253
1.246
1.270
1.206
1.299
1.208
1.150
1.414
1.335
1.265
1.176
1.319
1.134
1.350
1.124
1.173
1.411
1.143
1.179
1.149
1.195
1.277
1.281
1.159
1.252
1.221
1.257
1.290
1.074
1.193
1.131
1.163
1.201
1.199
1.219
1.340
1.287
1.113
1.251
1.223
1.335
1.166
1.207
1.184
1.247
1.204
1.196
1.221
1.176
1.192
1.234
1.260
1.147
1.270
1.125
1.234
1.211
1.202
1.276
1.202
1.362
1.148
1.272
1.254
1.272
1.170
1.168
1.287
1.253
1.250
1.148
1.164
1.301
1.355
1.222
1.169
1.223
1.207
1.124
1.252
1.111
1.277
1.189
1.123
1.177
1.354
1.175
1.247
1.374
1.171
1.236
1.206
1.254
1.285
1.207
1.333
1.233
1.277
1.181
1.177
1.364
1.184
1.161
1.234
1.258
1.124
1.241
1.164
1.240
1.220
1.206
1.190
1.289
1.146
1.312
1.135
1.208
1.321
1.281
1.236
1.235
1.189
1.263
1.265
1.273
1.246
1.227
1.324
1.272
1.296
1.202
1.160
1.191
1.198
1.201
1.202
1.169
1.227
1.304
1.149
1.289
1.314
1.242
1.299
1.255
1.282
1.381
1.159
1.179
1.171
1.217
1.301
1.174
1.341
1.209
1.265
1.239
1.240
1.173
1.212
1.331
1.258
1.193
1.206
1.188
1.193
1.195
1.095
1.156
1.136
1.167
1.287
1.217
1.194
1.362
1.231
1.215
1.179
1.229
1.233
1.133
1.269
1.105
1.261
1.172
1.272
1.278
1.296
1.146
1.132
1.293
1.178
1.193
1.220
1.325
1.165
1.348
1.249
1.076
1.185
1.291
1.219
1.165
1.245
1.245
1.138
1.176
1.145
1.239
1.293
1.246
1.274
1.135
1.304
1.125
1.235
1.439
1.238
1.217
1.304
1.201
1.335
1.180
1.261
1.140
1.212
1.105
1.220
1.192
1.333
1.182
1.143
1.221
1.195
1.266
1.128
1.133
1.236
1.345
1.184
1.123
1.224
1.268
1.164
1.253
1.218
1.317
1.107
1.225
1.244
1.146
1.338
1.294
1.328
1.233
1.202
1.316
1.317
1.218
1.275
1.091
1.105
1.143
1.097
1.265
1.238
1.412
1.248
1.207
1.240
1.275
1.224
1.426
1.190
1.213
1.255
1.147
1.373
1.249
1.278
1.394
1.276
1.245
1.314
1.341
1.315
1.203
1.248
1.152
1.316
1.179
1.244
1.185
1.160
1.231
1.191
1.246
1.296
1.361
1.197
1.309
1.232
1.188
1.297
1.240
1.265
1.245
1.171
1.247
1.206
1.239
1.209
1.410
1.147
1.217
1.224
1.231
1.243
1.267
1.199
1.335
1.220
1.224
1.355
1.391
1.271
1.171
1.197
1.161
1.265
1.209
1.316
1.250
1.241
1.200
1.150
1.216
1.238
1.293
1.245
1.261
1.218
1.159
1.155
1.325
1.314
1.315
1.334
1.187
1.241
1.325
1.385
1.261
1.271
1.416
1.277
1.039
1.329
1.171
1.157
1.321
1.212
1.292
1.246
1.349
1.294
1.271
1.162
1.246
1.352
1.180
1.292
1.332
1.222
1.151
1.263
1.136
1.199
1.289
1.229
1.167
1.301
1.347
1.231
1.172
1.276
1.287
1.179
1.119
1.074
1.201
1.265
1.204
1.291
1.364
1.196
1.224
1.353
1.207
1.343
1.341
1.247
1.228
1.422
1.293
1.238
1.098
1.313
1.125
1.212
1.291
1.424
1.185
1.282
1.283
1.187
1.316
1.174
1.288
1.237
1.265
1.224
1.251
1.338
1.310
1.305
1.182
1.364
1.273
1.183
1.418
1.232
1.161
1.303
1.195
1.351
1.175
1.285
1.194
1.158
1.130
1.217
1.148
1.198
1.273
1.234
1.097
1.314
1.217
1.272
1.234
1.247
1.404
1.116
1.320
1.175
1.264
1.041
1.183
1.235
1.292
1.267
1.264
1.185
1.267
1.164
1.144
1.373
1.225
1.235
1.147
1.135
1.193
1.251
1.083
1.202
1.289
1.360
1.149
1.229
1.325
1.252
1.091
1.304
1.192
1.312
1.278
1.212
1.277
1.156
1.249
1.284
1.241
1.215
1.283
1.209
1.230
1.182
1.152
1.318
1.287
1.316
1.261
1.278
1.270
1.140
1.231
1.324
1.335
1.153
1.109
1.327
1.263
1.345
1.233
1.259
1.243
1.238
1.350
1.251
1.029
1.257
1.319
1.139
1.345
1.175
1.354
1.384
1.395
1.291
1.142
1.248
1.253
1.148
1.314
1.278
1.176
1.234
1.171
1.147
1.307
1.196
1.203
1.275
1.290
1.265
1.200
1.177
1.205
1.142
1.184
1.249
1.245
1.265
1.279
1.191
1.207
1.332
1.171
1.202
1.197
1.207
1.188
1.188
1.373
1.149
1.195
1.163
1.142
1.188
1.390
1.191
1.310
1.316
1.212
1.237
1.251
1.197
1.268
1.170
1.270
1.244
1.151
1.361
1.299
1.170
1.252
1.197
1.290
1.101
1.202
1.255
1.133
1.277
1.088
1.252
1.363
1.202
1.240
1.329
1.232
1.276
1.258
1.299
1.236
1.141
1.268
1.275
1.136
1.256
1.165
1.180
1.216
1.201
1.314
1.223
1.290
1.294
1.185
1.190
1.237
1.221
1.352
1.180
1.350
1.276
1.239
1.183
1.256
1.164
1.227
1.241
1.287
1.152
1.236
1.123
1.155
1.166
1.243
1.332
1.245
1.323
1.122
1.133
1.185
1.286
1.271
1.103
1.152
1.176
1.169
1.084
1.318
1.256
1.242
1.178
1.200
1.234
1.190
1.326
1.209
1.293
1.211
1.196
1.285
1.212
1.267
1.359
1.227
1.132
1.271
1.309
1.249
1.190
1.183
1.203
1.159
1.364
1.400
1.343
1.354
1.240
1.183
1.323
1.166
1.180
1.139
1.199
1.056
1.242
1.123
1.203
1.204
1.164
1.122
1.205
1.163
1.374
1.240
1.170
1.225
1.232
1.148
1.207
1.169
1.181
1.164
1.210
1.306
1.178
1.136
1.119
1.337
1.195
1.202
1.107
1.349
1.252
1.182
1.243
1.237
1.377
1.347
1.196
1.287
1.151
1.212
1.342
1.159
1.264
1.203
1.264
1.230
1.321
1.142
1.229
1.282
1.297
1.255
1.207
1.377
1.252
1.235
1.369
1.219
1.159
1.204
1.351
1.217
1.138
1.275
1.269
1.446
1.328
1.205
1.247
1.272
1.353
1.209
1.232
1.277
1.190
1.288
1.121
1.287
1.242
1.237
1.298
1.189
1.208
1.143
1.234
1.205
1.238
1.259
1.285
1.255
1.336
1.199
1.289
1.256
1.255
1.378
1.122
1.152
1.177
1.249
1.221
1.185
1.176
1.240
1.266
1.120
1.297
1.196
1.291
1.173
1.187
1.354
1.105
1.155
1.250
1.255
1.172
1.208
1.267
1.209
1.256
1.266
1.171
1.142
1.176
1.149
1.222
1.197
1.292
1.216
1.295
1.142
1.087
1.176
1.355
1.323
1.471
1.180
1.217
1.278
1.258
1.153
1.152
1.268
1.324
1.140
1.268
1.355
1.269
1.438
1.228
1.234
1.303
1.139
1.393
1.326
1.277
1.106
1.183
1.123
1.162
1.084
1.196
1.147
1.310
1.269
1.210
1.156
1.308
1.239
1.193
1.170
1.313
1.313
1.136
1.319
1.220
1.112
1.182
1.348
1.169
1.283
1.130
1.183
1.357
1.215
1.337
1.215
1.263
1.215
1.206
1.190
1.139
1.366
1.372
1.349
1.227
1.248
1.275
1.208
1.179
1.347
1.317
1.325
1.196
1.130
1.115
1.169
1.244
1.220
1.328
1.313
1.269
1.091
1.238
1.232
1.233
1.225
1.246
1.216
1.224
1.228
1.236
1.291
1.289
1.097
1.290
1.151
1.333
1.289
1.210
1.181
1.212
1.275
1.284
1.170
1.222
1.251
1.262
1.218
1.249
1.282
1.197
1.444
1.186
1.191
1.288
1.229
1.295
1.194
1.212
1.255
1.185
1.207
1.243
1.258
1.220
1.233
1.118
1.076
1.178
1.234
1.220
1.252
1.284
1.344
1.267
1.217
1.197
1.272
1.145
1.373
1.209
1.072
1.184
1.213
1.170
1.301
1.448
1.148
1.274
1.102
1.207
1.079
1.172
1.204
1.298
1.246
1.181
1.256
1.262
1.175
1.368
1.278
1.128
1.208
1.206
1.092
1.259
1.206
1.173
1.096
1.257
1.226
1.212
1.230
1.213
1.200
1.369
1.101
1.252
1.319
1.238
1.137
1.245
1.177
1.259
1.263
1.252
1.224
1.228
1.334
1.212
1.196
1.266
1.198
1.270
1.272
1.241
1.255
1.232
1.333
1.272
1.212
1.318
1.248
1.284
1.355
1.227
1.200
1.107
1.227
1.127
1.192
1.177
1.165
1.192
1.250
1.300
1.230
1.289
1.312
1.336
1.185
1.169
1.221
1.265
1.283
1.296
1.307
1.319
1.209
1.158
1.305
1.205
1.263
1.230
1.267
1.241
1.242
1.188
1.149
1.282
1.114
1.245
1.202
1.205
1.143
1.263
1.297
1.333
1.197
1.245
1.295
1.225
1.213
1.240
1.346
1.152
1.286
1.275
1.246
1.128
1.376
1.191
1.319
1.194
1.146
1.216
1.214
1.192
1.218
1.225
1.093
1.263
1.276
1.348
1.274
1.160
1.294
1.368
1.237
1.210
1.241
1.172
1.255
1.206
1.162
1.226
1.231
1.334
1.256
1.244
1.168
1.282
1.228
1.213
1.178
1.175
1.241
1.265
1.248
1.142
1.146
1.073
1.187
1.227
1.357
1.344
1.153
1.211
1.263
1.220
1.142
1.275
1.175
1.247
1.306
1.268
1.236
1.237
1.186
1.264
1.157
1.174
1.421
1.276
1.320
1.210
1.219
1.238
1.240
1.324
1.179
1.207
1.176
1.144
1.304
1.171
1.363
1.178
1.320
1.178
1.387
1.308
1.072
1.190
1.296
1.181
1.234
1.302
1.265
1.218
1.165
1.184
1.185
1.300
1.091
1.187
1.216
1.120
1.228
1.306
1.194
1.210
1.208
1.143
1.205
1.130
1.310
1.117
1.208
1.208
1.293
1.314
1.208
1.183
1.361
1.257
1.330
1.225
1.233
1.279
1.204
1.267
1.248
1.230
1.152
1.201
1.248
1.175
1.172
1.321
1.183
1.246
1.152
1.220
1.146
1.122
1.152
1.205
1.143
1.270
1.205
1.136
1.180
1.330
1.249
1.240
1.253
1.202
1.266
1.162
1.239
1.240
1.270
1.290
1.214
1.247
1.126
1.228
1.298
1.224
1.236
1.291
1.166
1.204
1.353
1.204
1.337
1.187
1.198
1.126
1.192
1.287
1.238
1.225
1.224
1.203
1.217
1.245
1.318
1.329
1.261
1.267
1.293
1.370
1.150
1.221
1.267
1.268
1.191
1.155
1.197
1.175
1.218
1.171
1.233
1.154
1.286
1.167
1.190
1.247
1.261
1.212
1.266
1.210
1.174
1.252
1.263
1.195
1.218
1.238
1.199
1.135
1.335
1.275
1.249
1.268
1.106
1.210
1.275
1.409
1.267
1.292
1.190
1.340
1.240
1.316
1.274
1.213
1.108
1.186
1.251
1.285
1.293
1.254
1.209
1.125
1.187
1.292
1.108
1.180
1.225
1.270
1.179
1.202
1.212
1.199
1.211
1.250
1.188
1.193
1.175
1.152
1.265
1.300
1.197
1.200
1.301
1.234
1.262
1.120
1.331
1.266
1.212
1.155
1.112
1.148
1.219
1.240
1.154
1.141
1.241
1.315
1.263
1.279
1.371
1.263
1.309
1.225
1.292
1.303
1.284
1.291
1.170
1.199
1.194
1.175
1.064
1.284
1.233
1.252
1.152
1.264
1.124
1.352
1.124
1.160
1.166
1.271
1.337
1.349
1.227
1.135
1.203
1.442
1.401
1.265
1.300
1.132
1.098
1.299
1.299
1.231
1.175
1.202
1.237
1.248
1.354
1.205
1.259
1.179
1.175
1.256
1.183
1.186
1.472
1.038
1.239
1.298
1.180
1.312
1.147
1.204
1.214
1.338
1.277
1.256
1.344
1.162
1.218
1.276
1.219
1.215
1.257
1.133
1.129
1.322
1.206
1.162
1.228
1.172
1.186
1.342
1.205
1.156
1.221
1.236
1.165
1.178
1.275
1.135
1.153
1.098
1.219
1.358
1.144
1.221
1.244
1.151
1.186
1.142
1.264
1.301
1.290
1.316
1.199
1.291
1.198
1.216
1.160
1.118
1.196
1.339
1.133
1.214
1.116
1.069
1.152
1.115
1.274
1.253
1.260
1.289
1.199
1.287
1.093
1.240
1.236
1.191
1.241
1.261
1.237
1.321
1.273
1.161
1.247
1.238
1.163
1.302
1.189
1.329
1.126
1.327
1.239
1.155
1.532
1.306
1.217
1.244
1.305
1.168
1.239
1.209
1.233
1.226
1.219
1.300
1.362
1.172
1.196
1.278
1.137
1.174
1.069
1.149
1.148
1.265
1.157
1.174
1.174
1.177
1.264
1.147
1.249
1.164
1.259
1.148
1.133
1.241
1.087
1.294
1.236
1.247
1.215
1.323
1.252
1.259
1.252
1.288
1.345
1.422
1.260
1.263
1.322
1.148
1.108
1.172
1.184
1.274
1.171
1.131
1.250
1.257
1.219
1.137
1.184
1.200
1.157
1.156
1.140
1.062
1.200
1.200
1.167
1.272
1.313
1.317
1.183
1.135
1.329
1.258
1.280
1.372
1.290
1.355
1.345
1.179
1.224
1.413
1.289
1.184
1.188
1.220
1.144
1.237
1.159
1.238
1.266
1.213
1.280
1.189
1.269
1.306
1.291
1.045
1.139
1.145
1.438
1.148
1.173
1.341
1.357
1.157
1.310
1.173
1.150
1.280
1.224
1.261
1.226
1.328
1.165
1.247
1.222
1.280
1.207
1.153
1.130
1.304
1.294
1.292
1.124
1.255
1.225
1.206
1.243
1.215
1.197
1.232
1.174
1.189
1.176
1.427
1.217
1.151
1.222
1.219
1.200
1.284
1.246
1.281
1.240
1.281
1.177
1.348
1.247
1.199
1.197
1.210
1.184
1.265
1.281
1.361
1.140
1.182
1.140
1.265
1.285
1.323
1.326
1.130
1.261
1.266
1.157
1.201
1.196
1.096
1.177
1.159
1.224
1.280
1.292
1.381
1.432
1.119
1.242
1.136
1.224
1.219
1.350
1.234
1.379
1.138
1.254
1.181
1.155
1.223
1.346
1.260
1.245
1.128
1.198
1.222
1.343
1.270
1.342
1.243
1.132
1.276
1.097
1.270
1.281
1.220
1.172
1.109
1.244
1.309
1.195
1.236
1.240
1.212
1.234
1.200
1.251
1.217
1.246
1.316
1.261
1.198
1.335
1.355
1.182
1.147
1.283
1.241
1.188
1.192
1.250
1.143
1.190
1.085
1.248
1.241
1.282
1.217
1.166
1.209
1.080
1.241
1.318
1.195
1.226
1.247
1.221
1.215
1.194
1.207
1.322
1.187
1.265
1.172
1.164
1.251
1.244
1.306
1.272
1.136
1.249
1.174
1.207
1.222
1.193
1.212
1.215
1.334
1.099
1.210
1.278
1.221
1.106
1.196
1.227
1.350
1.135
1.200
1.335
1.226
1.148
1.145
1.177
1.358
1.317
1.198
1.237
1.146
1.278
1.177
1.235
1.183
1.236
1.182
1.059
1.347
1.230
1.158
1.306
1.274
1.110
1.336
1.244
1.275
1.231
1.233
1.226
1.329
1.229
1.200
1.195
1.313
1.271
1.307
1.195
1.338
1.192
1.184
1.235
1.121
1.211
1.337
1.270
1.110
1.249
1.227
1.289
1.183
1.313
1.429
1.349
1.166
1.216
1.242
1.247
1.172
1.223
1.243
1.246
1.263
1.135
1.180
1.228
1.175
1.114
1.181
1.188
1.198
1.237
1.315
1.262
1.285
1.240
1.130
1.288
1.217
1.179
1.190
1.226
1.181
1.326
1.300
1.243
1.265
1.164
1.243
1.316
1.239
1.168
1.210
1.142
1.157
1.270
1.236
1.182
1.292
1.188
1.290
1.274
1.147
1.351
1.178
1.077
1.128
1.189
1.143
1.228
1.344
1.219
1.254
1.222
1.368
1.194
1.292
1.310
1.215
1.243
1.188
1.257
1.428
1.176
1.276
1.175
1.372
1.200
1.274
1.316
1.260
1.124
1.284
1.185
1.272
1.219
1.287
1.316
1.208
1.180
1.256
1.326
1.199
1.224
1.289
1.288
1.366
1.169
1.194
1.130
1.348
1.151
1.378
1.209
1.199
1.376
1.253
1.253
1.161
1.104
1.278
1.248
1.307
1.383
1.311
1.182
1.156
1.242
1.174
1.242
1.138
1.216
1.207
1.209
1.204
1.396
1.151
1.181
1.038
1.179
1.264
1.355
1.142
1.192
1.215
1.175
1.216
1.307
1.220
1.289
1.159
1.265
1.282
1.280
1.343
1.236
1.146
1.175
1.154
1.326
1.194
1.218
1.189
1.234
1.184
1.271
1.172
1.114
1.253
1.366
1.281
1.286
1.286
1.166
1.274
1.228
1.189
1.247
1.169
1.259
1.200
1.191
1.202
1.299
1.251
1.247
1.149
1.281
1.126
1.225
1.103
1.354
1.253
1.233
1.258
1.176
1.183
1.258
1.303
1.124
1.298
1.275
1.209
1.396
1.231
1.252
1.282
1.187
1.336
1.177
1.295
1.236
1.261
1.334
1.299
1.334
1.334
1.255
1.183
1.252
1.232
1.227
1.225
1.150
1.216
1.308
1.249
1.351
1.291
1.145
1.258
1.199
1.266
1.186
1.245
1.194
1.201
1.245
1.194
1.178
1.311
1.253
1.149
1.085
1.258
1.215
1.088
1.203
1.116
1.292
1.258
1.214
1.275
1.216
1.143
1.216
1.239
1.216
1.203
1.237
1.249
1.236
1.223
1.332
1.323
1.362
1.274
1.262
1.250
1.192
1.137
1.061
1.314
1.436
1.182
1.261
1.253
1.343
1.242
1.215
1.170
1.177
1.328
1.218
1.133
1.294
1.307
1.297
1.309
1.231
1.157
1.256
1.214
1.224
1.253
1.202
1.264
1.225
1.195
1.283
1.250
1.111
1.178
1.376
1.285
1.307
1.280
1.305
1.287
1.233
1.239
1.235
1.326
1.188
1.301
1.212
1.181
1.194
1.266
1.061
1.146
1.219
1.263
1.325
1.151
1.256
1.166
1.134
1.318
1.146
1.311
1.253
1.209
1.192
1.239
1.217
1.225
1.328
1.225
1.189
1.176
1.255
1.276
1.235
1.209
1.145
1.235
1.247
1.258
1.294
1.153
1.213
1.225
1.218
1.209
1.174
1.272
1.163
1.155
1.153
1.173
1.183
1.151
1.240
1.277
1.148
1.333
1.329
1.153
1.318
1.251
1.192
1.166
1.266
1.225
1.233
1.174
1.215
1.268
1.286
1.192
1.304
1.151
1.237
1.258
1.231
1.293
1.167
1.201
1.155
1.195
1.307
1.277
1.260
1.236
1.128
1.263
1.173
1.235
1.278
1.191
1.255
1.103
1.268
1.185
1.256
1.265
1.282
1.286
1.246
1.145
1.290
1.213
1.199
1.265
1.238
1.295
1.223
1.188
1.235
1.284
1.212
1.211
1.208
1.172
1.219
1.126
1.241
1.185
1.211
1.273
1.016
1.242
1.055
1.179
1.281
1.319
1.287
1.165
1.325
1.326
1.317
1.269
1.220
1.227
1.169
1.166
1.304
1.166
1.167
1.100
1.270
1.328
1.188
1.163
1.155
1.097
1.188
1.175
1.305
1.282
1.147
1.260
1.196
1.256
1.202
1.159
1.238
1.412
1.244
1.146
1.204
1.158
1.198
1.149
1.119
1.258
1.317
1.124
1.294
1.245
1.231
1.213
1.167
1.156
1.224
1.222
1.215
1.175
1.290
1.196
1.198
1.334
1.198
1.255
1.338
1.206
1.284
1.211
1.166
1.327
1.120
1.275
1.296
1.302
1.187
1.150
1.114
1.229
1.042
1.229
1.140
1.215
1.316
1.352
1.252
1.163
1.200
1.282
1.179
1.306
1.304
1.258
1.140
1.288
1.242
1.197
1.282
1.242
1.166
1.311
1.279
1.166
1.262
1.174
1.306
1.282
1.249
1.130
1.126
1.294
1.247
1.148
1.172
1.247
1.174
1.143
1.403
1.233
1.161
1.134
1.153
1.174
1.223
1.141
1.191
1.169
1.141
1.264
1.310
1.167
1.207
1.107
1.174
1.288
1.109
1.361
1.206
1.161
1.332
1.166
1.325
1.124
1.163
1.223
1.308
1.199
1.253
1.137
1.109
1.290
1.213
1.320
1.305
1.201
1.203
1.174
1.228
1.248
1.419
1.330
1.133
1.168
1.265
1.153
1.100
1.310
1.350
1.179
1.110
1.199
1.335
1.143
1.210
1.310
1.252
1.218
1.142
1.298
1.277
1.199
1.176
1.340
1.366
1.226
1.162
1.245
1.285
1.222
1.267
1.168
1.186
1.277
1.273
1.288
1.356
1.252
1.385
1.230
1.199
1.171
1.151
1.077
1.317
1.146
1.346
1.253
1.205
1.226
1.300
1.195
1.226
1.257
1.286
1.251
1.248
1.112
1.163
1.349
1.215
1.275
1.210
1.206
1.163
1.171
1.192
1.157
1.263
1.248
1.239
1.229
1.185
1.145
1.219
1.262
1.155
1.260
1.230
1.274
1.277
1.208
1.109
1.221
1.226
1.261
1.286
1.198
1.197
1.230
1.260
1.248
1.113
1.243
1.255
1.071
1.111
1.172
1.186
1.164
1.334
1.147
1.267
1.190
1.129
1.280
1.256
1.351
1.298
1.105
1.224
1.233
1.243
1.183
1.241
1.363
1.316
1.122
1.254
1.266
1.165
1.078
1.272
1.295
1.311
1.226
1.171
1.239
1.208
1.219
1.145
1.344
1.183
1.289
1.340
1.302
1.164
1.279
1.095
1.377
1.252
1.191
1.235
1.229
1.275
1.193
1.171
1.314
1.303
1.221
1.228
1.217
1.312
1.195
1.261
1.231
1.153
1.218
1.156
1.244
1.168
1.321
1.214
1.275
1.215
1.323
1.167
1.256
1.146
1.242
1.351
1.220
1.226
1.149
1.158
1.258
1.289
1.241
1.313
1.300
1.166
1.214
1.233
1.239
1.128
1.200
1.186
1.173
1.181
1.149
1.259
1.168
1.285
1.156
1.184
1.298
1.221
1.393
1.244
1.222
1.274
1.222
1.164
1.337
1.272
1.239
1.261
1.171
1.148
1.274
1.237
1.287
1.148
1.229
1.172
1.192
1.373
1.210
1.178
1.327
1.288
1.172
1.103
1.280
1.200
1.260
1.272
1.332
1.329
1.184
1.144
1.197
1.142
1.188
1.214
1.348
1.160
1.149
1.251
1.150
1.261
1.248
1.257
1.122
1.196
1.433
1.232
1.219
1.213
1.303
1.270
1.246
1.215
1.224
1.294
1.236
1.233
1.193
1.252
1.160
1.195
1.248
1.455
1.225
1.253
1.262
1.307
1.144
1.272
1.301
1.273
1.147
1.260
1.203
1.243
1.529
1.234
1.279
1.193
1.270
1.141
1.248
1.260
1.166
1.222
1.125
1.195
1.304
1.322
1.318
1.198
1.136
1.275
1.198
1.201
1.214
1.147
1.156
1.220
1.207
1.151
1.171
1.173
1.255
1.216
1.119
1.209
1.239
1.257
1.133
1.257
1.428
1.203
1.321
1.327
1.201
1.206
1.114
1.280
1.126
1.376
1.375
1.237
1.141
1.288
1.129
1.350
1.383
1.297
1.379
1.296
1.317
1.116
1.115
1.220
1.250
1.364
1.342
1.217
1.379
1.266
1.132
1.305
1.209
1.206
1.131
1.218
1.194
1.208
1.277
1.223
1.281
1.228
1.232
1.205
1.223
1.329
1.218
1.260
1.374
1.172
1.284
1.220
1.332
1.208
1.349
1.333
1.162
1.296
1.190
1.183
1.281
1.367
1.185
1.220
1.154
1.131
1.254
1.197
1.266
1.225
1.305
1.284
1.337
1.277
1.199
1.262
1.151
1.290
1.219
1.242
1.140
1.222
1.219
1.234
1.251
1.188
1.237
1.422
1.194
1.211
1.281
1.211
1.170
1.187
1.173
1.398
1.263
1.189
1.097
1.380
1.256
1.286
1.286
1.140
1.106
1.228
1.097
1.155
1.342
1.181
1.142
1.223
1.330
1.146
1.223
1.408
1.155
1.119
1.261
1.200
1.185
1.208
1.449
1.210
1.245
1.195
1.148
1.244
1.139
1.302
1.202
1.167
1.248
1.201
1.280
1.299
1.317
1.273
1.192
1.188
1.265
1.203
1.253
1.138
1.161
1.083
1.175
1.196
1.131
1.206
1.119
1.298
1.226
1.226
1.153
1.310
1.310
1.107
1.220
1.256
1.179
1.171
1.207
1.189
1.269
1.158
1.161
1.120
1.296
1.324
1.189
1.311
1.261
1.335
1.112
1.145
1.132
1.147
1.166
1.300
1.235
1.288
1.220
1.174
1.153
1.341
1.141
1.269
1.221
1.267
1.377
1.337
1.132
1.314
1.156
1.242
1.345
1.252
1.125
1.203
1.114
1.197
1.202
1.250
1.110
1.183
1.227
1.176
1.253
1.174
1.278
1.227
1.133
1.233
1.048
1.225
1.164
1.236
1.169
1.115
1.380
1.260
1.181
1.265
1.260
1.213
1.305
1.208
1.203
1.206
1.278
1.077
1.125
1.195
1.213
1.218
1.166
1.117
1.221
1.296
1.220
1.093
1.211
1.098
1.262
1.250
1.219
1.148
1.315
1.283
1.307
1.326
1.109
1.255
1.304
1.195
1.375
1.140
1.298
1.162
1.196
1.091
1.151
1.302
1.314
1.172
1.321
1.122
1.279
1.204
1.263
1.178
1.313
1.154
1.413
1.151
1.259
1.269
1.270
1.219
1.222
1.246
1.225
1.262
1.292
1.208
1.169
1.314
1.265
1.201
1.294
1.330
1.181
1.277
1.139
1.225
1.191
1.232
1.201
1.278
1.204
1.269
1.374
1.288
1.229
1.178
1.222
1.229
1.257
1.185
1.406
1.147
1.219
1.227
1.248
1.123
1.236
1.199
1.264
1.173
1.415
1.223
1.127
1.315
1.345
1.322
1.228
1.113
1.181
1.157
1.187
1.149
1.145
1.212
1.194
1.293
1.234
1.257
1.307
1.333
1.250
1.113
1.207
1.215
1.192
1.194
1.226
1.196
1.193
1.359
1.304
1.269
1.326
1.265
1.244
1.338
1.250
1.292
1.213
1.246
1.141
1.188
1.308
1.212
1.265
1.231
1.270
1.066
1.135
1.231
1.091
1.361
1.208
1.224
1.305
1.194
1.231
1.316
1.246
1.207
1.172
1.209
1.218
1.251
1.082
1.238
1.153
1.315
1.177
1.326
1.259
1.239
1.231
1.349
1.179
1.226
1.312
1.217
1.225
1.228
1.279
1.284
1.178
1.192
1.217
1.233
1.219
1.150
1.235
1.207
1.159
1.198
1.236
1.156
1.132
1.120
1.117
1.242
1.383
1.253
1.163
1.291
1.131
1.136
1.182
1.201
1.188
1.369
1.321
1.198
1.219
1.103
1.189
1.243
1.263
1.215
1.208
1.244
1.155
1.227
1.215
1.296
1.210
1.252
1.171
1.341
1.203
1.139
1.290
1.354
1.195
1.263
1.170
1.248
1.181
1.235
1.223
1.356
1.223
1.255
1.256
1.142
1.272
1.254
1.254
1.271
1.246
1.149
1.185
1.148
1.398
1.213
1.185
1.208
1.330
1.205
1.228
1.310
1.292
1.247
1.126
1.181
1.352
1.226
1.210
1.234
1.151
1.230
1.240
1.209
1.287
1.102
1.188
1.174
1.208
1.235
1.287
1.287
1.288
1.368
1.211
1.197
1.227
1.136
1.134
1.316
1.190
1.227
1.181
1.247
1.252
1.269
1.214
1.257
1.160
1.201
1.297
1.168
1.206
1.288
1.287
1.141
1.184
1.291
1.195
1.176
1.257
1.163
1.251
1.148
1.176
1.245
1.152
1.247
1.198
1.286
1.167
1.315
1.128
1.271
1.240
1.173
1.217
1.301
1.215
1.240
1.183
1.243
1.255
1.147
1.257
1.181
1.382
1.111
1.520
1.253
1.259
1.087
1.216
1.309
1.197
1.172
1.234
1.279
1.252
1.191
1.188
1.211
1.293
1.201
1.269
1.243
1.258
1.201
1.225
1.125
1.225
1.265
1.148
1.121
1.198
1.269
1.284
1.243
1.259
1.238
1.284
1.258
1.137
1.208
1.204
1.217
1.210
1.296
1.192
1.397
1.225
1.137
1.121
1.303
1.211
1.256
1.302
1.287
1.373
1.313
1.279
1.130
1.281
1.168
1.245
1.210
1.392
1.259
1.154
1.218
1.249
1.150
1.290
1.211
1.247
1.168
1.359
1.147
1.215
1.237
1.283
1.317
1.172
1.210
1.225
1.208
1.191
1.363
1.302
1.298
1.199
1.222
1.273
1.205
1.104
1.070
1.285
1.271
1.136
1.158
1.325
1.250
1.180
1.205
1.205
1.208
1.294
1.253
1.203
1.171
1.105
1.213
1.314
1.131
1.210
1.201
1.160
1.226
1.305
1.163
1.142
1.379
1.326
1.198
1.409
1.220
1.350
1.212
1.119
1.078
1.270
1.150
1.219
1.185
1.124
1.216
1.135
1.324
1.157
1.229
1.169
1.277
1.120
1.180
1.277
1.232
1.283
1.317
1.272
1.361
1.299
1.264
1.212
1.350
1.165
1.250
1.291
1.176
1.190
1.162
1.202
1.168
1.249
1.241
1.227
1.355
1.268
1.322
1.211
1.250
1.259
1.272
1.314
1.251
1.167
1.152
1.229
1.293
1.161
1.135
1.200
1.155
1.295
1.230
1.186
1.252
1.278
1.234
1.157
1.177
1.170
1.218
1.251
1.208
1.185
1.249
1.262
1.169
1.286
1.137
1.343
1.377
1.102
1.291
1.126
1.244
1.291
1.294
1.163
1.171
1.237
1.140
1.202
1.228
1.116
1.161
1.222
1.247
1.251
1.259
1.264
1.287
1.384
1.377
1.111
1.196
1.274
1.220
1.235
1.324
1.275
1.315
1.302
1.320
1.353
1.264
1.578
1.354
1.398
1.174
1.184
1.207
1.168
1.119
1.229
1.330
1.400
1.254
1.304
1.247
1.254
1.181
1.206
1.225
1.241
1.244
1.235
1.175
1.267
1.297
1.215
1.143
1.305
1.249
1.230
1.217
1.339
1.289
1.188
1.149
1.196
1.367
1.232
1.248
1.205
1.252
1.162
1.228
1.139
1.326
1.187
1.275
1.243
1.351
1.181
1.213
1.344
1.276
1.268
1.122
1.252
1.294
1.073
1.147
1.311
1.232
1.165
1.259
1.189
1.230
1.167
1.253
1.311
1.282
1.238
1.148
1.266
1.139
1.287
1.178
1.276
1.139
1.163
1.214
1.352
1.180
1.308
1.220
1.125
1.265
1.172
1.187
1.172
1.148
1.233
1.241
1.199
1.232
1.169
1.236
1.318
1.133
1.258
1.196
1.358
1.150
1.285
1.295
1.288
1.235
1.315
1.342
1.207
1.175
1.347
1.342
1.231
1.274
1.275
1.224
1.113
1.164
1.495
1.397
1.233
1.298
1.357
1.142
1.180
1.191
1.249
1.152
1.194
1.291
1.328
1.193
1.200
1.302
1.220
1.246
1.288
1.151
1.301
1.187
1.367
1.244
1.333
1.195
1.108
1.222
1.151
1.160
1.244
1.307
1.266
1.111
1.189
1.157
1.212
1.297
1.276
1.131
1.195
1.375
1.233
1.226
1.270
1.181
1.182
1.264
1.311
1.216
1.059
1.186
1.285
1.273
1.200
1.156
1.183
1.244
1.267
1.266
1.277
1.293
1.206
1.151
1.242
1.178
1.185
1.299
1.169
1.340
1.201
1.324
1.331
1.063
1.205
1.174
1.217
1.424
1.215
1.127
1.315
1.263
1.214
1.326
1.304
1.282
1.245
1.231
1.152
1.249
1.299
1.180
1.145
1.217
1.235
1.267
1.224
1.202
1.211
1.224
1.248
1.255
1.151
1.057
1.324
1.205
1.191
1.314
1.223
1.245
1.155
1.333
1.297
1.180
1.205
1.149
1.267
1.203
1.184
1.200
1.199
1.279
1.331
1.258
1.186
1.145
1.313
1.197
1.223
1.144
1.260
1.365
1.206
1.197
1.096
1.193
1.241
1.243
1.227
1.246
1.210
1.220
1.209
1.131
1.175
1.275
1.244
1.175
1.198
1.331
1.249
1.214
1.277
1.203
1.404
1.211
1.213
1.266
1.289
1.295
1.184
1.376
1.163
1.155
1.257
1.118
1.237
1.145
1.211
1.307
1.199
1.358
1.180
1.250
1.088
1.155
1.286
1.206
1.160
1.208
1.253
1.308
1.159
1.205
1.301
1.199
1.228
1.089
1.133
1.248
1.312
1.242
1.467
1.353
1.110
1.189
1.215
1.258
1.121
1.246
1.255
1.204
1.147
1.174
1.358
1.295
1.299
1.234
1.264
1.301
1.115
1.286
1.167
1.112
1.198
1.181
1.302
1.273
1.202
1.239
1.230
1.224
1.238
1.255
1.190
1.183
1.245
1.231
1.150
1.197
1.138
1.312
1.272
1.319
1.263
1.202
1.181
1.228
1.211
1.127
1.295
1.180
1.219
1.218
1.207
1.264
1.240
1.177
1.211
1.169
1.215
1.141
1.291
1.306
1.157
1.301
1.222
1.198
1.203
1.315
1.184
1.219
1.160
1.216
1.176
1.267
1.122
1.301
1.188
1.205
1.215
1.242
1.259
1.279
1.148
1.202
1.158
1.242
1.232
1.212
1.493
1.189
1.306
1.205
1.259
1.115
1.311
1.215
1.367
1.185
1.307
1.326
1.126
1.231
1.373
1.117
1.288
1.140
1.231
1.235
1.147
1.268
1.292
1.218
1.151
1.279
1.281
1.217
1.172
1.280
1.169
1.165
1.158
1.249
1.324
1.400
1.204
1.119
1.154
1.236
1.139
1.121
1.289
1.277
1.188
1.205
1.222
1.319
1.408
1.133
1.363
1.262
1.120
1.224
1.215
1.326
1.146
1.126
1.151
1.324
1.303
1.178
1.218
1.223
1.165
1.158
1.303
1.309
1.187
1.215
1.247
1.267
1.222
1.394
1.211
1.135
1.251
1.181
1.132
1.278
1.094
1.294
1.178
1.112
1.199
1.061
1.113
1.216
1.106
1.291
1.197
1.190
1.164
1.224
1.181
1.228
1.191
1.252
1.258
1.161
1.297
1.211
1.215
1.221
1.398
1.188
1.275
1.269
1.338
1.193
1.224
1.094
1.135
1.230
1.354
1.257
1.258
1.269
1.293
1.176
1.160
1.301
1.134
1.142
1.150
1.245
1.345
1.225
1.327
1.350
1.139
1.375
1.396
1.223
1.271
1.252
1.230
1.202
1.153
1.172
1.184
1.290
1.183
1.296
1.206
1.298
1.184
1.182
1.221
1.299
1.200
1.183
1.312
1.183
1.360
1.277
1.206
1.210
1.154
1.235
1.174
1.240
1.215
1.260
1.133
1.273
1.212
1.347
1.303
1.272
1.224
1.215
1.196
1.259
1.133
1.188
1.180
1.223
1.167
1.127
1.274
1.282
1.285
1.290
1.273
1.250
1.177
1.189
1.235
1.134
1.230
1.206
1.255
1.340
1.158
1.199
1.174
1.170
1.158
1.277
1.140
1.289
1.209
1.312
1.248
1.322
1.229
1.300
1.308
1.186
1.215
1.073
1.127
1.249
1.247
1.271
1.182
1.194
1.233
1.212
1.206
1.159
1.307
1.238
1.188
1.161
1.119
1.184
1.231
1.138
1.220
1.242
1.286
1.097
1.194
1.220
1.197
1.230
1.182
1.305
1.137
1.297
1.335
1.129
1.233
1.305
1.208
1.224
1.224
1.335
1.193
1.359
1.265
1.251
1.054
1.155
1.259
1.248
1.246
1.224
1.359
1.188
1.215
1.227
1.255
1.330
1.286
1.309
1.350
1.307
1.161
1.178
1.142
1.349
1.412
1.189
1.227
1.239
1.250
1.380
1.224
1.238
1.172
1.266
1.189
1.415
1.214
1.264
1.354
1.209
1.089
1.204
1.298
1.248
1.179
1.270
1.201
1.227
1.143
1.288
1.199
1.087
1.189
1.334
1.290
1.159
1.295
1.245
1.303
1.135
1.175
1.213
1.351
1.195
1.267
1.154
1.127
1.309
1.349
1.213
1.345
1.144
1.168
1.222
1.420
1.251
1.160
1.191
1.365
1.260
1.243
1.185
1.239
1.140
1.240
1.176
1.289
1.125
1.217
1.247
1.177
1.232
1.302
1.337
1.266
1.270
1.394
1.148
1.220
1.295
1.200
1.301
1.082
1.415
1.255
1.109
1.186
1.213
1.176
1.208
1.274
1.183
1.027
1.205
1.245
1.294
1.237
1.326
1.215
1.299
1.278
1.208
1.330
1.177
1.172
1.306
1.202
1.216
1.082
1.116
1.243
1.258
1.113
1.146
1.261
1.126
1.378
1.175
1.188
1.278
1.189
1.261
1.284
1.215
1.198
1.145
1.239
1.150
1.333
1.152
1.210
1.133
1.141
1.159
1.265
1.168
1.125
1.151
1.290
1.205
1.153
1.094
1.336
1.209
1.260
1.312
1.217
1.206
1.237
1.277
1.299
1.162
1.317
1.295
1.320
1.277
1.327
1.121
1.285
1.140
1.148
1.208
1.246
1.149
1.164
1.142
1.238
1.291
1.143
1.225
1.215
1.140
1.196
1.228
1.244
1.191
1.179
1.130
1.287
1.192
1.181
1.172
1.223
1.281
1.193
1.100
1.255
1.384
1.221
1.168
1.179
1.256
1.263
1.253
1.491
1.363
1.384
1.259
1.211
1.171
1.280
1.255
1.084
1.224
1.332
1.235
1.050
1.191
1.401
1.278
1.148
1.107
1.190
1.250
1.116
1.297
1.261
1.129
1.240
1.219
1.151
1.161
1.181
1.251
1.272
1.190
1.329
1.184
1.270
1.172
1.272
1.250
1.153
1.050
1.254
1.114
1.389
1.258
1.177
1.142
1.180
1.226
1.278
1.184
1.215
1.198
1.225
1.114
1.102
1.195
1.217
1.214
1.248
1.295
1.281
1.316
1.218
1.404
1.118
1.199
1.220
1.204
1.374
1.250
1.155
1.111
1.188
1.102
1.114
1.262
1.184
1.292
1.240
1.217
1.263
1.184
1.283
1.229
1.140
1.139
1.144
1.215
1.334
1.182
1.225
1.147
1.252
1.181
1.346
1.198
1.194
1.356
1.261
1.213
1.268
1.240
1.352
1.356
1.294
1.239
1.339
1.157
1.369
1.333
1.248
1.248
1.146
1.248
1.145
1.208
1.268
1.188
1.186
1.315
1.176
1.231
1.343
1.198
1.288
1.220
1.118
1.122
1.207
1.158
1.287
1.208
1.164
1.300
1.221
1.153
1.312
1.224
1.202
1.284
1.208
1.181
1.260
1.164
1.228
1.231
1.243
1.363
1.125
1.221
1.219
1.231
1.136
1.104
1.164
1.198
1.135
1.334
1.214
1.192
1.183
1.300
1.301
1.133
1.231
1.191
1.184
1.346
1.165
1.201
1.135
1.128
1.198
1.180
1.157
1.314
1.341
1.416
1.242
1.251
1.247
1.360
1.217
1.374
1.116
1.278
1.232
1.224
1.119
1.173
1.136
1.220
1.262
1.226
1.184
1.178
1.135
1.231
1.278
1.332
1.140
1.282
1.256
1.267
1.221
1.188
1.367
1.153
1.325
1.238
1.272
1.194
1.279
1.110
1.214
1.182
1.277
1.191
1.257
1.074
1.204
1.264
1.303
1.278
1.281
1.105
1.260
1.201
1.248
1.312
1.172
1.162
1.295
1.211
1.312
1.245
1.377
1.256
1.215
1.213
1.100
1.175
1.289
1.339
1.234
1.193
1.325
1.360
1.177
1.078
1.264
1.143
1.093
1.215
1.208
1.184
1.224
1.278
1.238
1.310
1.150
1.242
1.287
1.235
1.367
1.192
1.281
1.290
1.190
1.092
1.322
1.212
1.208
1.135
1.260
1.169
1.101
1.401
1.217
1.337
1.248
1.189
1.258
1.159
1.111
1.200
1.229
1.215
1.283
1.161
1.256
1.220
1.274
1.242
1.230
1.206
1.120
1.268
1.247
1.192
1.137
1.203
1.162
1.343
1.166
1.208
1.187
1.251
1.260
1.247
1.208
1.205
1.215
1.224
1.202
1.222
1.204
1.129
1.307
1.181
1.530
1.206
1.283
1.213
1.211
1.282
1.152
1.168
1.075
1.170
1.266
1.233
1.371
1.243
1.252
1.144
1.136
1.345
1.194
1.197
1.207
1.272
1.231
1.286
1.223
1.316
1.239
1.221
1.225
1.285
1.158
1.238
1.221
1.106
1.219
1.138
1.290
1.198
1.330
1.214
1.221
1.210
1.319
1.189
1.269
1.315
1.216
1.248
1.321
1.278
1.283
1.116
1.352
1.106
1.329
1.249
1.230
1.204
1.270
1.222
1.272
1.133
1.215
1.141
1.257
1.108
1.358
1.180
1.255
1.155
1.254
1.162
1.267
1.087
1.357
1.186
1.254
1.126
1.220
1.252
1.309
1.348
1.227
1.208
1.136
1.238
1.157
1.302
1.287
1.276
1.223
1.073
1.232
1.207
1.150
1.194
1.128
1.228
1.227
1.177
1.203
1.156
1.162
1.173
1.265
1.247
1.232
1.174
1.273
1.125
1.178
1.204
1.283
1.175
1.239
1.176
1.346
1.192
1.324
1.350
1.262
1.380
1.149
1.158
1.201
1.176
1.228
1.262
1.346
1.238
1.314
1.197
1.171
1.267
1.178
1.215
1.131
1.238
1.198
1.145
1.106
1.236
1.315
1.173
1.350
1.255
1.233
1.131
1.296
1.274
1.195
1.225
1.291
1.262
1.218
1.235
1.206
1.294
1.209
1.241
1.188
1.167
1.230
1.169
1.227
1.192
1.344
1.064
1.249
1.300
1.214
1.248
1.194
1.186
1.346
1.201
1.240
1.450
1.239
1.125
1.113
1.242
1.280
1.242
1.250
1.307
1.317
1.340
1.207
1.178
1.210
1.198
1.174
1.197
1.200
1.206
1.163
1.222
1.218
1.230
1.189
1.274
1.175
1.226
1.175
1.288
1.170
1.135
1.224
1.217
1.194
1.297
1.230
1.069
1.146
1.152
1.221
1.322
1.216
1.192
1.285
1.392
1.278
1.170
1.220
1.344
1.290
1.227
1.331
1.322
1.312
1.164
1.071
1.243
1.172
1.272
1.335
1.257
1.236
1.337
1.317
1.214
1.241
1.173
1.181
1.389
1.203
1.243
1.219
1.273
1.133
1.392
1.267
1.131
1.290
1.159
1.295
1.351
1.262
1.327
1.207
1.199
1.182
1.131
1.244
1.284
1.307
1.251
1.222
1.280
1.203
1.121
1.336
1.129
1.163
1.201
1.111
1.197
1.195
1.281
1.120
1.246
1.350
1.202
1.222
1.352
1.310
1.262
1.251
1.269
1.196
1.180
1.225
1.189
1.216
1.193
1.452
1.219
1.336
1.152
1.170
1.243
1.280
1.318
1.233
1.108
1.228
1.199
1.182
1.246
1.222
1.205
1.119
1.197
1.234
1.228
1.276
1.265
1.313
1.214
1.197
1.199
1.282
1.181
1.127
1.267
1.195
1.284
1.267
1.208
1.202
1.243
1.148
1.125
1.158
1.187
1.185
1.230
1.116
1.264
1.206
1.202
1.186
1.362
1.306
1.125
1.215
1.156
1.171
1.228
1.182
1.234
1.120
1.364
1.273
1.284
1.187
1.202
1.362
1.167
1.275
1.213
1.140
1.291
1.222
1.262
1.085
1.208
1.335
1.313
1.226
1.265
1.196
1.234
1.262
1.348
1.257
1.179
1.299
1.243
1.241
1.186
1.192
1.199
1.207
1.336
1.192
1.282
1.241
1.231
1.202
1.143
1.188
1.146
1.180
1.312
1.258
1.280
1.264
1.254
1.122
1.275
1.162
1.194
1.177
1.202
1.327
1.215
1.330
1.173
1.261
1.192
1.264
1.181
1.217
1.214
1.276
1.226
1.339
1.349
1.334
1.239
1.226
1.264
1.224
1.360
1.153
1.188
1.150
1.135
1.181
1.127
1.114
1.232
1.175
1.259
1.271
1.157
1.226
1.262
1.217
1.179
1.243
1.177
1.269
1.141
1.250
1.128
1.178
1.181
1.192
1.295
1.168
1.279
1.262
1.210
1.422
1.196
1.186
1.248
1.316
1.288
1.192
1.240
1.238
1.310
1.196
1.158
1.159
1.260
1.213
1.132
1.365
1.152
1.359
1.162
1.286
1.385
1.192
1.251
1.271
1.259
1.324
1.265
1.205
1.181
1.191
1.266
1.185
1.280
1.224
1.196
1.152
1.319
1.312
1.269
1.194
1.299
1.164
1.271
1.216
1.198
1.219
1.252
1.223
1.153
1.299
1.285
1.315
1.172
1.228
1.238
1.158
1.190
1.222
1.246
1.320
1.136
1.250
1.250
1.192
1.200
1.195
1.273
1.352
1.176
1.155
1.244
1.207
1.244
1.290
1.234
1.285
1.154
1.181
1.358
1.407
1.200
1.300
1.221
1.125
1.476
1.275
1.070
1.195
1.231
1.194
1.211
1.223
1.156
1.309
1.085
1.314
1.183
1.173
1.216
1.175
1.424
1.238
1.326
1.287
1.352
1.324
1.253
1.337
1.218
1.294
1.171
1.202
1.068
1.244
1.313
1.250
1.307
1.278
1.149
1.287
1.226
1.204
1.238
1.291
1.230
1.176
1.203
1.203
1.142
1.235
1.330
1.264
1.299
1.190
1.324
1.146
1.166
1.211
1.339
1.165
1.239
1.197
1.351
1.261
1.228
1.226
1.260
1.230
1.220
1.259
1.284
1.364
1.129
1.183
1.300
1.178
1.155
1.195
1.211
1.255
1.239
1.192
1.142
1.231
1.319
1.189
1.171
1.344
1.112
1.117
1.302
1.272
1.196
1.234
1.377
1.207
1.217
1.236
1.360
1.160
1.249
1.149
1.305
1.277
1.201
1.239
1.269
1.223
1.288
1.306
1.145
1.134
1.240
1.256
1.283
1.234
1.261
1.140
1.167
1.253
1.164
1.289
1.259
1.269
1.201
1.209
1.194
1.268
1.148
1.259
1.196
1.196
1.252
1.099
1.175
1.158
1.268
1.223
1.248
1.262
1.191
1.182
1.261
1.126
1.188
1.255
1.285
1.332
1.358
1.170
1.190
1.353
1.346
1.236
1.182
1.227
1.285
1.217
1.269
1.339
1.156
1.183
1.227
1.375
1.242
1.308
1.320
1.187
1.334
1.187
1.177
1.339
1.159
1.148
1.167
1.143
1.111
1.206
1.309
1.247
1.219
1.180
1.073
1.249
1.157
1.178
1.264
1.170
1.176
1.235
1.417
1.234
1.238
1.274
1.268
1.341
1.209
1.117
1.354
1.209
1.260
1.308
1.242
1.263
1.244
1.191
1.264
1.165
1.268
1.222
1.254
1.251
1.254
1.254
1.275
1.194
1.219
1.229
1.228
1.259
1.218
1.194
1.282
1.226
1.186
1.189
1.297
1.274
1.307
1.182
1.353
1.265
1.293
1.155
1.176
1.303
1.162
1.337
1.206
1.178
1.318
1.187
1.211
1.257
1.186
1.253
1.216
1.205
1.159
1.270
1.267
1.243
1.206
1.205
1.102
1.091
1.285
1.254
1.252
1.161
1.157
1.268
1.330
1.285
1.246
1.223
1.180
1.310
1.228
1.173
1.180
1.215
1.169
1.356
1.226
1.295
1.226
1.298
1.267
1.307
1.274
1.092
1.305
1.167
1.188
1.267
1.123
1.210
1.137
1.307
1.114
1.207
1.231
1.132
1.209
1.288
1.165
1.284
1.167
1.329
1.367
1.136
1.269
1.218
1.310
1.218
1.101
1.405
1.198
1.158
1.176
1.217
1.202
1.317
1.165
1.234
1.173
1.181
1.085
1.129
1.163
1.144
1.322
1.186
1.267
1.310
1.145
1.181
1.263
1.298
1.259
1.162
1.271
1.353
1.208
1.144
1.177
1.264
1.212
1.266
1.251
1.248
1.182
1.250
1.207
1.255
1.217
1.052
1.256
1.142
1.177
1.029
1.269
1.326
1.319
1.204
1.303
1.277
1.204
1.320
1.212
1.243
1.229
1.203
1.250
1.182
1.222
1.099
1.313
1.242
1.126
1.233
1.389
1.241
1.323
1.249
1.222
1.285
1.280
1.217
1.176
1.206
1.247
1.248
1.241
1.350
1.157
1.177
1.250
1.274
1.168
1.275
1.242
1.340
1.168
1.194
1.166
1.080
1.206
1.267
1.147
1.153
1.210
1.235
1.223
1.405
1.208
1.268
1.235
1.393
1.264
1.361
1.124
1.279
1.144
1.346
1.113
1.167
1.164
1.220
1.341
1.211
1.237
1.244
1.246
1.195
1.233
1.297
1.267
1.331
1.075
1.232
1.218
1.288
1.263
1.224
1.286
1.051
1.222
1.122
1.249
1.206
1.228
1.166
1.247
1.316
1.112
1.195
1.263
1.327
1.200
1.200
1.245
1.232
1.313
1.358
1.129
1.199
1.167
1.356
1.321
1.223
1.246
1.297
1.174
1.421
1.191
1.278
1.176
1.285
1.134
1.202
1.154
1.270
1.161
1.212
1.195
1.169
1.216
1.308
1.314
1.275
1.211
1.193
1.280
1.089
1.224
1.263
1.289
1.135
1.271
1.124
1.174
1.123
1.299
1.167
1.331
1.225
1.242
1.239
1.278
1.166
1.259
1.256
1.172
1.225
1.199
1.266
1.207
1.171
1.292
1.268
1.359
1.262
1.187
1.244
1.314
1.178
1.176
1.229
1.246
1.205
1.369
1.191
1.251
1.190
1.210
1.286
1.266
1.118
1.091
1.189
1.285
1.290
1.268
1.116
1.290
1.244
1.082
1.384
1.172
1.238
1.376
1.136
1.075
1.094
1.147
1.182
1.295
1.218
1.329
1.341
1.310
1.291
1.319
1.260
1.147
1.214
1.213
1.211
1.219
1.285
1.262
1.228
1.248
1.256
1.292
1.282
1.205
1.159
1.251
1.257
1.226
1.225
1.339
1.188
1.214
1.322
1.185
1.238
1.343
1.118
1.217
1.116
1.190
1.169
1.132
1.299
1.281
1.110
1.173
1.189
1.271
1.290
1.256
1.232
1.285
1.261
1.163
1.173
1.159
1.204
1.328
1.247
1.250
1.298
1.224
1.259
1.404
1.261
1.254
1.272
1.239
1.208
1.138
1.239
1.266
1.215
1.399
1.135
1.409
1.181
1.326
1.201
1.233
1.244
1.197
1.139
1.338
1.269
1.248
1.097
1.090
1.186
1.185
1.244
1.235
1.232
1.138
1.305
1.218
1.216
1.238
1.190
1.365
1.179
1.272
1.318
1.252
1.245
1.162
1.218
1.182
1.241
1.228
1.155
1.143
1.336
1.152
1.163
1.287
1.274
1.263
1.253
1.289
1.310
1.281
1.249
1.171
1.322
1.246
1.268
1.276
1.269
1.380
1.301
1.191
1.195
1.192
1.343
1.117
1.293
1.198
1.130
1.401
1.115
1.219
1.232
1.153
1.156
1.289
1.253
1.274
1.241
1.252
1.208
1.186
1.214
1.207
1.280
1.330
1.224
1.241
1.179
1.134
1.204
1.186
1.234
1.165
1.258
1.359
1.148
1.106
1.140
1.227
1.229
1.164
1.283
1.331
1.276
1.266
1.242
1.338
1.280
1.112
1.192
1.321
1.236
1.259
1.192
1.303
1.209
1.169
1.225
1.262
1.304
1.168
1.152
1.349
1.149
1.189
1.260
1.200
1.208
1.437
1.206
1.144
1.193
1.309
1.287
1.188
1.268
1.079
1.236
1.225
1.267
1.281
1.258
1.198
1.227
1.171
1.296
1.210
1.358
1.159
1.181
1.156
1.212
1.211
1.261
1.236
1.167
1.164
1.209
1.298
1.331
1.292
1.185
1.287
1.392
1.213
1.249
1.292
1.249
1.231
1.195
1.241
1.355
1.247
1.159
1.164
1.260
1.220
1.238
1.155
1.237
1.211
1.232
1.233
1.276
1.186
1.264
1.231
1.261
1.410
1.260
1.155
1.228
1.302
1.260
1.176
1.274
1.275
1.201
1.181
1.148
1.285
1.077
1.217
1.156
1.170
1.253
1.318
1.122
1.125
1.219
1.189
1.255
1.138
1.319
1.250
1.249
1.225
1.093
1.163
1.239
1.176
1.324
1.326
1.246
1.185
1.087
1.261
1.253
1.163
1.369
1.185
1.193
1.231
1.282
1.272
1.149
1.145
1.344
1.329
1.156
1.220
1.221
1.192
1.291
1.259
1.184
1.258
1.222
1.186
1.295
1.307
1.423
1.256
1.207
1.146
1.158
1.148
1.183
1.140
1.284
1.183
1.359
1.213
1.280
1.204
1.227
1.184
1.204
1.354
1.264
1.172
1.343
1.219
1.287
1.237
1.297
1.294
1.227
1.115
1.287
1.194
1.133
1.196
1.217
1.156
1.335
1.229
1.116
1.204
1.371
1.285
1.227
1.073
1.318
1.263
1.163
1.282
1.183
1.204
1.164
1.204
1.121
1.125
1.165
1.227
1.172
1.197
1.191
1.110
1.209
1.153
1.106
1.191
1.220
1.151
1.152
1.154
1.324
1.310
1.165
1.287
1.184
1.174
1.184
1.136
1.287
1.268
1.287
1.235
1.313
1.301
1.201
1.194
1.172
1.195
1.164
1.213
1.253
1.233
1.216
1.105
1.166
1.242
1.322
1.409
1.129
1.256
1.315
1.232
1.242
1.280
1.165
1.212
1.131
1.315
1.271
1.337
1.198
1.196
1.171
1.266
1.215
1.176
1.320
1.158
1.240
1.169
1.284
1.296
1.342
1.199
1.182
1.099
1.198
1.189
1.267
1.264
1.282
1.216
1.200
1.352
1.133
1.138
1.204
1.247
1.172
1.179
1.102
1.069
1.194
1.242
1.307
1.162
1.197
1.142
1.220
1.270
1.284
1.180
1.171
1.288
1.247
1.151
1.283
1.277
1.280
1.378
1.213
1.228
1.202
1.333
1.017
1.383
1.248
1.169
1.366
1.232
1.293
1.265
1.176
1.309
1.188
1.238
1.187
1.171
1.148
1.169
1.186
1.214
1.310
1.213
1.197
1.173
1.217
1.200
1.200
1.209
1.245
1.220
1.375
1.350
1.131
1.160
1.146
1.298
1.153
1.211
1.249
1.111
1.171
1.281
1.271
1.201
1.277
1.371
1.188
1.220
1.148
1.277
1.205
1.221
1.401
1.230
1.173
1.273
1.276
1.160
1.166
1.172
1.261
1.189
1.246
1.199
1.243
1.307
1.188
1.276
1.142
1.127
1.145
1.172
1.225
1.205
1.230
1.212
1.347
1.200
1.178
1.220
1.239
1.275
1.190
1.291
1.340
1.223
1.119
1.220
1.173
1.175
1.130
1.190
1.204
1.144
1.220
1.169
1.189
1.273
1.234
1.150
1.281
1.206
1.161
1.305
1.134
1.167
1.245
1.117
1.180
1.303
1.299
1.384
1.166
1.219
1.157
1.232
1.216
1.299
1.277
1.138
1.201
1.164
1.130
1.223
1.244
1.184
1.157
1.226
1.139
1.182
1.261
1.096
1.150
1.206
1.269
1.294
1.342
1.109
1.133
1.236
1.315
1.328
1.241
1.273
1.200
1.165
1.299
1.269
1.132
1.194
1.178
1.201
1.199
1.265
1.168
1.139
1.222
1.169
1.136
1.273
1.283
1.244
1.246
1.140
1.191
1.172
1.160
1.231
1.283
1.265
1.138
1.142
1.144
1.199
1.104
1.221
1.199
1.112
1.339
1.158
1.197
1.339
1.254
1.244
1.157
1.171
1.195
1.231
1.115
1.189
1.239
1.181
1.187
1.248
1.243
1.242
1.322
1.225
1.237
1.345
1.185
1.156
1.282
1.296
1.177
1.253
1.252
1.272
1.131
1.197
1.229
1.256
1.350
1.215
1.219
1.254
1.277
1.335
1.167
1.238
1.157
1.280
1.121
1.252
1.262
1.282
1.169
1.134
1.116
1.174
1.281
1.140
1.254
1.200
1.100
1.188
1.206
1.248
1.335
1.146
1.271
1.415
1.207
1.213
1.140
1.479
1.044
1.304
1.213
1.171
1.200
1.390
1.189
1.081
1.389
1.253
1.280
1.369
1.250
1.180
1.242
1.317
1.270
1.202
1.190
1.211
1.151
1.322
1.102
1.274
1.272
1.382
1.249
1.249
1.276
1.277
1.172
1.171
1.177
1.275
1.320
1.203
1.238
1.330
1.172
1.326
1.205
1.092
1.140
1.191
1.100
1.277
1.237
1.181
1.059
1.231
1.188
1.238
1.206
1.332
1.239
1.297
1.248
1.248
1.197
1.289
1.246
1.319
1.256
1.281
1.161
1.380
1.358
1.185
1.186
1.259
1.130
1.193
1.327
1.247
1.208
1.393
1.152
1.192
1.109
1.261
1.196
1.169
1.234
1.154
1.246
1.364
1.213
1.266
1.257
1.365
1.170
1.267
1.256
1.319
1.217
1.135
1.237
1.303
1.420
1.296
1.226
1.226
1.220
1.170
1.142
1.069
1.211
1.169
1.303
1.157
1.292
1.284
1.214
1.140
1.215
1.207
1.115
1.330
1.421
1.268
1.112
1.111
1.180
1.144
1.255
1.462
1.214
1.335
1.202
1.184
1.305
1.251
1.335
1.142
1.417
1.096
1.183
1.190
1.224
1.232
1.180
1.235
1.268
1.146
1.201
1.227
1.205
1.140
1.186
1.327
1.132
1.231
1.292
1.192
1.151
1.292
1.256
1.211
1.177
1.058
1.288
1.154
1.212
1.230
1.253
1.177
1.196
1.126
1.171
1.244
1.261
1.107
1.275
1.246
1.179
1.412
1.196
1.162
1.329
1.218
1.340
1.425
1.117
1.373
1.244
1.085
1.141
1.335
1.324
1.202
1.221
1.272
1.314
1.206
1.226
1.146
1.156
1.303
1.306
1.104
1.354
1.177
1.131
1.162
1.298
1.217
1.343
1.160
1.287
1.261
1.388
1.226
1.214
1.218
1.202
1.256
1.227
1.312
1.233
1.184
1.364
1.141
1.169
1.185
1.231
1.332
1.125
1.202
1.252
1.184
1.260
1.158
1.292
1.206
1.169
1.162
1.198
1.130
1.206
1.262
1.200
1.275
1.214
1.148
1.133
1.306
1.430
1.179
1.269
1.136
1.126
1.200
1.209
1.366
1.245
1.193
1.170
1.208
1.192
1.194
1.228
1.270
1.228
1.150
1.381
1.258
1.214
1.306
1.086
1.193
1.345
1.184
1.117
1.234
1.166
1.176
1.236
1.097
1.197
1.231
1.174
1.191
1.449
1.195
1.343
1.302
1.252
1.253
1.281
1.136
1.284
1.255
1.225
1.243
1.334
1.229
1.144
1.340
1.342
1.260
1.170
1.324
1.129
1.118
1.103
1.206
1.308
1.197
1.167
1.283
1.232
1.297
1.204
1.267
1.197
1.236
1.178
1.278
1.210
1.209
1.167
1.110
1.223
1.215
1.227
1.383
1.304
1.184
1.203
1.332
1.245
1.212
1.340
1.211
1.208
1.198
1.112
1.260
1.219
1.211
1.211
1.209
1.303
1.311
1.172
1.203
1.221
1.288
1.167
1.226
1.221
1.117
1.194
1.218
1.240
1.224
1.188
1.228
1.163
1.141
1.252
1.359
1.178
1.337
1.205
1.137
1.214
1.218
1.128
1.215
1.259
1.277
1.209
1.240
1.229
1.154
1.255
1.169
1.341
1.076
1.322
1.278
1.148
1.185
1.255
1.168
1.195
1.176
1.168
1.277
1.318
1.209
1.157
1.243
1.212
1.286
1.129
1.354
1.216
1.340
1.207
1.216
1.345
1.314
1.255
1.145
1.182
1.247
1.288
1.256
1.212
1.153
1.233
1.222
1.189
1.214
1.268
1.182
1.111
1.125
1.154
1.187
1.238
1.228
1.150
1.131
1.271
1.412
1.366
1.194
1.199
1.118
1.240
1.158
1.340
1.331
1.370
1.171
1.314
1.242
1.270
1.331
1.305
1.134
1.141
1.187
1.412
1.298
1.071
1.186
1.261
1.154
1.274
1.232
1.275
1.238
1.136
1.268
1.347
1.167
1.116
1.124
1.232
1.280
1.186
1.197
1.108
1.175
1.214
1.291
1.115
1.205
1.373
1.249
1.257
1.198
1.179
1.264
1.172
1.382
1.253
1.247
1.234
1.233
1.229
1.266
1.245
1.233
1.212
1.226
1.156
1.206
1.313
1.311
1.168
1.237
1.266
1.335
1.265
1.082
1.314
1.191
1.181
1.157
1.231
1.217
1.240
1.329
1.381
1.145
1.094
1.315
1.275
1.207
1.394
1.348
1.263
1.435
1.139
1.195
1.269
1.335
1.207
1.283
1.152
1.099
1.255
1.132
1.274
1.272
1.134
1.231
1.323
1.357
1.093
1.255
1.348
1.385
1.353
1.196
1.184
1.338
1.094
1.171
1.254
1.341
1.192
1.277
1.162
1.246
1.182
1.300
1.305
1.224
1.213
1.301
1.279
1.241
1.158
1.288
1.260
1.261
1.286
1.264
1.127
1.257
1.224
1.281
1.153
1.289
1.186
1.186
1.072
1.257
1.239
1.274
1.302
1.164
1.160
1.095
1.182
1.305
1.236
1.201
1.174
1.161
1.342
1.194
1.208
1.271
1.175
1.181
1.307
1.160
1.154
1.134
1.190
1.237
1.144
1.311
1.167
1.362
1.270
1.283
1.278
1.183
1.244
1.171
1.230
1.442
1.238
1.289
1.199
1.279
1.177
1.160
1.120
1.193
1.135
1.317
1.173
1.200
1.265
1.330
1.304
1.260
1.276
1.283
1.168
1.239
1.218
1.225
1.227
1.126
1.198
1.091
1.273
1.216
1.402
1.200
1.166
1.226
1.193
1.184
1.176
1.214
1.177
1.226
1.155
1.164
1.120
1.212
1.273
1.060
1.320
1.228
1.212
1.334
1.229
1.299
1.132
1.226
1.184
1.216
1.245
1.269
1.220
1.288
1.132
1.142
1.208
1.282
1.275
1.173
1.237
1.482
1.176
1.319
1.175
1.111
1.243
1.229
1.132
1.236
1.227
1.268
1.110
1.127
1.257
1.157
1.210
1.351
1.192
1.345
1.146
1.173
1.227
1.147
1.374
1.273
1.209
1.272
1.245
1.258
1.236
1.092
1.057
1.177
1.329
1.149
1.128
1.241
1.252
1.144
1.167
1.299
1.178
1.336
1.205
1.076
1.259
1.315
1.288
1.152
1.216
1.230
1.267
1.278
1.297
1.284
1.182
1.255
1.224
1.383
1.321
1.214
1.180
1.182
1.244
1.370
1.234
1.155
1.209
1.211
1.159
1.236
1.206
1.087
1.206
1.151
1.208
1.217
1.111
1.367
1.301
1.347
1.315
1.243
1.186
1.237
1.197
1.315
1.127
1.231
1.215
1.225
1.174
1.281
1.096
1.139
1.135
1.194
1.149
1.213
1.271
1.171
1.240
1.312
1.272
1.198
1.192
1.130
1.196
1.272
1.227
1.361
1.177
1.267
1.310
1.344
1.195
1.208
1.136
1.077
1.180
1.119
1.125
1.194
1.305
1.160
1.172
1.368
1.257
1.261
1.222
1.438
1.165
1.415
1.256
1.235
1.196
1.148
1.166
1.255
1.224
1.202
1.184
1.147
1.206
1.265
1.210
1.260
1.345
1.235
1.117
1.147
1.135
1.193
1.236
1.186
1.247
1.294
1.195
1.147
1.310
1.184
1.203
1.187
1.193
1.251
1.165
1.209
1.152
1.340
1.145
1.258
1.245
1.348
1.248
1.228
1.305
1.322
1.186
1.151
1.141
1.148
1.215
1.125
1.416
1.240
1.259
1.152
1.050
1.071
1.367
1.333
1.380
1.318
1.202
1.280
1.208
1.174
1.130
1.251
1.198
1.216
1.168
1.138
1.316
1.178
1.259
1.180
1.416
1.118
1.157
1.138
1.226
1.208
1.246
1.148
1.246
1.368
1.264
1.233
1.216
1.221
1.156
1.264
1.192
1.138
1.233
1.218
1.308
1.244
1.177
1.163
1.217
1.168
1.291
1.152
1.191
1.349
1.240
1.250
1.362
1.278
1.322
1.079
1.224
1.212
1.254
1.095
1.189
1.286
1.400
1.207
1.277
1.241
1.233
1.277
1.163
1.299
1.089
1.244
1.198
1.140
1.151
1.276
1.141
1.263
1.164
1.200
1.108
1.190
1.290
1.142
1.191
1.144
1.157
1.263
1.306
1.304
1.350
1.145
1.167
1.261
1.306
1.279
1.323
1.273
1.282
1.146
1.214
1.280
1.281
1.265
1.193
1.185
1.205
1.210
1.188
1.295
1.190
1.089
1.171
1.279
1.337
1.156
1.156
1.213
1.300
1.221
1.192
1.262
1.213
1.353
1.114
1.239
1.139
1.225
1.222
1.256
1.195
1.318
1.164
1.323
1.266
1.172
1.363
1.182
1.247
1.108
1.175
1.218
1.322
1.267
1.211
1.236
1.294
1.149
1.414
1.230
1.187
1.258
1.229
1.116
1.286
1.203
1.249
1.161
1.332
1.079
1.287
1.167
1.418
1.315
1.179
1.215
1.123
1.273
1.255
1.238
1.143
1.239
1.236
1.134
1.360
1.196
1.232
1.223
1.159
1.190
1.338
1.230
1.216
1.241
1.267
1.201
1.163
1.216
1.274
1.297
1.177
1.148
1.146
1.181
1.278
1.162
1.187
1.128
1.222
1.154
1.224
1.223
1.165
1.179
1.285
1.190
1.234
1.188
1.287
1.085
1.291
1.216
1.175
1.228
1.077
1.225
1.207
1.272
1.132
1.144
1.137
1.234
1.390
1.256
1.182
1.242
1.178
1.270
1.176
1.227
1.226
1.152
1.275
1.311
1.167
1.222
1.159
1.263
1.245
1.147
1.212
1.296
1.218
1.200
1.294
1.237
1.199
1.164
1.324
1.368
1.264
1.357
1.177
1.052
1.143
1.271
1.172
1.244
1.292
1.220
1.123
1.315
1.166
1.166
1.159
1.345
1.153
1.219
1.174
1.200
1.205
1.261
1.176
1.235
1.093
1.226
1.207
1.266
1.260
1.311
1.225
1.237
1.286
1.127
1.236
1.187
1.247
1.147
1.175
1.340
1.239
1.247
1.268
1.178
1.073
1.193
1.230
1.155
1.227
1.270
1.172
1.199
1.092
1.136
1.151
1.323
1.175
1.324
1.248
1.179
1.074
1.206
1.181
1.207
1.285
1.394
1.176
1.362
1.274
1.318
1.180
1.254
1.280
1.295
1.287
1.174
1.219
1.274
1.095
1.188
1.380
1.310
1.172
1.176
1.214
1.206
1.292
1.226
1.209
1.208
1.230
1.341
1.267
1.178
1.372
1.274
1.284
1.159
1.085
1.355
1.237
1.275
1.297
1.300
1.299
1.191
1.327
1.280
1.340
1.196
1.147
1.209
1.300
1.261
1.161
1.189
1.272
1.240
1.330
1.257
1.237
1.117
1.173
1.231
1.185
1.230
1.249
1.373
1.384
1.287
1.145
1.366
1.201
1.147
1.261
1.272
1.166
1.272
1.351
1.156
1.208
1.300
1.236
1.161
1.187
1.321
1.281
1.282
1.314
1.268
1.254
1.287
1.240
1.280
1.165
1.490
1.136
1.201
1.387
1.345
1.215
1.441
1.170
1.149
1.225
1.181
1.223
1.455
1.210
1.331
1.230
1.117
1.307
1.128
1.270
1.171
1.319
1.244
1.258
1.144
1.207
1.341
1.218
1.101
1.264
1.108
1.242
1.261
1.254
1.225
1.239
1.189
1.322
1.200
1.212
1.224
1.249
1.339
1.199
1.265
1.279
1.307
1.159
1.249
1.286
1.207
1.198
1.232
1.148
1.179
1.313
1.128
1.204
1.162
1.187
1.149
1.156
1.204
1.300
1.194
1.205
1.413
1.250
1.267
1.184
1.164
1.189
1.262
1.077
1.272
1.167
1.231
1.171
1.246
1.163
1.161
1.187
1.277
1.321
1.344
1.260
1.215
1.226
1.269
1.213
1.153
1.290
1.241
1.224
1.239
1.145
1.201
1.213
1.266
1.268
1.213
1.265
1.221
1.218
1.163
1.234
1.212
1.184
1.157
1.221
1.329
1.371
1.225
1.207
1.223
1.190
1.293
1.111
1.299
1.160
1.156
1.255
1.273
1.244
1.217
1.095
1.227
1.189
1.210
1.305
1.256
1.214
1.150
1.192
1.148
1.215
1.223
1.186
1.212
1.118
1.238
1.308
1.189
1.148
1.237
1.204
1.182
1.185
1.216
1.261
1.271
1.177
1.124
1.240
1.298
1.205
1.359
1.232
1.343
1.256
1.382
1.284
1.215
1.326
1.154
1.242
1.216
1.244
1.248
1.163
1.241
1.205
1.314
1.247
1.340
1.171
1.213
1.172
1.174
1.239
1.209
1.298
1.213
1.279
1.184
1.195
1.154
1.098
1.243
1.104
1.218
1.207
1.203
1.239
1.255
1.202
1.209
1.132
1.267
1.153
1.252
1.240
1.252
1.272
1.176
1.240
1.200
1.125
1.185
1.162
1.244
1.182
1.422
1.244
1.247
1.252
1.260
1.136
1.140
1.184
1.265
1.354
1.265
1.284
1.291
1.179
1.093
1.192
1.269
1.233
1.198
1.149
1.252
1.264
1.285
1.233
1.303
1.210
1.286
1.200
1.182
1.131
1.144
1.201
1.221
1.112
1.205
1.187
1.273
1.252
1.242
1.335
1.105
1.154
1.272
1.256
1.318
1.153
1.195
1.257
1.260
1.119
1.154
1.294
1.242
1.324
1.156
1.111
1.166
1.318
1.333
1.258
1.212
1.191
1.165
1.225
1.211
1.276
1.263
1.208
1.427
1.150
1.168
1.233
1.268
1.208
1.380
1.199
1.148
1.249
1.167
1.333
1.265
1.162
1.223
1.283
1.244
1.125
1.145
1.284
1.156
1.258
1.275
1.235
1.164
1.124
1.186
1.220
1.268
1.286
1.175
1.374
1.242
1.379
1.270
1.202
1.217
1.155
1.218
1.163
1.208
1.310
1.240
1.290
1.132
1.183
1.246
1.303
1.247
1.162
1.334
1.246
1.221
1.306
1.292
1.291
1.272
1.397
1.282
1.221
1.231
1.282
1.137
1.225
1.297
1.285
1.331
1.340
1.175
1.123
1.222
1.279
1.335
1.357
1.167
1.355
1.131
1.267
1.177
1.304
1.268
1.134
1.150
1.129
1.117
1.336
1.119
1.114
1.245
1.263
1.341
1.145
1.275
1.310
1.269
1.142
1.141
1.363
1.369
1.198
1.297
1.352
1.246
1.306
1.308
1.185
1.242
1.234
1.322
1.187
1.169
1.124
1.267
1.248
1.305
1.308
1.349
1.293
1.270
1.237
1.277
1.247
1.133
1.194
1.314
1.283
1.099
1.196
1.263
1.299
1.303
1.225
1.203
1.140
1.242
1.262
1.118
1.259
1.151
1.130
1.154
1.229
1.208
1.158
1.285
1.198
1.198
1.195
1.251
1.194
1.049
1.122
1.266
1.247
1.347
1.228
1.212
1.202
1.142
1.336
1.188
1.230
1.184
1.218
1.175
1.253
1.276
1.129
1.373
1.202
1.102
1.275
1.242
1.143
1.210
1.143
1.245
1.160
1.268
1.231
1.255
1.196
1.204
1.142
1.281
1.121
1.205
1.064
1.283
1.190
1.213
1.083
1.152
1.236
1.232
1.213
1.264
1.285
1.179
1.228
1.208
1.220
1.293
1.309
1.197
1.214
1.249
1.393
1.212
1.227
1.182
1.221
1.378
1.329
1.297
1.425
1.251
1.150
1.222
1.333
1.265
1.241
1.239
1.187
1.241
1.212
1.272
1.268
1.176
1.095
1.204
1.130
1.178
1.220
1.208
1.202
1.198
1.247
1.152
1.131
1.201
1.344
1.230
1.184
1.203
1.146
1.233
1.149
1.333
1.223
1.176
1.286
1.181
1.231
1.278
1.315
1.221
1.245
1.170
1.299
1.045
1.337
1.280
1.219
1.220
1.159
1.272
1.154
1.192
1.185
1.185
1.248
1.204
1.169
1.170
1.249
1.261
1.277
1.231
1.083
1.217
1.229
1.216
1.211
1.302
1.227
1.247
1.260
1.141
1.191
1.282
1.311
1.173
1.196
1.195
1.300
1.228
1.257
1.394
1.203
1.261
1.325
1.327
1.201
1.305
1.080
1.218
1.131
1.232
1.256
1.287
1.217
1.434
1.204
1.192
1.223
1.243
1.302
1.231
1.323
1.243
1.153
1.300
1.165
1.247
1.242
1.223
1.209
1.176
1.271
1.382
1.268
1.196
1.234
1.087
1.332
1.228
1.091
1.231
1.263
1.164
1.184
1.267
1.426
1.297
1.302
1.279
1.223
1.292
1.142
1.156
1.356
1.202
1.339
1.315
1.163
1.105
1.224
1.256
1.315
1.190
1.229
1.247
1.283
1.266
1.224
1.306
1.213
1.031
1.338
1.242
1.213
1.212
1.229
1.113
1.262
1.247
1.275
1.200
1.205
1.154
1.192
1.115
1.179
1.302
1.159
1.325
1.197
1.150
1.287
1.196
1.175
1.180
1.279
1.241
1.206
1.279
1.255
1.300
1.382
1.259
1.183
1.270
1.242
1.139
1.202
1.319
1.342
1.284
1.302
1.310
1.193
1.201
1.224
1.259
1.354
1.285
1.218
1.235
1.169
1.201
1.251
1.156
1.325
1.221
1.222
1.165
1.134
1.115
1.267
1.183
1.255
1.340
1.211
1.101
1.170
1.169
1.290
1.266
1.113
1.278
1.449
1.311
1.242
1.258
1.163
1.235
1.203
1.372
1.366
1.224
1.107
1.295
1.221
1.147
1.182
1.255
1.269
1.240
1.336
1.143
1.408
1.247
1.374
1.392
1.164
1.179
1.268
1.388
1.249
1.263
1.057
1.308
1.256
1.236
1.331
1.302
1.262
1.242
1.172
1.310
1.239
1.307
1.293
1.211
1.235
1.403
1.103
1.318
1.393
1.161
1.191
1.124
1.206
1.222
1.227
1.193
1.185
1.090
1.185
1.257
1.144
1.302
1.359
1.186
1.264
1.277
1.183
1.300
1.349
1.265
1.440
1.197
1.237
1.109
1.263
1.268
1.246
1.289
1.335
1.294
1.218
1.166
1.171
1.122
1.168
1.221
1.198
1.276
1.227
1.168
1.285
1.143
1.314
1.234
1.156
1.136
1.256
1.195
1.165
1.254
1.164
1.243
1.164
1.278
1.183
1.294
1.184
1.160
1.311
1.205
1.153
1.183
1.170
1.209
1.255
1.376
1.249
1.198
1.132
1.261
1.255
1.155
1.171
1.183
1.302
1.099
1.205
1.149
1.097
1.250
1.218
1.272
1.240
1.176
1.273
1.295
1.278
1.214
1.168
1.210
1.239
1.260
1.201
1.259
1.111
1.239
1.205
1.210
1.192
1.226
1.197
1.254
1.238
1.187
1.265
1.235
1.242
1.296
1.260
1.160
1.209
1.197
1.185
1.282
1.308
1.286
1.160
1.204
1.293
1.296
1.237
1.233
1.244
1.238
1.212
1.151
1.308
1.221
1.324
1.070
1.275
1.087
1.272
1.232
1.302
1.303
1.177
1.113
1.235
1.177
1.279
1.177
1.270
1.341
1.201
1.350
1.150
1.275
1.163
1.239
1.113
1.158
1.183
1.092
1.254
1.290
1.343
1.336
1.198
1.307
1.223
1.148
1.188
1.202
1.108
1.308
1.206
1.232
1.253
1.256
1.271
1.188
1.116
1.300
1.177
1.136
1.153
1.145
1.078
1.215
1.199
1.205
1.211
1.135
1.302
1.108
1.147
1.283
1.266
1.252
1.240
1.323
1.291
1.191
1.185
1.115
1.128
1.263
1.186
1.290
1.239
1.384
1.223
1.233
1.285
1.268
1.233
1.165
1.147
1.369
1.143
1.194
1.187
1.247
1.261
1.319
1.279
1.134
1.186
1.218
1.147
1.156
1.331
1.378
1.211
1.275
1.179
1.262
1.199
1.277
1.190
1.229
1.191
1.167
1.192
1.141
1.111
1.127
1.264
1.308
1.194
1.349
1.264
1.171
1.212
1.168
1.325
1.136
1.344
1.279
1.161
1.257
1.210
1.275
1.257
1.127
1.190
1.246
1.205
1.333
1.165
1.179
1.123
1.311
1.258
1.160
1.304
1.328
1.274
1.223
1.077
1.131
1.201
1.165
1.323
1.222
1.146
1.262
1.187
1.260
1.172
1.311
1.295
1.379
1.253
1.248
1.241
1.285
1.146
1.276
1.278
1.242
1.149
1.162
1.282
1.203
1.304
1.298
1.297
1.287
1.068
1.323
1.211
1.307
1.272
1.180
1.168
1.252
1.164
1.132
1.120
1.210
1.167
1.160
1.272
1.304
1.312
1.128
1.209
1.336
1.234
1.279
1.213
1.218
1.206
1.266
1.238
1.190
1.161
1.251
1.332
1.172
1.189
1.170
1.213
1.156
1.176
1.249
1.181
1.074
1.247
1.180
1.157
1.233
1.222
1.208
1.203
1.422
1.336
1.187
1.180
1.204
1.289
1.274
1.107
1.232
1.166
1.166
1.289
1.252
1.277
1.247
1.332
1.277
1.209
1.266
1.062
1.180
1.176
1.206
1.205
1.290
1.244
1.253
1.180
1.117
1.270
1.410
1.301
1.234
1.236
1.215
1.251
1.235
1.307
1.363
1.292
1.347
1.207
1.122
1.179
1.226
1.338
1.237
1.249
1.249
1.130
1.086
1.208
1.211
1.349
1.241
1.174
1.197
1.294
1.301
1.247
1.221
1.153
1.268
1.214
1.349
1.170
1.228
1.305
1.173
1.268
1.279
1.146
1.374
1.099
1.286
1.238
1.240
1.314
1.102
1.165
1.289
1.240
1.356
1.258
1.262
1.222
1.237
1.136
1.205
1.274
1.325
1.197
1.232
1.240
1.154
1.146
1.189
1.225
1.345
1.337
1.217
1.252
1.169
1.290
1.264
1.230
1.198
1.293
1.172
1.288
1.333
1.237
1.146
1.201
1.213
1.316
1.197
1.106
1.227
1.182
1.264
1.294
1.242
1.176
1.284
1.301
1.190
1.246
1.249
1.232
1.114
1.237
1.201
1.293
1.203
1.218
1.290
1.264
1.261
1.346
1.205
1.269
1.214
1.147
1.241
1.265
1.179
1.202
1.243
1.184
1.141
1.354
1.152
1.208
1.296
1.166
1.095
1.249
1.101
1.122
1.183
1.196
1.171
1.312
1.334
1.185
1.215
1.161
1.203
1.131
1.246
1.213
1.207
1.297
1.211
1.134
1.203
1.189
1.237
1.207
1.184
1.072
1.311
1.198
1.231
1.294
1.242
1.297
1.284
1.373
1.176
1.142
1.254
1.380
1.205
1.276
1.457
1.157
1.200
1.224
1.351
1.350
1.165
1.307
1.077
1.277
1.198
1.198
1.283
1.459
1.088
1.274
1.231
1.323
1.390
1.160
1.161
1.150
1.203
1.208
1.228
1.150
1.169
1.236
1.294
1.224
1.277
1.192
1.363
1.264
1.446
1.337
1.305
