1.485
0.963
1.405
1.443
1.143
1.180
1.379
0.906
1.397
1.227
1.028
1.407
1.380
0.907
1.459
1.513
1.301
0.919
1.117
1.086
1.474
1.340
1.259
0.996
0.991
1.503
1.555
1.400
1.193
1.027
1.104
1.538
1.134
1.291
1.457
1.345
1.315
1.216
0.934
1.358
1.417
1.242
1.344
1.510
1.258
1.641
0.177
1.766
1.670
0.978
1.241
0.957
1.326
1.297
1.399
1.065
1.448
1.020
1.460
1.167
1.059
1.633
1.556
1.569
1.132
1.233
1.278
1.084
1.532
1.021
1.440
1.253
1.215
1.005
1.513
0.928
1.219
1.483
1.410
1.360
0.923
1.388
1.334
0.893
1.257
1.669
0.875
1.088
0.915
1.194
1.533
1.180
1.210
1.161
1.673
1.008
0.945
1.372
1.023
1.416
1.199
1.062
0.938
0.955
1.426
1.394
1.077
1.063
0.930
1.473
1.654
1.674
1.614
0.919
1.435
1.723
1.306
1.183
1.651
1.347
1.314
1.145
1.511
1.515
1.140
1.221
1.027
1.481
1.027
1.401
1.414
0.869
1.118
1.370
1.501
1.615
1.283
1.052
1.228
1.363
1.370
1.530
0.894
1.545
1.848
0.982
1.022
0.994
1.010
1.239
1.373
1.435
1.547
1.012
1.634
1.744
1.380
1.484
1.448
1.356
1.142
1.040
0.954
0.955
1.266
1.314
1.397
1.439
0.948
1.033
1.242
1.213
1.441
1.634
1.736
1.373
1.413
1.055
1.032
1.182
1.212
0.910
1.130
1.539
0.963
1.359
1.406
2.012
1.259
1.188
1.290
0.996
1.317
1.476
0.852
1.380
1.497
1.238
1.361
1.007
1.463
0.882
1.474
0.945
1.588
1.277
1.002
1.238
1.025
0.953
1.349
1.223
1.174
1.489
0.983
1.537
1.176
1.458
1.474
1.519
0.994
1.248
1.387
1.047
1.513
0.907
0.886
0.868
1.532
0.866
1.214
1.973
1.548
1.367
1.197
1.241
0.932
0.904
0.908
0.948
0.956
0.873
1.012
1.412
1.607
1.477
1.360
1.035
1.057
1.460
1.089
1.072
1.321
1.454
1.736
1.229
1.212
1.006
1.179
1.146
1.276
0.934
1.290
1.303
0.979
0.933
1.594
1.314
1.261
1.084
1.133
1.036
1.005
0.904
1.013
1.105
1.460
0.867
1.319
1.528
1.385
1.239
1.670
0.915
0.920
1.424
0.893
1.153
1.189
1.243
0.924
1.427
1.474
1.388
1.410
1.316
1.456
1.382
1.206
1.420
1.484
1.004
1.067
1.156
1.387
1.304
0.861
1.607
0.988
1.232
1.389
1.448
1.209
1.384
1.476
1.323
1.141
1.520
1.379
1.386
1.407
1.297
1.415
0.985
1.323
1.009
1.234
1.510
1.071
1.422
1.592
0.947
1.193
1.409
1.322
1.336
1.143
1.719
1.318
1.256
0.957
1.453
1.186
1.023
0.936
0.909
1.244
1.324
1.497
1.385
0.867
1.534
1.212
1.511
0.981
1.423
1.536
1.004
1.309
0.958
1.401
1.567
1.622
1.805
1.071
1.613
0.873
1.186
1.431
1.309
1.468
1.190
1.300
0.949
1.279
1.138
0.926
0.969
0.972
0.852
0.899
0.928
0.854
1.298
1.118
1.469
1.506
1.117
0.961
0.875
1.019
0.963
0.963
1.359
0.946
1.147
1.025
0.917
1.358
1.059
1.176
1.337
0.998
1.475
1.235
1.047
1.439
0.988
0.851
1.283
1.183
1.113
1.188
1.293
1.248
1.108
1.311
1.412
0.991
1.443
1.021
0.999
0.918
1.557
1.490
1.264
1.318
1.170
1.225
1.067
1.428
1.454
1.496
0.912
1.048
1.370
1.046
1.417
1.665
1.479
0.904
2.791
1.370
0.955
1.262
1.451
1.277
0.865
1.453
1.428
0.899
1.385
1.315
1.352
1.168
1.321
0.921
0.847
1.451
1.368
1.471
1.194
0.930
1.513
0.962
0.953
1.792
0.864
1.061
1.329
1.404
1.509
1.310
1.290
1.312
1.602
1.226
1.321
1.348
1.172
1.480
1.295
1.299
0.910
0.990
1.228
1.279
1.341
0.874
1.423
1.067
1.670
1.532
0.953
1.538
1.497
1.138
1.012
1.168
1.417
1.148
0.971
1.599
1.451
1.315
1.368
0.889
1.268
1.289
1.208
1.651
1.255
1.057
1.045
0.811
1.524
0.972
1.204
1.183
0.858
1.206
1.307
1.195
0.911
1.410
1.124
1.333
0.920
1.450
0.942
1.018
0.998
1.314
1.427
1.447
1.070
0.914
1.562
1.066
1.474
1.195
1.463
1.124
1.135
1.597
1.229
1.213
0.957
1.438
0.900
1.286
0.963
0.919
1.318
1.356
1.578
1.285
1.470
1.163
1.248
1.241
1.237
1.199
1.106
0.889
1.249
1.148
0.921
1.015
0.895
1.258
1.253
0.953
1.039
0.854
1.226
1.365
0.958
1.426
0.964
1.304
1.009
1.170
1.402
1.170
1.360
1.302
1.545
1.501
1.166
0.976
0.883
0.910
1.257
0.986
1.406
1.334
1.229
1.205
1.263
1.342
1.515
1.187
1.429
1.264
1.115
1.219
1.345
1.250
1.582
0.825
1.158
1.464
0.866
0.937
1.003
1.008
0.976
1.762
1.305
1.091
0.874
1.206
1.341
1.177
1.414
1.325
0.937
1.411
1.171
1.433
1.314
0.946
1.251
1.288
0.948
1.046
1.042
1.339
1.413
0.933
1.083
0.919
1.154
0.883
1.314
0.922
1.450
1.600
1.337
1.440
1.346
1.383
1.340
1.534
1.200
1.161
1.567
0.865
1.144
0.905
1.484
1.035
1.418
1.304
0.933
1.060
1.037
1.137
1.181
1.497
1.345
1.031
1.263
1.454
1.359
0.992
0.954
0.877
1.154
0.941
1.515
1.348
1.552
1.375
1.169
1.220
1.596
1.163
1.056
1.405
1.279
1.287
1.414
1.154
1.242
1.410
1.506
0.899
1.021
1.284
0.858
1.355
1.487
1.367
1.259
1.339
0.953
1.402
1.512
1.296
1.296
1.031
1.136
1.079
1.537
1.302
1.156
1.510
0.901
0.957
1.367
1.087
1.238
1.160
1.244
0.885
1.574
1.156
1.405
1.508
1.169
0.876
1.271
1.454
1.322
1.423
1.438
1.562
1.029
0.901
1.131
1.092
1.037
1.598
1.297
1.248
1.356
1.116
1.233
1.149
1.273
1.508
0.950
1.260
0.936
0.879
1.478
1.280
1.595
1.183
1.307
1.154
1.005
0.908
0.906
1.087
1.322
1.267
0.951
1.242
1.295
1.607
1.595
1.374
1.274
1.310
1.432
0.877
0.952
1.250
1.038
0.987
1.372
1.024
1.145
1.002
1.110
0.992
1.241
1.676
1.405
1.432
1.302
1.596
1.384
0.988
1.530
1.340
1.314
0.897
1.241
1.140
0.930
0.969
1.092
1.374
1.279
1.202
1.039
1.430
1.430
1.272
1.138
1.588
1.070
1.277
0.949
0.913
1.559
1.576
0.967
1.159
0.966
1.397
1.020
1.103
1.134
1.279
1.054
1.037
1.412
1.257
1.459
1.501
1.199
1.235
1.392
1.595
1.571
1.244
1.084
1.335
1.419
1.367
1.398
1.125
1.207
0.903
1.376
1.267
0.993
1.634
0.943
0.886
1.482
0.930
1.267
1.185
1.579
1.667
1.492
1.188
1.236
0.908
1.325
0.884
1.103
0.943
0.830
1.212
0.874
1.506
0.922
1.562
0.893
1.748
1.366
1.091
1.438
1.119
1.198
1.051
1.349
1.501
1.260
1.341
1.122
1.367
1.354
0.904
1.268
1.249
1.376
1.465
1.626
1.323
1.268
1.019
1.352
0.937
1.086
1.500
1.302
1.314
1.601
1.275
1.211
0.894
0.894
0.953
0.907
1.496
1.203
0.988
1.333
1.227
0.924
1.162
1.327
1.005
1.280
1.173
1.177
1.322
1.212
0.900
1.226
1.250
0.985
0.949
1.364
0.896
0.902
1.359
1.059
1.320
1.133
1.563
1.557
1.345
1.489
1.394
1.511
1.492
1.727
1.285
0.999
1.438
1.167
0.952
0.950
1.555
1.157
1.073
1.750
0.861
1.219
0.949
1.221
1.190
0.887
1.507
1.171
0.946
1.388
1.326
1.299
1.372
1.351
1.375
1.551
1.206
1.530
1.222
0.927
0.913
0.872
1.389
1.277
1.435
1.163
1.453
1.253
1.289
1.455
1.343
1.151
1.114
0.852
1.346
1.751
1.381
1.141
1.435
1.262
1.159
0.971
1.223
0.969
1.231
1.040
0.899
1.441
0.847
1.049
0.900
1.672
1.216
1.296
1.152
1.232
1.336
1.276
1.240
1.401
1.286
1.490
0.956
1.388
1.134
1.184
1.210
1.269
