1.172
1.227
1.232
1.282
1.313
1.334
1.346
1.410
1.418
1.457
1.202
1.146
1.274
1.240
1.182
1.289
1.242
1.289
1.220
1.293
1.230
1.236
1.225
1.248
1.201
1.196
1.299
1.220
1.222
1.218
1.227
1.293
1.201
1.284
1.244
1.216
1.250
1.241
1.380
1.398
1.234
1.301
1.171
1.215
1.292
1.283
1.294
1.105
1.270
1.221
1.274
1.245
1.223
1.217
1.274
1.192
1.174
1.179
1.265
1.380
1.202
1.225
1.284
1.260
1.239
1.353
1.263
1.158
1.337
1.141
1.048
1.149
1.212
1.194
1.266
1.210
1.343
1.172
1.291
1.277
1.066
1.147
1.220
1.169
1.194
1.235
1.257
1.258
1.261
1.294
1.146
1.174
1.164
1.195
1.258
1.328
1.204
1.253
1.342
1.246
1.287
1.168
1.189
1.212
1.289
1.337
1.258
1.303
1.256
1.337
1.227
1.102
1.101
1.230
1.108
1.293
1.346
1.299
1.235
1.392
1.237
1.169
1.314
1.332
1.233
1.130
1.218
1.267
1.224
1.318
1.081
1.154
1.229
1.229
1.150
1.263
1.371
1.181
1.218
1.306
1.268
1.289
1.252
1.248
1.283
1.292
1.340
1.194
1.225
1.247
1.398
1.263
1.211
1.262
1.299
1.340
1.132
1.285
1.279
1.428
1.300
1.238
1.176
1.288
1.169
1.222
1.314
1.288
1.242
1.342
1.257
1.122
1.226
1.284
1.414
1.178
1.178
1.204
1.187
1.304
1.228
1.367
1.318
1.203
1.248
1.179
1.290
1.275
1.222
1.319
1.128
1.226
1.266
1.242
1.186
1.386
1.172
1.238
1.156
1.193
1.217
1.274
1.207
1.356
1.077
1.280
1.309
1.112
1.238
1.234
1.292
1.116
1.342
1.216
1.122
1.216
1.184
1.076
1.401
1.253
1.240
1.317
1.235
1.097
1.256
1.246
1.185
1.267
1.270
1.232
1.276
1.139
1.180
1.228
1.133
1.318
1.223
1.306
1.340
1.349
1.293
1.268
1.183
1.206
1.223
1.490
1.137
1.257
1.268
1.216
1.259
1.217
1.214
1.300
1.213
1.217
1.292
1.408
1.205
1.182
1.265
1.228
1.180
1.224
1.144
1.164
1.180
1.148
1.306
1.328
1.183
1.137
1.242
1.198
1.222
1.360
1.186
1.194
1.158
1.358
1.218
1.143
1.162
1.274
1.109
1.058
1.256
1.237
1.270
1.294
1.175
1.371
1.165
1.167
1.163
1.214
1.359
1.242
1.157
1.278
1.405
1.185
1.201
1.282
1.172
1.220
1.265
1.064
1.163
1.211
1.294
1.376
1.330
1.274
1.179
1.279
1.177
1.276
1.351
1.253
1.180
1.234
1.213
1.221
1.239
1.298
1.237
1.258
1.271
1.179
1.217
1.270
1.157
1.106
1.263
1.228
1.243
1.164
1.179
1.249
1.175
1.186
1.158
1.286
1.244
1.146
1.241
1.277
1.296
1.211
1.207
1.236
1.282
1.246
1.240
1.256
1.102
1.199
1.171
1.215
1.314
1.102
1.227
1.347
1.269
1.195
1.262
1.179
1.300
1.270
1.468
1.311
1.202
1.300
1.222
1.375
1.266
1.138
1.170
1.228
1.309
1.167
1.292
1.285
1.361
1.244
1.219
1.158
1.240
1.242
1.251
1.183
1.188
1.332
1.283
1.207
1.162
1.245
1.142
1.164
1.303
1.151
1.267
1.235
1.180
1.169
1.305
1.247
1.171
1.403
1.207
1.172
1.354
1.221
1.305
1.214
1.314
1.217
1.139
1.253
1.215
1.116
1.254
1.252
1.277
1.316
1.208
1.198
1.188
1.379
1.198
1.326
1.235
1.338
1.174
1.240
1.420
1.208
1.229
1.220
1.219
1.259
1.177
1.224
1.176
1.447
1.101
1.243
1.203
1.243
1.115
1.167
1.338
1.216
1.274
1.374
1.279
1.195
1.367
1.182
1.234
1.150
1.244
1.110
1.236
1.323
1.075
1.189
1.215
1.231
1.165
1.176
1.257
1.145
1.168
1.205
1.142
1.229
1.279
1.268
1.223
1.218
1.125
1.223
1.205
1.199
1.154
1.225
1.327
1.222
1.259
1.297
1.403
1.245
1.313
1.217
1.056
1.265
1.280
1.123
1.221
1.156
1.127
1.268
1.201
1.104
1.084
1.142
1.420
1.223
1.215
1.227
1.284
1.289
1.194
1.068
1.177
1.255
1.318
1.271
1.351
1.333
1.106
1.187
1.330
1.204
1.280
1.142
1.224
1.219
1.367
1.378
1.288
1.201
1.271
1.261
1.284
1.203
1.200
1.283
1.241
1.411
1.133
1.369
1.201
1.180
1.171
1.154
1.197
1.060
1.194
1.193
1.148
1.266
1.172
1.286
1.159
1.232
1.205
1.220
1.162
1.115
1.287
1.171
1.314
1.217
1.387
1.252
1.262
1.276
1.087
1.348
1.228
1.265
1.150
1.147
1.148
1.140
1.098
1.088
1.307
1.389
1.235
1.425
1.376
1.250
1.269
1.165
1.254
1.170
1.127
1.255
1.205
1.296
1.130
1.181
1.213
1.236
1.259
1.273
1.227
1.207
1.200
1.301
1.247
1.168
1.186
1.196
1.183
1.193
1.356
1.332
1.238
1.266
1.264
1.485
1.241
1.420
1.200
1.277
1.159
1.282
1.141
1.328
1.239
1.343
1.224
1.230
1.218
1.119
1.213
1.230
1.244
1.309
1.192
1.273
1.191
1.098
1.194
1.255
1.190
1.180
1.187
1.217
1.143
1.265
1.205
1.158
1.202
1.243
1.249
1.275
1.279
1.332
1.250
1.239
1.192
1.197
1.177
1.360
1.383
1.223
1.141
1.229
1.172
1.203
1.328
1.152
1.249
1.286
1.280
1.169
1.284
1.184
1.241
1.219
1.279
1.322
1.180
1.221
1.377
1.250
1.303
1.106
1.172
1.154
1.275
1.211
1.331
1.189
1.134
1.150
1.210
1.264
1.288
1.364
1.195
1.190
1.428
1.299
1.251
1.252
1.309
1.198
1.266
1.262
1.169
1.342
1.245
1.142
1.317
1.146
1.229
1.234
1.169
1.227
1.450
1.182
1.210
1.191
1.301
1.249
1.101
1.195
1.246
1.143
1.301
1.268
1.442
1.310
1.303
1.168
1.195
1.366
1.266
1.263
1.316
1.245
1.213
1.300
1.261
1.189
1.324
1.192
1.263
1.260
1.248
1.249
1.256
1.263
1.242
1.112
1.170
1.150
1.220
1.374
1.084
1.226
1.281
1.182
1.275
1.253
1.200
1.180
1.298
1.195
1.139
1.266
1.178
1.094
1.117
1.253
1.050
1.155
1.331
1.236
1.278
1.181
1.177
1.251
1.272
1.168
1.200
1.170
1.289
1.225
1.186
1.224
1.192
1.123
1.273
1.294
1.106
1.386
1.164
1.222
1.182
1.368
1.292
1.198
1.211
1.280
1.261
1.256
1.235
1.237
1.221
1.217
1.136
1.310
1.237
1.206
1.214
1.310
1.266
1.143
1.240
1.256
1.137
1.417
1.377
1.248
1.079
1.176
1.268
1.177
1.257
1.258
1.205
1.212
1.246
1.211
1.243
1.253
1.282
1.375
1.294
1.243
1.293
1.226
1.471
1.207
1.202
1.087
1.251
1.252
1.277
1.229
1.238
1.358
1.417
1.295
1.288
1.268
1.215
1.315
1.259
1.219
1.212
1.197
1.202
1.217
1.203
1.232
1.281
1.333
1.196
1.138
1.200
1.189
1.441
1.186
1.558
1.231
1.328
1.269
1.183
1.208
1.356
1.262
1.219
1.272
1.186
1.199
1.251
1.188
1.354
1.143
1.287
1.180
1.280
1.337
1.237
1.283
1.246
1.383
1.308
1.093
1.245
1.197
1.311
1.274
1.189
1.317
1.246
1.343
1.226
1.271
1.187
1.169
1.214
1.156
1.226
1.228
1.328
1.155
1.352
1.286
1.253
1.112
1.340
1.227
1.305
1.227
1.233
1.276
1.239
1.152
1.230
1.252
1.149
1.237
1.268
1.174
1.281
1.125
1.333
1.237
1.186
1.241
1.190
1.305
1.344
1.227
1.118
1.475
1.287
1.228
1.275
1.222
1.132
1.253
1.185
1.202
1.152
1.247
1.203
1.259
1.280
1.226
1.240
1.356
1.120
1.305
1.164
1.347
1.224
1.304
1.288
1.244
1.151
1.287
1.305
1.315
1.280
1.311
1.306
1.376
1.279
1.213
1.194
1.182
1.252
1.237
1.267
1.251
1.238
1.240
1.175
1.184
1.266
1.246
1.185
1.320
1.298
1.145
1.177
1.266
1.271
1.216
1.253
1.200
1.171
1.316
1.260
1.382
1.445
1.233
1.149
1.238
1.148
1.337
1.143
1.230
1.315
1.287
1.249
1.360
1.243
1.272
1.321
1.213
1.200
1.206
1.266
1.187
1.298
1.348
1.207
1.355
1.391
1.127
1.104
1.154
1.270
1.354
1.160
1.233
1.198
1.243
1.259
1.135
1.173
1.281
1.266
1.165
1.166
1.164
1.245
1.375
1.171
1.231
1.162
1.201
1.246
1.210
1.206
1.207
1.329
1.263
1.208
1.285
1.271
1.258
1.241
1.292
1.329
1.156
1.114
1.314
1.281
1.138
1.190
1.196
1.358
1.240
1.152
1.196
1.195
1.089
1.209
1.305
1.262
1.293
1.159
1.219
1.181
1.202
1.168
1.130
1.153
1.246
1.210
1.208
1.161
1.365
1.316
1.210
1.230
1.338
1.273
1.202
1.421
1.132
1.227
1.162
1.172
1.232
1.239
1.205
1.465
1.361
1.348
1.163
1.221
1.268
1.175
1.220
1.228
1.315
1.467
1.226
1.334
1.227
1.264
1.209
1.177
1.280
1.341
1.225
1.299
1.228
1.187
1.271
1.275
1.296
1.312
1.125
1.237
1.195
1.302
1.363
1.292
1.223
1.272
1.261
1.217
1.220
1.269
1.134
1.370
1.333
1.217
1.359
1.194
1.254
1.203
1.296
1.124
1.225
1.309
1.192
1.236
1.283
1.250
1.237
1.204
1.281
1.304
1.273
1.334
1.238
1.260
1.236
1.114
1.098
1.144
1.261
1.236
1.272
1.233
1.459
1.275
1.195
1.200
1.171
1.266
1.226
1.282
1.223
1.311
1.032
1.206
1.220
1.258
1.204
1.245
1.254
1.174
1.175
1.173
1.233
1.196
1.246
1.149
1.169
1.259
1.180
1.169
1.266
1.204
1.275
1.364
1.274
1.208
1.260
1.222
1.216
1.264
1.310
1.212
1.183
1.191
1.292
1.206
1.127
1.324
1.307
1.466
1.205
1.206
1.229
1.246
1.184
1.357
1.158
1.250
1.233
1.277
1.287
1.245
1.098
1.231
1.111
1.145
1.323
1.386
1.231
1.263
1.275
1.165
1.277
1.136
1.295
1.230
1.139
1.175
1.321
1.214
1.095
1.285
1.125
1.183
1.195
1.218
1.274
1.266
1.188
1.280
1.215
1.164
1.168
1.258
1.351
1.219
1.358
1.181
1.398
1.091
1.183
1.327
1.242
1.145
1.217
1.291
1.150
1.254
1.154
1.406
1.131
1.353
1.132
1.276
1.278
1.209
1.212
1.235
1.156
1.221
1.155
1.211
1.308
1.282
1.196
1.283
1.243
1.481
1.222
1.229
1.265
1.196
1.277
1.308
1.208
1.217
1.096
1.244
1.232
1.230
1.185
1.378
1.143
1.205
1.142
1.134
1.099
1.252
1.332
1.137
1.052
1.301
1.251
1.206
1.327
1.283
1.238
1.235
1.252
1.178
1.246
1.184
1.235
1.363
1.232
1.373
1.264
1.179
1.230
1.362
1.189
1.265
1.222
1.292
1.197
1.145
1.190
1.229
1.180
1.273
1.239
1.201
1.327
1.168
1.281
1.121
1.209
1.237
1.217
1.324
1.368
1.127
1.392
1.133
1.263
1.316
1.180
1.343
1.257
1.254
1.201
1.206
1.202
1.146
1.412
1.295
1.256
1.262
1.342
1.246
1.366
1.243
1.262
1.311
1.246
1.289
1.206
1.211
1.242
1.162
1.218
1.212
1.288
1.257
1.239
1.185
1.215
1.255
1.299
1.326
1.158
1.330
1.198
1.238
1.207
1.184
1.229
1.168
1.113
1.168
1.245
1.142
1.179
1.234
1.265
1.088
1.243
1.136
1.263
1.126
1.323
1.288
1.190
1.222
1.285
1.154
1.187
1.293
1.287
1.273
1.288
1.237
1.237
1.184
1.123
1.208
1.206
1.410
1.131
1.198
1.317
1.168
1.121
1.242
1.312
1.338
1.329
1.329
1.236
1.259
1.289
1.238
1.090
1.235
1.256
1.194
1.258
1.131
1.152
1.266
1.301
1.253
1.272
1.328
1.226
1.190
1.147
1.295
1.211
1.270
1.259
1.325
1.248
1.327
1.123
1.283
1.261
1.243
1.198
1.242
1.310
1.235
1.283
1.381
1.225
1.185
1.219
1.482
1.270
1.219
1.200
1.145
1.247
1.238
1.174
1.267
1.299
1.258
1.205
1.207
1.256
1.150
1.241
1.249
1.127
1.108
1.259
1.229
1.162
1.278
1.242
1.303
1.263
1.226
1.189
1.194
1.185
1.245
1.301
1.318
1.328
1.454
1.305
1.339
1.326
1.364
1.224
1.299
1.337
1.280
1.389
1.273
1.185
1.124
1.221
1.188
1.228
1.223
1.268
1.270
1.155
1.290
1.333
1.254
1.141
1.124
1.209
1.226
1.265
1.264
1.281
1.210
1.252
1.285
1.212
1.250
1.290
1.279
1.338
1.207
1.267
1.288
1.167
1.294
1.101
1.389
1.160
1.208
1.298
1.197
1.138
1.268
1.368
1.184
1.361
1.246
1.232
1.215
1.250
1.119
1.294
1.246
1.187
1.219
1.148
1.147
1.348
1.237
1.139
1.189
1.430
1.246
1.121
1.139
1.285
1.298
1.234
1.297
1.204
1.256
1.207
1.059
1.305
1.218
1.203
1.239
1.221
1.136
1.246
1.150
1.191
1.220
1.165
1.252
1.193
1.255
1.133
1.269
1.199
1.183
1.183
1.296
1.317
1.173
1.295
1.236
1.341
1.258
1.126
1.171
1.408
1.214
1.341
1.186
1.233
1.107
1.192
1.107
1.308
1.376
1.059
1.179
1.260
1.430
1.253
1.203
1.267
1.193
1.369
1.105
1.242
1.175
1.230
1.259
1.181
1.396
1.281
1.310
1.207
1.279
1.170
1.214
1.327
1.176
1.329
1.235
1.118
1.249
1.167
1.295
1.226
1.108
1.262
1.278
1.162
1.358
1.180
1.154
1.187
1.158
1.165
1.146
1.186
1.369
1.166
1.332
1.192
1.303
1.189
1.163
1.281
1.251
1.162
1.325
1.158
1.180
1.205
1.326
1.281
1.202
1.287
1.277
1.312
1.334
1.222
1.247
1.232
1.237
1.266
1.295
1.198
1.353
1.202
1.159
1.157
1.350
1.327
1.275
1.217
1.303
1.230
1.201
1.273
1.252
1.267
1.264
1.119
1.201
1.246
1.124
1.181
1.245
1.274
1.261
1.243
1.299
1.255
1.281
1.211
1.197
1.280
1.230
1.136
1.132
1.252
1.198
1.263
1.150
1.380
1.163
1.322
1.173
1.359
1.204
1.312
1.334
1.264
1.165
1.243
1.154
1.203
1.318
1.267
1.257
1.337
1.182
1.186
1.273
1.386
1.067
1.249
1.287
1.167
1.069
1.316
1.134
1.175
1.244
1.292
1.312
1.193
1.124
1.241
1.171
1.212
1.228
1.180
1.274
1.151
1.236
1.054
1.170
1.214
1.250
1.236
1.222
1.216
1.199
1.142
1.253
1.345
1.244
1.274
1.205
1.119
1.272
1.274
1.447
1.188
1.254
1.356
1.214
1.107
1.119
1.325
1.174
1.196
1.364
1.298
1.286
1.307
1.257
1.267
1.277
1.199
1.205
1.150
1.220
1.209
1.210
1.318
1.328
1.159
1.307
1.212
1.170
1.138
1.301
1.183
1.292
1.426
1.249
1.204
1.245
1.253
1.300
1.360
1.131
1.264
1.255
1.210
1.128
1.189
1.189
1.276
1.262
1.155
1.232
1.203
1.202
1.459
1.414
1.313
1.311
1.278
1.268
1.255
1.222
1.244
1.174
1.237
1.188
1.298
1.193
1.176
1.314
1.293
1.233
1.161
1.356
1.308
1.270
1.201
1.267
1.176
1.244
1.311
1.105
1.285
1.297
1.409
1.261
1.267
1.359
1.131
1.364
1.352
1.118
1.167
1.281
1.126
1.171
1.138
1.245
1.131
1.200
1.254
1.209
1.317
1.240
1.316
1.350
1.240
1.239
1.210
1.351
1.169
1.198
1.263
1.251
1.330
1.329
1.225
1.226
1.210
1.230
1.255
1.093
1.338
1.272
1.287
1.206
1.225
1.354
1.298
1.125
1.185
1.227
1.261
1.208
1.270
1.195
1.214
1.276
1.149
1.159
1.257
1.258
1.368
1.305
1.199
1.188
1.167
1.174
1.202
1.278
1.370
1.168
1.202
1.207
1.245
1.185
1.200
1.342
1.317
1.332
1.205
1.161
1.294
1.276
1.205
1.188
1.205
1.320
1.111
1.173
1.045
1.260
1.175
1.160
1.208
1.309
1.240
1.200
1.254
1.219
1.191
1.341
1.214
1.256
1.171
1.257
1.191
1.300
1.210
1.254
1.304
1.414
1.325
1.374
1.305
1.268
1.353
1.389
1.251
1.278
1.156
1.173
1.123
1.182
1.300
1.296
1.197
1.250
1.219
1.284
1.369
1.205
1.247
1.383
1.261
1.283
1.288
1.245
1.217
1.389
1.292
1.286
1.330
1.181
1.341
1.197
1.192
1.241
1.160
1.138
1.265
1.193
1.310
1.317
1.241
1.232
1.160
1.237
1.387
1.135
1.307
1.239
1.218
1.292
1.301
1.152
1.270
1.192
1.304
1.380
1.429
1.198
1.179
1.294
1.111
1.260
1.281
1.158
1.217
1.271
1.225
1.325
1.358
1.274
1.226
1.213
1.155
1.346
1.287
1.189
1.230
1.288
1.422
1.189
1.280
1.211
1.274
1.159
1.286
1.236
1.157
1.240
1.155
1.169
1.314
1.157
1.196
1.145
1.193
1.165
1.202
1.257
1.266
1.340
1.206
1.223
1.197
1.418
1.248
1.329
1.276
1.321
1.241
1.177
1.183
1.328
1.225
1.230
1.264
1.250
1.245
1.228
1.218
1.116
1.195
1.182
1.332
1.245
1.260
1.299
1.248
1.305
1.193
1.351
1.168
1.247
1.271
1.263
1.110
1.206
1.317
1.183
1.117
1.171
1.261
1.275
1.270
1.189
1.382
1.164
1.195
1.228
1.219
1.432
1.199
1.259
1.174
1.198
1.252
1.317
1.316
1.202
1.204
1.257
1.179
1.217
1.249
1.166
1.345
1.226
1.119
1.225
1.139
1.200
1.095
1.341
1.275
1.149
1.100
1.328
1.202
1.226
1.269
1.273
1.287
1.151
1.156
1.296
1.375
1.208
1.198
1.268
1.324
1.168
1.272
1.231
1.081
1.306
1.256
1.236
1.234
1.132
1.317
1.226
1.262
1.255
1.197
1.212
1.290
1.335
1.249
1.305
1.216
1.213
1.272
1.286
1.292
1.342
1.266
1.144
1.285
1.291
1.148
1.190
1.187
1.094
1.334
1.281
1.278
1.371
1.238
1.238
1.197
1.175
1.260
1.298
1.150
1.233
1.268
1.318
1.195
1.193
1.332
1.240
1.269
1.215
1.316
1.133
1.225
1.117
1.274
1.255
1.248
1.165
1.217
1.246
1.200
1.226
1.290
1.232
1.289
1.188
1.187
1.179
1.092
1.315
1.178
1.215
1.230
1.249
1.133
1.240
1.332
1.132
1.278
1.314
1.202
1.205
1.237
1.211
1.135
1.323
1.096
1.336
1.356
1.173
1.267
1.189
1.368
1.111
1.176
1.272
1.201
1.262
1.125
1.250
1.257
1.260
1.159
1.216
1.206
1.192
1.206
1.269
1.233
1.352
1.270
1.293
1.192
1.183
1.373
1.271
1.401
1.295
1.265
1.175
1.177
1.196
1.297
1.301
1.119
1.198
1.184
1.223
1.238
1.231
1.111
1.210
1.241
1.139
1.265
1.136
1.121
1.275
1.246
1.261
1.181
1.158
1.172
1.205
1.188
1.179
1.228
1.127
1.282
1.255
1.143
1.333
1.150
1.138
1.128
1.112
1.298
1.187
1.231
1.266
1.320
1.115
1.148
1.164
1.315
1.133
1.201
1.131
1.236
1.281
1.192
1.106
1.166
1.176
1.290
1.173
1.232
1.259
1.238
1.179
1.311
1.109
1.157
1.281
1.252
1.265
1.221
1.369
1.142
1.412
1.315
1.182
1.320
1.267
1.291
1.196
1.242
1.205
1.214
1.166
1.153
1.281
1.173
1.361
1.344
1.230
1.228
1.202
1.139
1.204
1.083
1.119
1.256
1.201
1.266
1.143
1.160
1.133
1.246
1.162
1.271
1.210
1.180
1.237
1.097
1.109
1.283
1.164
1.113
1.106
1.337
1.262
1.266
1.307
1.177
1.316
1.333
1.365
1.186
1.251
1.155
1.183
1.191
1.263
1.100
1.205
1.195
1.154
1.218
1.122
1.339
1.173
1.163
1.380
1.327
1.157
1.073
1.228
1.309
1.162
1.303
1.274
1.252
1.416
1.277
1.134
1.199
1.207
1.127
1.260
1.163
1.236
1.174
1.312
1.220
1.346
1.163
1.345
1.294
1.293
1.189
1.243
1.210
1.146
1.137
1.280
1.165
1.248
1.183
1.169
1.208
1.257
1.122
1.197
1.274
1.248
1.152
1.192
1.261
1.089
1.249
1.207
1.253
1.198
1.108
1.166
1.268
1.191
1.292
1.196
1.174
1.251
1.297
1.241
1.308
1.219
1.255
1.173
1.257
1.176
1.199
1.159
1.160
1.243
1.107
1.136
1.290
1.245
1.226
1.186
1.157
1.182
1.105
1.246
1.166
1.175
1.326
1.343
1.274
1.257
1.153
1.218
1.279
1.071
1.197
1.127
1.293
1.199
1.304
1.210
1.169
1.199
1.182
1.203
1.174
1.228
1.144
1.212
1.238
1.207
1.272
1.131
1.216
1.254
1.084
1.203
1.131
1.128
1.204
1.199
1.213
1.190
1.208
1.319
1.197
1.309
1.190
1.161
1.226
1.167
1.189
1.228
1.234
1.214
1.181
1.271
1.183
1.175
1.184
1.211
1.276
1.306
1.178
1.241
1.147
1.092
1.195
1.250
1.215
1.184
1.147
1.169
1.170
1.075
1.333
1.166
1.197
1.182
1.233
1.267
1.121
1.233
1.217
1.234
1.151
1.297
1.150
1.210
1.173
1.161
1.159
1.191
1.315
1.362
1.237
1.180
1.208
1.169
1.309
1.273
1.254
1.131
1.194
1.281
1.219
1.207
1.141
1.242
1.139
1.128
1.197
1.241
1.180
1.175
1.188
1.113
1.114
1.176
1.201
1.237
1.186
1.192
1.190
1.273
1.221
1.298
1.236
1.161
1.199
1.235
1.172
1.232
1.100
1.195
1.194
1.206
1.238
1.320
1.133
1.136
1.221
1.275
1.244
1.308
1.296
1.177
1.114
1.263
1.273
1.221
1.151
1.230
1.294
1.216
1.263
1.230
1.319
1.183
1.225
1.302
1.127
1.139
1.120
1.111
1.345
1.228
1.192
1.286
1.255
1.228
1.266
1.210
1.240
1.157
1.214
1.181
1.356
1.238
1.165
1.315
1.218
1.217
1.270
1.140
1.255
1.248
1.150
1.232
1.200
1.241
1.334
1.365
1.125
1.236
1.292
1.203
1.159
1.205
1.195
1.242
1.192
1.251
1.285
1.169
1.133
1.161
1.160
1.250
1.285
1.107
1.197
1.161
1.305
1.217
1.225
1.216
1.241
1.215
1.185
1.120
1.169
1.164
1.207
1.229
1.159
1.196
1.277
1.081
1.220
1.347
1.112
1.125
1.188
1.177
1.248
1.232
1.389
1.129
1.272
1.216
1.200
1.150
1.270
1.238
1.155
1.253
1.241
1.182
1.150
1.198
1.198
1.077
1.238
1.235
1.211
1.414
1.245
1.115
1.056
1.262
1.199
1.155
1.142
1.245
1.120
1.114
1.259
1.180
1.157
1.355
1.247
1.364
1.194
1.164
1.209
1.199
1.495
1.098
1.206
1.245
1.146
1.154
1.257
1.222
1.187
1.196
1.206
1.210
1.184
1.308
1.238
1.250
1.271
1.178
1.285
1.219
1.197
1.130
1.191
1.132
1.356
1.160
1.240
1.150
1.180
1.203
1.297
1.116
1.206
1.246
1.175
1.299
1.170
1.149
1.211
1.127
1.216
1.352
1.342
1.243
1.307
1.132
1.166
1.067
1.219
1.316
1.185
1.314
1.252
1.086
1.117
1.271
1.142
1.328
1.307
1.108
1.258
1.260
1.270
1.242
1.202
1.237
1.298
1.196
1.189
1.314
1.162
1.214
1.092
1.248
1.177
1.239
1.313
1.150
1.109
1.126
1.307
1.291
1.171
1.118
1.197
1.249
1.131
1.185
1.284
1.249
1.230
1.295
1.264
1.287
1.351
1.050
1.330
1.179
1.196
1.115
1.246
1.232
1.251
1.364
1.186
1.199
1.112
1.396
1.360
1.196
1.175
1.190
1.213
1.181
1.199
1.225
1.144
1.214
1.249
1.192
1.144
1.201
1.183
1.297
1.260
1.162
1.156
1.336
1.207
1.187
1.154
1.253
1.184
1.125
1.226
1.307
1.126
1.214
1.204
1.208
1.284
1.209
1.266
1.207
1.201
1.317
1.344
1.336
1.207
1.169
1.199
1.090
1.183
1.251
1.292
1.206
1.314
1.231
1.370
1.205
1.229
1.203
1.203
1.243
1.244
1.157
1.254
1.176
1.161
1.131
1.187
1.114
1.191
1.202
1.190
1.298
1.221
1.114
1.237
1.163
1.256
1.173
1.345
1.288
1.246
1.151
1.257
1.370
1.203
1.246
1.141
1.080
1.305
1.160
1.092
1.268
1.272
1.131
1.125
1.192
1.244
1.261
1.254
1.185
1.118
1.237
1.268
1.169
1.224
1.136
1.198
1.174
1.242
1.378
1.232
1.376
1.182
1.137
1.223
1.128
1.270
1.204
1.251
1.165
1.336
1.276
1.352
1.078
1.215
1.311
1.150
1.292
1.187
1.225
1.150
1.296
1.334
1.152
1.176
1.243
1.213
1.178
1.236
1.224
1.358
1.178
1.127
1.174
1.131
1.201
1.182
1.207
1.082
1.176
1.157
1.135
1.324
1.186
1.203
1.182
1.164
1.179
1.171
1.151
1.210
1.154
1.107
1.115
1.162
1.208
1.212
1.170
1.149
1.244
1.253
1.399
1.143
1.251
1.220
1.250
1.083
1.264
1.258
1.224
1.210
1.207
1.193
1.217
1.114
1.291
1.264
1.162
1.225
1.172
1.215
1.288
1.263
1.289
1.185
1.115
1.246
1.222
1.287
1.192
1.231
1.025
1.155
1.343
1.066
1.200
1.159
1.233
1.302
1.158
1.201
1.208
1.123
1.283
1.153
1.361
1.181
1.135
1.132
1.192
1.239
1.192
1.329
1.191
1.204
1.277
1.129
1.099
1.161
1.172
1.168
1.238
1.233
1.174
1.228
1.244
1.149
1.256
1.338
1.084
1.232
1.182
1.257
1.090
1.193
1.356
1.145
1.231
1.213
1.256
1.249
1.272
1.227
1.261
1.243
1.372
1.089
1.086
1.340
1.173
1.128
1.184
1.095
1.313
1.249
1.187
1.196
1.288
1.190
1.208
1.215
1.155
1.038
1.166
1.155
1.165
1.169
1.169
1.172
1.093
1.279
1.058
1.029
1.266
1.226
1.289
1.259
1.204
1.194
1.157
1.104
1.094
1.170
1.248
1.185
1.240
1.308
1.082
1.271
1.120
1.242
1.200
1.194
1.296
1.153
1.220
1.286
1.224
1.305
1.094
1.241
1.145
1.193
1.258
1.146
1.284
1.159
1.315
1.233
1.173
1.061
1.231
1.179
1.292
1.150
1.209
1.149
1.208
1.209
1.184
1.213
1.143
1.200
1.142
1.137
1.057
1.316
1.140
1.283
1.223
1.094
1.192
1.221
1.289
1.291
1.276
1.247
1.216
1.293
1.142
1.147
1.306
1.196
1.233
1.178
1.188
1.205
1.175
1.167
1.190
1.179
1.388
1.237
1.392
1.249
1.167
1.282
1.219
1.210
1.168
1.178
1.271
1.241
1.127
1.090
1.180
1.263
1.214
1.275
1.261
1.275
1.241
1.376
1.190
1.343
1.181
1.225
1.157
1.237
1.194
1.235
1.133
1.272
1.231
1.154
1.139
1.162
1.210
1.215
1.274
1.266
1.170
1.295
1.259
1.252
1.182
1.212
1.163
1.164
1.296
1.236
1.145
1.189
1.228
1.132
1.272
1.102
1.139
1.195
1.125
1.251
1.312
1.300
1.248
1.164
1.259
1.263
1.123
1.174
1.232
1.149
1.129
1.272
1.171
1.260
1.216
1.241
1.236
1.316
1.070
1.269
1.070
1.236
1.158
1.008
1.269
1.137
1.184
1.131
1.324
1.400
1.159
1.206
1.202
1.225
1.247
1.297
1.239
1.179
1.284
1.285
1.265
1.094
1.102
1.140
1.161
1.135
1.139
1.154
1.164
1.148
1.222
1.167
1.141
1.177
1.223
1.196
1.103
1.200
1.292
1.084
1.112
1.165
1.188
1.458
1.182
1.285
1.129
1.256
1.348
1.227
1.230
1.174
1.198
1.130
1.167
1.158
1.216
1.300
1.190
1.162
1.134
1.217
1.282
1.243
1.212
1.127
1.160
1.358
1.176
1.153
1.194
1.152
1.273
1.159
1.239
1.329
1.275
1.130
1.160
1.170
1.247
1.177
1.163
1.137
1.137
1.233
1.146
1.154
1.189
1.226
1.166
1.127
1.109
1.142
1.134
1.207
1.256
1.233
1.160
1.121
1.098
1.277
1.205
1.269
1.239
1.383
1.233
1.111
1.201
1.356
1.411
1.296
1.354
1.213
1.110
1.298
1.252
1.403
1.152
1.144
1.299
1.234
1.225
1.254
1.313
1.200
1.147
1.146
1.146
1.238
1.155
1.145
1.250
1.187
1.178
1.322
1.199
1.181
1.145
1.113
1.128
1.207
1.232
1.080
1.247
1.176
1.172
1.422
1.154
1.110
1.102
1.339
1.194
1.198
1.261
1.153
1.213
1.255
1.206
1.261
1.229
1.205
1.333
1.188
1.148
1.193
1.307
1.138
1.346
1.176
1.313
1.250
1.172
1.277
1.224
1.278
1.332
1.361
1.285
1.253
1.276
1.318
1.185
1.181
1.192
1.223
1.313
1.116
1.211
1.149
1.278
1.178
1.068
1.381
1.215
1.259
1.190
1.121
1.157
1.259
1.323
1.189
1.354
1.296
1.234
1.194
1.215
1.220
1.188
1.209
1.206
1.234
1.184
1.228
1.198
1.271
1.175
1.292
1.190
1.322
1.143
1.126
1.217
1.244
1.143
1.233
1.250
1.177
1.148
1.223
1.203
1.251
1.175
1.137
1.307
1.212
1.143
1.164
1.222
1.320
1.128
1.232
1.069
1.124
1.166
1.184
1.201
1.273
1.252
1.177
1.305
1.139
1.149
1.312
1.208
1.178
1.192
1.289
1.227
1.171
1.164
1.141
1.156
1.293
1.222
1.171
1.354
1.140
1.284
1.195
1.157
1.184
1.208
1.310
1.247
1.219
1.190
1.246
1.104
1.134
1.223
1.150
1.148
1.193
1.239
1.138
1.200
1.135
1.217
1.245
1.157
1.154
1.230
1.147
1.180
1.303
1.230
1.315
1.166
1.393
1.108
1.133
1.146
1.162
1.152
1.374
1.064
1.181
1.356
1.233
1.271
1.094
1.245
1.224
1.109
1.233
1.264
1.204
1.147
1.294
1.125
1.238
1.197
1.194
1.197
1.154
1.199
1.180
1.196
1.188
1.142
1.114
1.106
1.236
1.170
1.135
1.224
1.193
1.167
1.119
1.247
1.200
1.200
1.209
1.159
1.233
1.156
1.089
1.242
1.178
1.151
1.166
1.290
1.173
1.160
1.205
1.271
1.257
1.289
1.284
1.246
1.122
1.278
1.252
1.286
1.164
1.162
1.126
1.181
1.257
1.180
1.212
1.172
1.134
1.242
1.271
1.274
1.188
1.196
1.139
1.194
1.080
1.195
1.280
1.163
1.136
1.267
1.206
1.237
1.170
1.259
1.389
1.122
1.319
1.373
1.206
1.138
1.169
1.131
1.146
1.283
1.208
1.238
1.132
1.252
1.127
1.197
1.171
1.190
1.189
1.242
1.113
1.185
1.241
1.285
1.315
1.191
1.110
1.115
1.195
1.134
1.247
1.182
1.253
1.188
1.239
1.120
1.261
1.072
1.349
1.275
1.266
1.218
1.134
1.152
1.195
1.265
1.197
1.193
1.167
1.196
1.105
1.161
1.200
1.138
1.156
1.119
1.242
1.165
1.237
1.167
1.326
1.218
1.141
1.225
1.260
1.182
1.182
1.249
1.224
1.204
1.103
1.176
1.246
1.159
1.194
1.168
1.217
1.112
1.152
1.244
1.211
1.101
1.135
1.140
1.248
1.190
1.172
1.124
1.233
1.132
1.135
1.170
1.195
1.200
1.269
1.297
1.214
1.205
1.162
1.430
1.113
1.174
1.247
1.189
1.066
1.182
1.152
1.144
1.255
1.251
1.089
1.197
1.258
1.037
1.159
1.328
1.160
1.117
1.128
1.219
1.213
1.135
1.231
1.326
1.175
1.241
1.216
1.186
1.105
1.223
1.262
1.185
1.334
1.226
1.200
1.280
1.233
1.213
1.191
1.230
1.381
1.313
1.168
1.191
1.050
1.186
1.314
1.193
1.235
1.232
1.244
1.290
1.117
1.169
1.293
1.281
1.371
1.331
1.176
1.192
1.266
1.105
1.211
1.281
1.328
1.349
1.125
1.168
1.289
1.212
1.241
1.426
1.331
1.184
1.278
1.127
1.071
1.316
1.163
1.092
1.264
1.238
1.091
1.262
1.159
1.357
1.431
1.247
1.302
1.216
1.213
1.092
1.267
1.106
1.094
1.277
1.248
1.250
1.174
1.376
1.218
1.195
1.100
1.202
1.297
1.187
1.162
1.150
1.185
1.272
1.235
1.265
1.103
1.257
1.222
1.219
1.214
1.156
1.269
1.223
1.176
1.206
1.344
1.165
1.095
1.157
1.130
1.241
1.234
1.253
1.175
1.175
1.199
1.234
1.174
1.242
1.319
1.243
1.184
1.246
1.268
1.320
1.188
1.171
1.262
1.129
1.241
1.098
1.252
1.219
1.294
1.283
1.161
1.255
1.099
1.382
1.195
1.207
1.147
1.245
1.161
1.191
1.157
1.222
1.183
1.070
1.324
1.161
1.196
1.204
1.176
1.220
1.247
1.189
1.166
1.170
1.098
1.305
1.145
1.181
1.203
1.228
1.211
1.243
1.258
1.145
1.119
1.198
1.194
1.098
1.189
1.223
1.196
1.172
1.096
1.195
1.234
1.191
1.229
1.177
1.332
1.336
1.201
1.179
1.191
1.136
1.029
1.152
1.320
1.294
1.219
1.254
1.133
1.238
1.169
1.234
1.143
1.232
1.206
1.223
1.097
1.261
1.217
1.257
1.263
1.236
1.108
1.277
1.292
1.180
1.235
1.235
1.101
1.306
1.168
1.268
1.175
1.216
1.274
1.239
1.213
1.283
1.181
1.205
1.144
1.186
1.159
1.211
1.238
1.288
1.217
1.156
1.222
1.139
1.194
1.251
1.251
1.216
1.130
1.219
1.352
1.170
1.357
1.237
1.149
1.165
1.112
1.014
1.181
1.220
1.171
1.257
1.136
1.261
1.207
1.177
1.152
1.268
1.173
1.229
1.092
1.213
1.144
1.337
1.234
1.271
1.144
1.220
1.238
1.187
1.153
1.166
1.285
1.257
1.225
1.175
1.181
1.131
1.218
1.284
1.189
1.219
1.196
1.152
1.162
1.176
1.136
1.122
1.153
1.196
1.078
1.211
1.125
1.188
1.157
1.171
1.196
1.184
1.115
1.201
1.437
1.206
1.227
1.179
1.156
1.245
1.106
1.346
1.209
1.227
1.216
1.216
1.380
1.047
1.197
1.174
1.185
1.120
1.125
1.137
1.228
1.223
1.087
1.103
1.251
1.174
1.056
1.159
1.202
1.159
1.109
1.067
1.207
1.252
1.237
1.234
1.194
1.199
1.294
1.297
1.136
1.145
1.170
1.146
1.278
1.205
1.285
1.194
1.175
1.235
1.185
1.200
1.207
1.316
1.256
1.227
1.357
1.211
1.102
1.193
1.246
1.201
1.154
1.221
1.153
1.184
1.217
1.197
1.094
1.106
1.199
1.228
1.340
1.147
1.251
1.198
1.322
1.169
1.166
1.173
1.185
1.249
1.201
1.239
1.199
1.299
1.161
1.209
1.191
1.364
1.194
0.981
1.344
1.092
1.130
1.307
1.252
1.152
1.195
1.191
1.197
1.233
1.171
1.185
1.237
1.115
1.197
1.369
1.261
1.121
1.120
1.123
1.159
1.156
1.380
1.099
1.266
1.222
1.139
1.171
1.157
1.166
1.243
1.205
1.089
1.283
1.281
1.145
1.209
1.033
1.145
1.386
1.255
1.239
1.215
1.146
1.215
1.186
1.275
1.367
1.187
1.271
1.088
1.187
1.188
1.257
1.172
1.305
1.208
1.247
1.202
1.138
1.351
1.336
1.317
1.274
1.231
1.282
1.195
1.188
1.190
1.185
1.282
1.185
1.248
1.313
1.124
1.206
1.274
1.148
1.265
1.193
1.180
1.186
1.224
1.196
1.141
1.107
1.227
1.239
1.198
1.164
1.276
1.210
1.224
1.186
1.259
1.148
1.330
1.193
1.110
1.175
1.266
1.124
1.134
1.207
1.234
1.200
1.199
1.185
1.179
1.242
1.297
1.231
1.134
1.193
1.157
1.137
1.197
1.193
1.233
1.289
1.116
1.270
1.199
1.332
1.158
1.247
1.240
1.201
1.064
1.187
1.168
1.204
1.182
1.107
1.160
1.251
1.222
1.288
1.186
1.335
1.175
1.271
1.159
1.224
1.179
1.209
1.269
1.234
1.258
1.294
1.279
1.220
1.091
1.321
1.075
1.218
1.264
1.211
1.155
1.313
1.176
1.326
1.264
1.155
1.058
1.147
1.119
1.131
1.123
1.056
1.181
1.248
1.185
1.274
1.104
1.254
1.204
1.049
1.123
1.142
1.146
1.223
1.178
1.144
1.236
1.156
1.119
1.281
1.203
1.270
1.345
1.163
1.094
1.182
1.223
1.155
1.224
1.329
1.137
1.170
1.261
1.129
1.116
1.236
1.037
1.244
1.174
1.150
1.129
1.249
1.210
1.100
1.114
1.191
1.157
1.181
1.248
1.164
1.308
1.197
1.262
1.220
1.391
1.252
1.211
1.167
1.089
1.191
1.154
1.161
1.090
1.221
1.079
1.280
1.154
1.065
1.133
1.185
1.257
1.167
1.140
1.093
1.168
1.163
1.229
1.123
1.170
1.207
1.174
1.145
1.220
1.127
1.154
1.204
1.256
1.293
1.264
1.133
1.128
1.145
1.218
1.210
1.329
1.191
1.192
1.278
1.146
1.097
1.186
1.338
1.261
1.135
1.231
1.168
1.239
1.184
1.176
1.311
1.375
1.277
1.203
1.232
1.327
1.228
1.184
1.209
1.272
1.126
1.259
1.296
1.231
1.130
1.294
1.188
1.151
1.149
1.140
1.190
1.147
1.302
1.178
1.135
1.165
1.256
1.263
1.251
1.000
1.203
1.302
1.075
1.144
1.205
1.328
1.212
1.184
1.263
1.094
1.101
1.094
1.224
1.177
1.225
1.278
1.347
1.328
1.237
1.277
1.110
1.203
1.167
1.288
1.191
1.194
1.224
1.199
1.192
1.303
1.280
1.184
1.224
1.227
1.128
1.097
1.171
1.172
1.207
1.233
1.078
1.283
1.058
1.249
1.218
1.199
1.279
1.136
1.237
1.059
1.184
1.157
1.281
1.203
1.320
1.120
1.070
1.201
1.296
1.055
1.259
1.258
1.189
1.191
1.032
1.051
1.260
1.184
1.150
1.242
1.162
1.198
1.124
1.216
1.163
1.206
1.208
1.262
1.101
1.273
1.238
1.174
1.162
1.186
1.251
1.291
1.237
1.466
1.178
1.142
1.153
1.297
1.216
1.111
1.229
1.217
1.164
1.109
1.308
1.193
1.233
1.221
1.247
1.195
1.291
1.147
1.229
1.199
1.319
1.300
1.236
1.221
1.269
1.279
1.145
1.150
1.240
1.255
1.196
1.169
1.178
1.287
1.159
1.176
1.222
1.192
1.146
1.189
1.186
1.142
1.202
1.240
1.353
1.089
1.150
1.250
1.187
1.167
1.380
1.104
1.278
1.146
1.203
1.227
1.309
1.245
1.239
1.225
1.331
1.204
1.098
1.372
1.117
1.170
1.048
1.201
1.187
1.344
1.143
1.216
1.132
1.237
1.152
1.146
1.200
1.194
1.187
1.239
1.299
1.177
1.067
1.319
1.158
1.243
1.128
1.142
1.168
1.237
1.136
1.248
1.214
1.170
1.147
1.220
1.228
1.171
1.243
1.235
1.309
1.160
1.363
1.161
1.174
1.249
1.179
1.104
1.353
1.122
1.198
1.194
1.306
1.171
1.365
1.133
1.124
1.346
1.165
1.110
1.102
1.306
1.317
1.070
1.209
1.357
1.153
1.194
1.150
1.106
1.177
1.124
1.362
1.313
1.173
1.188
1.044
1.118
1.057
1.121
1.274
1.195
1.217
1.189
1.236
1.298
1.202
1.298
1.166
1.215
1.233
1.137
1.119
1.251
1.327
1.100
1.335
1.158
1.272
1.266
1.159
1.184
1.172
1.224
1.199
1.108
1.136
1.170
1.209
1.102
1.223
1.145
1.155
1.251
1.105
1.189
1.183
1.080
1.202
1.245
1.186
1.087
1.143
1.228
1.239
1.214
1.257
1.314
1.104
1.124
1.157
1.202
1.341
1.255
1.246
1.257
1.166
1.198
1.101
1.315
1.303
1.326
1.111
1.282
1.150
1.232
1.121
1.214
1.246
1.329
1.205
1.170
1.192
1.199
1.292
1.137
1.261
1.233
1.252
1.342
1.178
1.176
1.207
1.182
1.217
1.195
1.133
1.175
1.074
1.288
1.241
1.081
1.330
1.123
1.222
1.167
1.223
1.360
1.115
1.204
1.208
1.274
1.081
1.174
1.262
1.170
1.199
1.196
1.123
1.256
1.149
1.297
1.156
1.165
1.070
1.141
1.168
1.289
1.249
1.153
1.184
1.160
1.293
1.205
1.265
1.138
1.207
1.172
1.178
1.195
1.162
1.217
1.049
1.160
1.189
1.260
1.259
1.357
1.209
1.180
1.108
1.263
1.185
1.135
1.285
1.191
1.182
1.193
1.220
1.204
1.202
1.181
1.205
1.192
1.141
1.235
1.317
1.096
1.353
1.243
1.218
1.265
1.150
1.232
1.182
1.183
1.235
1.181
1.137
1.178
1.266
1.226
1.180
1.253
1.123
1.255
1.175
1.191
1.083
1.182
1.170
1.206
1.326
1.171
1.109
1.268
1.121
1.078
1.137
1.182
1.107
1.203
1.232
1.146
1.253
1.183
1.188
1.229
1.131
1.258
1.227
1.351
1.284
1.154
1.183
1.229
1.182
1.287
1.276
1.179
1.195
1.191
1.117
1.228
1.316
1.168
1.129
1.211
1.192
1.135
1.161
1.204
1.178
1.089
1.180
1.124
1.100
1.054
1.199
1.231
1.226
1.301
1.235
1.146
1.083
1.242
1.139
1.199
1.388
1.101
1.136
1.126
1.220
1.264
1.184
1.204
1.270
1.190
1.116
1.148
1.183
1.305
1.371
1.200
1.338
1.215
1.084
1.158
1.152
1.333
1.322
1.252
1.253
1.172
1.237
1.232
1.212
1.240
1.332
1.326
1.159
1.271
1.260
1.200
1.252
1.169
1.311
1.258
1.139
1.078
1.141
1.165
1.338
1.249
1.182
1.280
1.198
1.133
1.181
1.128
1.092
1.223
1.189
1.164
1.241
1.256
1.084
1.294
1.161
1.218
1.253
1.098
1.203
1.312
1.333
1.131
1.222
1.109
1.180
1.222
1.198
1.185
1.181
1.154
1.198
1.189
1.338
1.078
1.246
1.319
1.099
1.239
1.179
1.378
1.133
1.110
1.325
1.152
1.229
1.210
1.180
1.248
1.263
1.141
1.102
1.179
1.247
1.173
1.078
1.110
1.171
1.192
1.291
1.207
1.199
1.157
1.134
1.246
1.172
1.133
1.244
1.139
1.173
1.219
1.273
1.197
1.252
1.197
1.218
1.282
1.201
1.202
1.226
1.208
1.148
1.142
1.292
1.217
1.201
1.082
1.190
1.159
1.412
1.138
1.232
1.138
1.180
1.237
1.161
1.212
1.262
1.226
1.332
1.161
1.182
1.255
1.090
1.108
1.188
1.216
1.267
1.294
1.122
1.276
1.305
1.153
1.288
1.221
1.301
1.191
1.192
1.164
1.183
1.149
1.291
1.347
1.331
1.384
1.194
1.186
1.250
1.254
1.138
1.207
1.174
1.299
1.216
1.254
1.190
1.206
1.163
1.288
1.226
1.298
1.112
1.231
1.240
1.139
1.068
1.188
1.180
1.175
1.052
1.090
1.172
1.245
1.254
1.224
1.135
1.077
1.180
1.328
1.155
1.236
1.202
1.326
1.391
1.121
1.212
1.288
1.365
1.177
1.109
1.117
1.120
1.134
1.257
1.209
1.161
1.325
1.167
1.270
1.203
1.242
1.247
1.154
1.319
1.172
1.206
1.123
1.203
1.097
1.390
1.223
1.356
1.261
1.215
1.306
1.216
1.287
1.194
1.235
1.123
1.327
1.239
1.139
1.252
1.223
1.149
1.246
1.285
1.269
1.137
1.141
1.207
1.180
1.181
1.214
1.131
1.143
1.105
1.290
1.157
1.171
1.223
1.149
1.105
1.232
1.223
1.250
1.100
1.234
1.316
1.205
1.225
1.398
1.222
1.262
1.114
1.166
1.051
1.182
1.148
1.235
1.211
1.283
1.216
1.182
1.239
1.253
1.148
1.245
1.392
1.078
1.184
1.135
1.163
1.184
1.170
1.233
1.259
1.150
1.137
1.288
1.254
1.297
1.186
1.215
1.280
1.242
1.184
1.207
1.207
1.322
1.237
1.199
1.087
1.239
1.170
1.224
1.151
1.210
1.213
1.139
1.167
1.275
1.191
1.230
1.214
1.153
1.148
1.018
1.164
1.116
1.236
1.291
1.167
1.158
1.158
1.171
1.191
1.222
1.132
1.328
1.273
1.085
1.099
1.223
1.156
1.228
1.286
1.187
1.248
1.227
1.248
1.326
1.188
1.353
1.314
1.150
1.129
1.296
1.309
1.195
1.090
1.126
1.234
1.128
1.200
1.178
1.134
1.325
1.154
1.168
1.292
1.222
1.007
1.247
1.207
1.260
1.270
1.214
1.270
1.132
1.196
1.176
1.124
1.147
1.099
1.194
1.084
1.158
1.235
1.250
1.151
1.327
1.151
1.212
1.237
1.207
1.243
1.230
1.177
1.377
1.211
1.181
1.338
1.134
1.217
1.184
1.225
1.172
1.226
1.213
1.113
1.211
1.271
1.199
1.276
1.220
1.198
1.313
1.141
1.156
1.079
1.217
1.177
1.138
1.223
1.207
1.186
1.126
1.106
1.338
1.131
1.270
1.199
1.180
1.191
1.111
1.224
1.228
1.213
1.134
1.266
1.293
1.137
1.352
1.137
1.284
1.088
1.127
1.097
1.368
1.191
1.215
1.152
1.306
1.278
1.128
1.146
1.261
1.337
1.160
1.274
1.322
1.162
1.220
1.150
1.239
1.175
1.220
1.160
1.167
1.210
1.146
1.164
1.256
1.159
1.213
1.273
1.164
1.301
1.224
1.182
1.271
1.228
1.108
1.235
1.318
1.169
1.179
1.239
1.114
1.080
1.323
1.110
1.169
1.114
1.294
1.158
1.263
1.238
1.197
1.245
1.130
1.169
1.255
1.244
1.170
1.166
1.272
1.166
1.175
1.176
1.210
1.217
1.263
1.317
1.193
1.197
1.201
1.209
1.235
1.080
1.102
1.099
1.109
1.208
1.412
1.190
1.324
1.140
1.207
1.272
1.230
1.127
1.220
1.142
1.198
1.210
1.175
1.136
1.313
1.269
1.134
1.217
1.139
1.087
1.215
1.173
1.153
1.266
1.205
1.230
1.111
1.261
1.183
1.176
1.121
1.157
1.155
1.159
1.222
1.247
1.185
1.198
1.261
1.317
1.328
1.202
1.237
1.186
1.222
1.210
1.179
1.252
1.329
1.256
1.323
1.375
1.408
1.195
1.265
1.089
1.168
1.335
1.233
1.158
1.064
1.102
1.299
1.202
1.127
1.172
1.224
1.181
1.117
1.167
1.269
1.155
1.166
1.144
1.240
1.317
1.178
1.209
1.139
1.170
1.240
1.112
1.244
1.183
1.004
1.167
1.193
1.203
1.186
1.137
1.247
1.213
1.303
1.136
0.984
1.322
1.177
1.095
1.135
1.240
1.253
1.259
1.222
1.194
1.151
1.074
1.244
1.202
1.255
1.233
1.125
1.300
1.173
1.259
1.112
1.142
1.176
1.022
1.242
1.216
1.270
1.332
1.170
1.205
1.186
1.073
1.226
1.241
1.268
1.204
1.208
1.223
1.227
1.221
1.207
1.157
1.218
1.140
1.174
1.264
1.050
1.266
1.151
1.244
1.370
1.202
1.214
1.189
1.192
1.184
1.224
1.178
1.160
1.305
1.203
1.160
1.164
1.367
1.150
1.228
1.258
1.185
1.171
1.317
1.249
1.150
1.179
1.076
1.041
1.221
1.264
1.180
1.393
1.182
1.208
1.098
1.177
1.129
1.292
1.219
1.179
1.214
1.175
1.184
1.226
1.078
1.089
1.247
1.262
1.171
1.215
1.128
1.213
1.327
1.125
1.239
1.141
1.104
1.155
1.127
1.263
1.129
1.132
1.191
1.187
1.200
1.234
1.223
1.206
1.177
1.170
1.143
1.179
1.206
1.203
1.149
1.203
1.219
1.295
1.200
1.316
1.225
1.194
1.326
1.245
1.187
1.234
1.188
1.128
1.218
1.132
1.159
1.189
1.211
1.162
1.136
1.132
1.268
1.119
1.213
1.220
1.306
1.159
1.154
1.192
1.154
1.315
1.281
1.163
1.206
1.198
1.090
1.263
1.149
1.157
1.255
1.256
1.135
1.339
1.315
1.204
1.259
1.226
1.375
1.092
1.199
1.151
1.144
1.179
1.394
1.241
1.273
1.143
1.366
1.184
1.115
1.214
1.198
1.200
1.147
1.122
1.233
1.231
1.129
1.128
1.160
1.246
1.210
1.212
1.195
1.141
1.290
1.069
1.240
1.183
1.201
1.286
1.178
1.121
1.237
1.115
1.234
1.231
1.215
1.140
1.344
1.221
1.153
1.119
1.203
1.122
1.214
1.197
1.318
1.115
1.097
1.136
1.198
1.163
1.211
1.227
1.208
1.308
1.196
1.187
1.203
1.283
1.170
1.224
1.211
1.283
1.064
1.277
1.134
1.262
1.192
1.291
1.218
1.202
1.155
1.314
1.244
1.151
1.355
1.280
1.210
1.187
1.174
1.167
1.177
1.106
1.104
1.337
1.244
1.167
1.220
1.136
1.188
1.165
1.200
1.126
1.260
1.220
1.361
1.221
1.198
1.224
1.174
1.225
1.193
1.283
1.207
1.116
1.132
1.341
1.236
1.305
1.239
1.252
1.287
1.348
1.203
1.171
1.264
1.079
1.223
1.165
1.259
1.122
1.190
1.101
1.352
1.270
1.192
1.239
1.181
1.157
1.174
1.207
1.270
1.139
1.197
1.169
1.241
1.213
1.296
1.205
1.284
1.179
1.278
1.130
1.267
1.219
1.368
1.157
1.081
1.366
1.081
1.069
1.134
1.270
1.295
1.059
1.260
1.079
1.273
1.174
1.236
1.178
1.238
1.155
1.140
1.187
1.173
1.130
1.229
1.177
1.192
1.108
1.247
1.297
1.124
1.188
1.314
1.193
1.172
1.161
1.257
1.156
1.208
1.247
1.216
1.111
1.299
1.194
1.252
1.268
1.101
1.177
1.274
1.413
1.234
1.259
1.222
1.247
1.182
1.148
1.174
1.229
1.193
1.116
1.139
1.215
1.158
1.178
1.283
1.151
1.193
1.130
1.205
1.137
1.240
1.129
1.243
1.157
1.278
1.156
1.232
1.135
1.201
1.218
1.243
1.289
1.216
1.182
1.138
1.228
1.246
1.277
1.085
1.258
1.256
1.154
1.304
1.223
1.172
1.208
1.190
1.278
1.230
1.206
1.212
1.173
1.140
1.289
1.222
1.226
1.137
1.123
1.200
1.265
1.115
1.105
1.247
1.166
1.280
1.291
1.254
1.289
1.080
1.269
1.241
1.097
1.061
1.296
1.177
1.115
1.214
1.138
1.175
1.080
1.225
1.126
1.137
1.202
1.067
1.161
1.219
1.307
1.189
1.244
1.120
1.185
1.125
1.227
1.276
1.127
1.084
1.305
1.222
1.135
1.318
1.222
1.116
1.334
1.187
1.214
1.129
1.114
1.219
1.183
1.171
1.098
1.315
1.223
1.254
1.241
1.142
1.185
1.176
1.140
1.221
1.154
1.243
1.190
1.274
1.512
1.197
1.259
1.267
1.088
1.199
1.156
1.154
1.235
1.174
1.179
1.134
1.296
1.215
1.294
1.312
1.292
1.198
1.168
1.280
1.131
1.211
1.176
1.182
1.247
1.245
1.319
1.319
1.242
1.143
1.242
1.261
1.327
1.158
1.158
1.179
1.257
1.162
1.212
1.224
1.154
1.186
1.223
1.181
1.143
1.375
1.158
1.295
1.303
1.179
1.253
1.181
1.127
1.278
1.184
1.228
1.112
1.205
1.238
1.277
1.208
1.160
1.262
1.257
1.241
1.189
1.191
1.139
1.237
1.403
1.252
1.106
1.239
1.201
1.122
1.138
1.184
1.135
1.198
1.161
1.263
1.439
1.204
1.182
1.291
1.237
1.208
1.288
1.150
1.185
1.121
1.273
1.271
1.259
1.187
1.297
1.112
1.178
1.310
1.232
1.206
1.224
1.181
1.206
1.347
1.186
1.284
1.242
1.255
1.135
1.086
1.218
1.248
1.075
1.130
1.235
1.145
1.175
1.242
1.197
1.143
1.151
1.339
1.284
1.117
1.201
1.197
1.125
1.241
1.276
1.204
1.218
1.192
1.165
1.104
1.182
1.101
1.207
1.280
1.191
1.113
1.116
1.186
1.208
1.022
1.306
1.212
1.133
1.152
1.157
1.312
1.187
1.206
1.193
1.255
1.121
1.143
1.300
1.244
1.073
1.244
1.240
1.184
1.183
1.196
1.361
1.183
1.138
1.163
1.363
1.051
1.221
1.151
1.246
1.165
1.178
1.182
1.158
1.310
1.250
1.303
1.322
1.184
1.415
1.195
1.280
1.090
1.136
1.139
1.155
1.177
1.250
1.246
1.304
1.076
1.045
1.233
1.376
1.193
1.202
1.118
1.109
1.186
1.210
1.308
1.265
1.148
1.170
1.214
1.244
1.219
1.217
1.195
1.174
1.212
1.157
1.105
1.244
1.196
1.143
1.214
1.276
1.286
1.269
1.156
1.090
1.171
1.216
1.264
1.196
1.167
1.172
1.106
1.219
1.218
1.276
1.142
1.131
1.112
1.200
1.225
1.158
1.173
1.091
1.277
1.171
1.182
1.366
1.302
1.223
1.181
1.213
1.135
1.123
1.235
1.239
1.136
1.146
1.301
1.259
1.164
1.283
1.204
1.268
1.348
1.208
1.331
1.291
1.240
1.157
1.206
1.274
1.242
1.141
1.244
1.170
1.177
1.290
1.233
1.210
1.152
1.237
1.241
1.333
1.227
1.182
1.251
1.271
1.263
1.251
1.308
1.156
1.157
1.185
1.200
1.325
1.119
1.111
1.118
1.234
1.162
1.232
1.155
1.314
1.152
1.234
1.210
1.166
1.206
1.210
1.192
1.257
1.219
1.206
1.257
1.150
1.188
1.163
1.136
1.216
1.225
1.051
1.161
1.357
1.172
1.272
1.147
1.169
1.023
1.215
1.197
1.119
1.140
1.167
1.234
1.182
1.253
1.117
1.142
1.223
1.174
1.119
1.285
1.266
1.208
1.154
1.141
1.143
1.104
1.251
1.159
1.222
1.220
1.201
1.206
1.292
1.327
1.328
1.152
1.178
1.201
1.140
1.192
1.194
1.133
1.156
1.115
1.196
1.129
1.147
1.217
1.212
1.221
1.395
1.283
1.271
1.193
1.186
1.268
1.197
1.319
1.185
1.221
1.263
1.237
1.197
1.254
1.214
1.239
1.281
1.207
1.179
1.225
1.219
1.056
1.123
1.231
1.214
1.176
1.345
1.184
1.080
1.213
1.258
1.246
1.139
1.097
1.251
1.246
1.126
1.218
1.242
1.280
1.137
1.109
1.231
1.042
1.194
1.029
1.244
1.271
1.206
1.342
1.060
1.211
1.212
1.209
1.152
1.267
1.132
1.291
1.143
1.194
1.235
1.153
1.116
1.103
1.134
1.250
1.165
1.279
1.166
1.199
1.129
1.270
1.261
1.109
1.029
1.165
1.202
1.259
1.102
1.286
1.286
1.143
1.213
1.104
1.214
1.246
1.242
1.247
1.199
1.307
1.181
1.161
1.077
1.260
1.151
1.190
1.129
1.223
1.292
1.207
1.112
1.141
1.282
1.136
1.207
1.244
1.228
1.139
1.252
1.197
1.074
1.201
1.297
1.335
1.090
1.196
1.139
1.253
1.174
1.134
1.157
1.177
1.171
1.211
1.155
1.281
1.252
1.319
1.304
1.265
1.155
1.255
1.316
1.231
1.131
1.127
1.179
1.214
1.245
1.240
1.248
1.290
1.165
1.308
1.173
1.232
1.274
1.259
1.400
1.165
1.139
1.150
1.208
1.216
1.312
1.178
1.196
1.162
1.281
1.262
1.105
1.227
1.092
1.297
1.141
1.155
1.115
1.189
1.180
1.153
1.259
1.171
1.180
1.178
1.142
1.134
1.215
1.216
1.175
1.153
1.174
1.217
1.220
1.121
1.273
1.266
1.169
1.216
1.246
1.148
1.177
1.074
1.088
1.236
1.232
1.062
1.132
1.354
1.152
1.127
1.253
1.300
1.195
1.162
1.258
1.230
1.274
1.205
1.289
1.221
1.279
1.155
1.315
1.282
1.203
1.188
1.273
1.200
1.057
1.239
1.263
1.290
1.132
1.210
1.132
1.338
1.267
1.216
1.249
1.119
1.160
1.203
1.123
1.349
1.234
1.129
1.284
1.114
1.212
1.231
1.243
1.223
1.193
1.192
1.255
1.021
1.222
1.288
1.218
1.118
1.092
1.126
1.176
1.251
1.094
1.145
1.292
1.384
1.268
1.152
1.244
1.220
1.229
1.073
1.370
1.115
1.235
1.156
1.286
1.110
1.205
1.254
1.242
1.186
1.165
1.100
1.163
1.267
1.226
1.110
1.156
1.225
1.177
1.194
1.276
1.190
1.267
1.177
1.144
1.093
1.315
1.257
1.147
1.203
1.143
1.086
1.110
1.150
1.333
1.276
1.227
1.164
1.266
1.276
1.169
1.261
1.224
1.236
1.182
1.271
1.155
1.160
1.177
1.319
1.318
1.069
1.251
1.148
1.250
1.146
1.112
1.235
1.215
1.171
1.259
1.186
1.062
1.150
1.134
1.142
1.322
1.232
1.122
1.232
1.218
1.251
1.132
1.227
1.177
1.300
1.092
1.131
1.206
1.207
1.174
1.181
1.108
1.185
1.234
1.056
1.404
1.172
1.183
1.223
1.270
1.226
1.279
1.130
1.269
1.090
1.201
1.206
1.283
1.233
1.189
1.316
1.238
1.213
1.214
1.254
1.116
1.188
1.212
1.262
1.203
1.197
1.267
1.051
1.244
1.149
1.227
1.211
1.238
1.314
1.063
1.186
1.249
1.290
1.213
1.265
1.232
1.197
1.236
1.091
1.175
1.285
1.181
1.188
1.197
1.188
1.260
1.178
1.289
1.213
1.106
1.166
1.135
1.347
1.181
1.223
1.214
1.157
1.131
1.247
1.176
1.124
1.169
1.182
1.187
1.264
1.173
1.182
1.300
1.197
1.169
1.155
1.248
1.165
1.296
1.242
1.273
1.123
1.277
1.116
1.231
1.095
1.285
1.263
1.211
1.162
1.201
1.122
1.339
1.102
1.238
1.285
1.155
1.188
1.171
1.185
1.320
1.367
1.164
1.145
1.221
1.179
1.212
1.202
1.406
1.259
1.233
1.159
1.225
1.189
1.091
1.166
1.284
1.179
1.153
1.257
1.262
1.180
1.339
1.266
1.179
1.191
1.279
1.185
1.223
1.417
1.242
1.174
1.315
1.131
1.206
1.309
1.268
1.190
1.286
1.088
1.165
1.308
1.118
1.183
1.175
1.124
1.244
1.159
1.395
1.169
1.214
1.205
1.287
1.159
1.186
1.266
1.128
1.185
1.175
1.129
1.239
1.129
1.123
1.062
1.123
1.132
1.211
1.360
1.177
1.279
1.238
1.195
1.193
1.263
1.246
1.229
1.110
1.192
1.189
1.246
1.183
1.246
1.228
1.132
1.231
1.221
1.138
1.199
1.134
1.202
1.248
1.262
1.184
1.147
1.259
1.207
1.196
1.130
1.184
1.348
1.272
1.195
1.133
1.135
1.347
1.153
1.251
1.271
1.158
1.129
1.117
1.370
1.156
1.180
1.099
1.216
1.208
1.189
1.240
1.147
1.179
1.296
1.253
1.092
1.277
1.183
1.207
1.185
1.216
1.126
1.125
1.184
1.266
1.313
1.190
1.161
1.097
1.005
1.277
1.237
1.334
1.173
1.160
1.213
1.200
1.243
1.318
1.242
1.178
1.114
1.185
1.435
1.188
1.120
1.199
1.239
1.073
1.249
1.130
1.280
1.140
1.191
1.256
1.246
1.182
1.140
1.201
1.101
1.167
1.157
1.166
1.260
1.176
1.301
1.303
1.220
1.161
1.069
1.267
1.171
1.146
1.255
1.174
1.215
1.120
1.212
1.238
1.246
1.178
1.138
1.145
1.082
1.137
1.182
1.229
1.115
1.131
1.303
1.119
1.146
1.214
1.107
1.298
1.278
1.098
1.209
1.183
1.158
1.062
1.241
1.324
1.214
1.318
1.039
1.292
1.225
1.325
1.230
1.231
1.110
1.249
1.265
1.368
1.241
1.209
1.244
1.334
1.163
1.169
1.116
1.168
1.134
1.134
1.210
1.192
1.142
1.167
1.167
1.224
1.223
1.200
1.271
1.189
1.271
1.347
1.270
1.308
1.216
1.205
1.165
1.212
1.128
1.086
1.288
1.213
1.231
1.168
1.202
1.306
1.106
1.200
1.248
1.315
1.151
1.247
1.202
1.204
1.089
1.193
1.111
1.263
1.193
1.148
1.263
1.256
1.026
1.260
1.222
1.200
1.350
1.332
1.221
1.276
1.174
1.137
1.247
1.195
1.246
1.250
1.093
1.121
1.190
1.209
1.188
1.260
1.248
1.139
1.131
1.194
1.290
1.229
1.141
1.117
1.208
1.292
1.300
1.170
1.277
1.202
1.128
1.345
1.182
1.183
1.186
1.266
1.267
1.137
1.217
1.179
1.094
1.192
1.102
1.238
1.262
1.121
1.248
1.322
1.107
1.259
1.246
1.141
1.083
1.248
1.131
1.141
1.169
1.248
1.122
1.117
1.076
1.149
1.265
1.186
1.143
1.275
1.245
1.150
1.291
1.145
1.228
1.113
1.193
1.377
1.213
1.313
1.090
1.140
1.225
1.188
1.266
1.192
1.215
1.239
1.230
1.269
1.217
1.154
1.172
1.234
1.119
1.225
1.216
1.190
1.272
1.195
1.169
1.210
1.187
1.090
1.073
1.166
1.320
1.360
1.215
1.203
1.107
1.249
1.309
1.200
1.275
1.245
1.216
1.354
1.153
1.243
1.188
1.275
1.158
1.126
1.276
1.213
1.158
1.110
1.256
1.191
1.222
1.395
1.304
1.067
1.279
1.135
1.162
1.246
1.282
1.247
1.281
1.317
1.100
1.148
1.234
1.154
1.269
1.244
1.082
1.252
1.217
1.144
1.237
1.151
1.149
1.223
1.285
1.093
1.165
1.192
1.099
1.093
1.203
1.107
1.165
1.190
1.122
1.159
1.174
1.224
1.197
1.168
1.160
1.141
1.225
1.299
1.161
1.122
1.184
1.133
1.152
1.211
1.252
1.051
1.239
1.190
1.197
1.183
1.166
1.207
1.219
1.207
1.367
1.392
1.234
1.316
1.300
1.207
1.125
1.149
1.202
1.156
1.245
1.144
1.254
1.189
1.244
1.169
1.318
1.178
1.156
1.294
1.119
1.202
1.367
1.158
1.340
1.171
1.106
1.157
1.216
1.108
1.173
1.267
1.128
1.132
1.277
1.201
1.280
1.206
1.262
1.283
1.105
1.241
1.151
1.158
1.208
1.159
1.206
1.184
1.422
1.330
1.075
1.191
1.113
1.286
1.307
1.309
1.150
1.148
1.224
1.211
1.160
1.081
1.121
1.175
1.247
1.305
1.197
1.091
1.302
1.230
1.308
1.192
1.250
1.207
1.218
1.225
1.397
1.248
1.145
1.181
1.091
1.174
1.132
1.153
1.209
1.199
1.224
1.244
1.229
1.277
1.071
1.198
1.200
1.147
1.188
1.192
1.267
1.219
1.153
1.191
1.307
1.177
1.162
1.121
1.145
1.237
1.201
1.190
1.266
1.154
1.064
1.224
1.183
1.213
1.290
1.226
1.101
1.229
1.301
1.271
1.075
1.340
1.285
1.184
1.243
1.117
1.230
1.232
1.184
1.122
1.270
1.233
1.297
1.289
1.169
1.224
1.175
1.119
1.329
1.225
1.227
1.228
1.260
1.209
1.147
1.160
1.377
1.345
1.189
1.154
1.232
1.172
1.205
1.194
1.096
1.273
1.314
1.271
1.308
1.238
1.185
1.120
1.188
1.246
1.154
1.121
1.288
1.292
1.222
1.132
1.117
1.213
1.198
1.187
1.285
1.260
1.088
1.153
1.174
1.171
1.185
1.231
1.218
1.160
1.173
1.186
1.263
1.242
1.264
1.155
1.210
1.166
1.232
1.066
1.259
1.168
1.200
1.274
1.137
1.087
1.130
1.213
1.201
1.206
1.334
1.101
1.185
1.213
1.222
1.207
1.194
1.309
1.218
1.237
1.205
1.212
1.177
1.194
1.190
1.242
1.183
1.168
1.184
1.163
1.183
1.214
1.110
1.143
1.343
1.108
1.212
1.301
1.204
1.223
1.136
1.276
1.221
1.217
1.271
1.302
1.238
1.261
1.235
1.160
1.227
1.166
1.275
1.268
1.112
1.176
1.115
1.188
1.090
0.990
1.194
1.250
1.112
1.128
1.276
1.274
1.154
1.163
1.139
1.294
1.222
1.175
1.120
1.201
1.330
1.129
1.159
1.356
1.270
1.301
1.141
1.192
1.094
1.205
1.181
1.181
1.187
1.269
1.168
1.135
1.214
1.171
1.100
1.089
1.231
1.271
1.149
1.254
1.257
1.207
1.218
1.205
1.177
1.265
1.138
1.184
1.270
1.091
1.227
1.206
1.312
1.201
1.184
1.164
1.242
1.132
1.156
1.219
1.299
1.134
1.207
1.267
1.304
1.209
1.242
1.036
1.140
1.135
1.173
1.264
1.119
1.092
1.146
1.179
1.359
1.325
1.142
1.287
1.211
1.234
1.225
1.208
1.207
1.207
1.131
1.112
1.182
1.226
1.254
1.131
1.202
1.105
1.212
1.111
1.174
1.138
1.156
1.276
1.321
1.262
1.247
1.220
1.261
1.180
1.234
1.171
1.142
1.272
1.114
1.195
1.236
1.278
1.334
1.247
1.152
1.149
1.123
1.394
1.241
1.223
1.187
1.221
1.115
1.282
1.301
1.330
1.272
1.170
1.056
1.197
1.240
1.231
1.146
1.192
1.292
1.220
1.241
1.234
1.232
1.252
1.272
1.195
1.122
1.221
1.150
1.195
1.300
1.095
1.240
1.229
1.104
1.115
1.175
1.111
1.141
1.163
1.154
1.233
1.176
1.205
1.252
1.328
1.311
1.184
1.123
1.245
1.239
1.192
1.225
1.239
1.270
1.212
1.262
1.220
1.293
1.085
1.121
1.219
1.148
1.142
1.236
1.227
1.321
1.172
1.136
1.224
1.199
1.164
1.260
1.206
1.169
1.139
1.106
1.186
1.248
1.135
1.117
1.193
1.218
1.197
1.233
1.219
1.206
1.298
1.154
1.243
1.159
1.111
1.243
1.216
1.318
1.150
1.162
1.154
1.282
1.203
1.301
1.327
1.109
1.299
1.126
1.087
1.278
1.204
1.186
1.184
1.227
1.153
1.157
1.257
1.189
1.147
1.395
1.200
1.256
1.184
1.247
1.247
1.072
1.114
1.136
1.236
1.112
1.194
1.226
1.171
1.233
1.207
1.242
1.169
1.160
1.187
1.158
1.165
1.234
1.289
1.398
1.189
1.250
1.268
1.158
1.195
1.313
1.128
1.135
1.292
1.264
1.160
1.257
1.193
1.101
1.169
1.186
1.407
1.122
1.114
1.154
1.328
1.102
1.130
1.272
1.169
1.174
1.143
1.202
1.246
1.127
1.036
1.164
1.185
1.141
1.395
1.216
1.407
1.171
1.215
1.190
1.312
1.220
1.212
1.299
1.199
1.138
1.218
1.121
1.210
1.197
1.117
1.336
1.266
1.158
1.158
1.117
1.175
1.503
1.287
1.124
1.185
1.227
1.091
1.073
1.258
1.222
1.134
1.143
1.296
1.191
1.235
1.343
1.286
1.185
1.194
1.351
1.179
1.176
1.231
1.139
1.247
1.146
1.178
1.398
1.220
1.244
1.213
1.264
1.163
1.220
1.351
1.115
1.133
1.199
1.227
1.211
1.184
1.175
1.235
1.135
1.119
1.355
1.209
1.324
1.280
1.222
1.257
1.228
1.154
1.090
1.306
1.211
1.232
1.185
1.257
1.288
1.290
1.169
1.237
1.271
1.317
1.274
1.202
1.195
1.113
1.214
1.139
1.191
1.158
1.148
1.323
1.311
1.179
1.284
1.151
1.252
1.326
1.119
1.182
1.265
1.122
1.165
1.187
1.164
1.190
1.177
1.165
1.290
1.179
1.202
1.159
1.076
1.095
1.127
1.268
1.129
1.143
1.216
1.223
1.267
1.120
1.256
1.192
1.092
1.249
1.187
1.190
1.170
1.290
1.202
1.134
1.224
0.998
1.190
1.205
1.096
1.255
1.177
1.331
1.139
1.181
1.241
1.072
1.267
1.239
1.153
1.217
1.243
1.241
1.043
1.151
1.114
1.285
1.150
1.221
1.100
1.384
1.201
1.198
1.211
1.124
1.231
1.300
1.226
1.255
1.276
1.233
1.224
1.216
1.202
1.289
1.216
1.152
1.298
1.096
1.218
1.175
1.294
1.324
1.225
1.267
1.234
1.230
1.121
1.184
1.242
1.048
1.188
1.064
1.241
1.336
1.162
1.204
1.176
1.202
1.134
1.188
1.239
1.301
1.088
1.240
1.269
1.283
1.279
1.155
1.249
1.328
1.170
1.236
1.220
1.249
1.333
1.181
1.198
1.095
1.152
1.259
1.224
1.220
1.164
1.276
1.215
1.088
1.092
1.093
1.186
1.140
1.181
1.133
1.314
1.160
1.260
1.151
1.150
1.198
1.159
1.225
1.282
1.048
1.183
1.132
1.094
1.116
1.306
1.151
1.265
1.138
1.229
1.153
1.213
1.181
1.271
1.194
1.385
1.164
1.227
1.277
1.201
1.115
1.216
1.206
1.122
1.281
1.364
1.195
1.208
1.338
1.141
1.306
1.242
1.177
1.253
1.128
1.242
1.115
1.194
1.210
1.185
1.134
1.302
1.140
1.243
1.098
1.280
1.176
1.180
1.060
1.289
1.241
1.150
1.336
1.259
1.170
1.144
1.173
1.250
1.080
1.186
1.240
1.279
1.129
1.160
1.278
1.248
1.244
1.179
1.271
1.228
1.139
1.097
1.180
1.228
1.101
1.233
1.224
1.105
1.111
1.163
1.292
1.231
1.278
1.094
1.127
1.225
1.231
1.235
1.292
1.162
1.254
1.250
1.121
1.115
1.130
1.269
1.484
1.106
1.089
1.196
1.252
1.240
1.303
1.172
1.167
1.178
1.129
1.292
1.188
1.203
1.225
1.141
1.225
1.181
1.320
1.167
1.144
1.250
1.143
1.307
1.229
1.103
1.226
1.201
1.239
1.327
1.222
1.223
1.222
1.084
1.160
1.333
1.220
1.140
1.149
1.177
1.227
1.278
1.177
1.144
1.284
1.306
1.171
1.335
1.149
1.194
1.206
1.151
1.145
1.199
1.140
1.171
1.164
1.282
1.187
1.106
1.294
1.268
1.196
1.352
1.135
1.233
1.184
1.121
1.272
1.226
1.131
1.202
1.170
1.134
1.162
1.256
1.190
1.158
1.152
1.192
1.152
1.314
1.119
1.177
1.165
1.293
1.173
1.359
1.366
1.167
1.176
1.113
1.266
1.088
1.110
1.195
1.282
1.272
1.152
1.304
1.121
1.219
1.060
1.192
1.195
1.224
1.374
1.162
1.166
1.153
1.272
1.204
1.210
1.077
1.071
1.188
1.096
1.105
1.145
1.319
1.111
1.289
1.208
1.172
1.036
1.142
1.271
1.165
1.246
1.199
1.259
1.232
1.094
1.196
1.189
1.111
1.210
1.209
1.115
1.124
1.341
1.173
1.180
1.127
1.254
1.207
1.286
1.188
1.317
1.267
1.145
1.291
1.206
1.249
1.231
1.151
1.269
1.121
1.183
1.159
1.196
1.243
1.175
1.121
1.186
1.119
1.257
1.216
1.156
1.279
1.329
1.220
1.220
1.124
1.322
1.246
1.193
1.250
1.175
1.096
1.179
1.132
1.133
1.249
1.144
1.223
1.191
1.270
1.303
1.311
1.171
1.156
1.317
1.152
1.248
1.206
1.149
1.104
1.256
1.207
1.150
1.247
1.283
1.099
1.184
1.241
1.192
1.221
1.228
1.357
1.317
1.114
1.217
1.244
1.212
1.184
1.178
1.195
1.100
1.141
1.142
1.234
1.197
1.219
1.157
1.092
1.236
1.213
1.275
1.153
1.226
1.140
1.197
1.171
1.162
1.211
1.217
1.036
1.277
1.113
1.074
1.307
1.179
1.236
1.355
1.120
1.177
1.232
1.330
1.186
1.219
1.293
1.156
1.199
1.085
1.209
1.232
1.156
1.382
1.247
1.279
1.165
1.284
1.192
1.152
1.158
1.188
1.274
1.047
1.272
1.132
1.068
1.218
1.357
1.202
1.129
1.165
1.183
1.151
1.250
1.208
1.232
1.184
1.182
1.197
1.310
1.125
1.287
1.168
1.141
1.183
1.127
1.162
1.389
1.132
1.185
1.179
1.164
1.156
1.157
1.167
1.220
1.234
1.287
1.171
1.192
1.237
1.206
1.086
1.235
1.212
1.302
1.278
1.188
1.141
1.202
1.214
1.159
1.220
1.154
1.280
1.204
1.150
1.245
1.138
1.253
1.141
1.176
1.070
1.229
1.244
1.265
1.099
1.288
1.155
1.084
1.164
1.249
1.251
1.133
1.229
1.148
1.175
1.094
1.308
1.281
1.149
1.212
1.365
1.137
1.191
1.195
1.298
1.272
1.157
1.148
1.156
1.091
1.062
1.231
1.302
1.150
1.274
1.264
1.155
1.333
1.225
1.250
1.134
1.126
1.275
1.191
1.206
1.285
1.292
1.264
1.277
1.312
1.385
1.206
1.151
1.218
1.085
1.033
1.285
1.370
1.219
1.321
1.205
1.133
1.365
1.208
1.102
1.209
1.247
1.264
1.183
1.143
1.195
1.154
1.131
1.216
1.154
1.196
1.281
1.264
1.155
1.119
1.119
1.206
1.079
1.311
1.259
1.153
1.203
1.088
1.176
1.217
1.222
1.185
1.208
1.281
1.085
1.130
1.192
1.176
1.190
1.198
1.302
1.352
1.120
1.298
1.214
1.227
1.168
1.117
1.156
1.239
1.198
1.133
1.233
1.095
1.169
1.166
1.329
1.277
1.118
1.029
1.316
1.346
1.257
1.208
1.235
1.167
1.282
1.191
1.332
1.245
1.232
1.082
1.164
1.234
1.133
1.275
1.252
1.184
1.114
1.167
1.223
1.228
1.187
1.122
1.317
1.169
1.093
1.190
1.291
1.219
1.153
1.104
1.061
1.156
1.117
1.190
1.168
1.223
1.268
1.254
1.315
1.173
1.260
1.142
1.147
1.344
1.180
1.110
1.265
1.225
1.246
1.160
1.241
1.119
1.201
1.152
1.284
1.174
1.254
1.253
1.109
1.218
1.120
1.297
1.274
1.119
1.268
1.226
1.223
1.185
1.180
1.142
1.261
1.132
1.170
1.152
1.159
1.155
1.206
1.286
1.123
1.280
1.244
1.205
1.314
1.358
1.199
1.156
1.179
1.130
1.170
1.226
1.161
1.150
1.197
1.173
1.233
1.123
1.385
1.271
1.222
1.098
1.112
1.185
1.182
1.143
1.286
1.209
1.218
1.245
1.180
1.169
1.236
1.264
1.272
1.210
1.233
1.141
1.164
1.144
1.314
1.225
1.270
1.161
1.366
1.206
1.291
1.167
1.217
1.183
1.212
1.384
1.097
1.228
1.310
1.334
1.253
1.223
1.225
1.257
1.095
1.143
1.209
1.128
1.167
1.133
1.255
1.137
1.247
1.301
1.179
1.105
1.152
1.273
1.214
1.152
1.161
1.100
1.180
1.221
1.257
1.191
1.206
1.149
1.160
1.191
1.206
1.138
1.320
1.276
1.259
1.237
1.136
1.127
1.184
1.242
1.201
1.196
1.174
1.280
1.058
1.110
1.177
1.243
1.148
1.297
1.131
1.184
1.120
1.167
1.208
1.197
1.292
1.236
1.214
1.299
1.012
1.196
1.109
1.112
1.214
1.191
1.181
1.189
1.175
1.202
1.184
1.135
1.279
1.269
1.198
1.192
1.238
1.184
1.145
1.173
1.301
1.041
1.112
1.077
1.126
1.209
1.150
1.150
1.255
1.143
1.214
1.184
1.131
1.228
1.197
1.128
1.159
1.106
1.219
1.252
1.126
1.152
1.278
1.202
1.253
1.263
1.228
1.220
1.115
1.192
1.313
1.251
1.199
1.146
1.260
1.272
1.165
1.245
1.175
1.247
1.162
1.216
1.229
1.134
1.108
1.139
1.205
1.342
1.151
1.181
1.153
1.151
1.126
1.235
1.170
1.274
1.204
1.068
1.274
1.133
1.280
1.222
1.165
1.205
1.225
1.193
1.282
1.244
1.240
1.223
1.134
1.132
1.224
1.150
1.131
1.147
1.183
1.251
1.256
1.212
1.163
1.227
1.184
1.281
1.132
1.134
1.119
1.198
1.259
1.086
1.200
1.177
1.151
1.132
1.113
1.173
1.245
1.182
1.195
1.162
1.226
1.205
1.239
1.161
1.180
1.231
1.241
1.245
1.125
1.117
1.271
1.220
1.203
1.358
1.216
1.190
1.137
1.098
1.165
1.187
1.279
1.274
1.222
1.208
1.185
1.292
1.188
1.260
1.165
1.348
1.228
1.290
1.183
1.379
1.072
1.088
1.180
1.232
1.260
1.230
1.205
1.127
1.135
1.185
1.109
1.080
1.126
1.206
1.118
1.214
1.317
1.219
1.237
1.228
1.109
1.316
1.187
1.187
1.292
1.250
1.228
1.311
1.212
1.388
1.122
1.176
1.149
1.174
1.210
1.161
1.327
1.260
1.200
1.230
1.197
1.252
1.140
1.183
1.225
1.150
1.192
1.119
1.178
1.306
1.242
1.326
1.154
1.226
1.107
1.146
1.163
1.182
1.222
1.101
1.266
1.161
1.192
1.136
1.190
1.190
1.206
1.215
1.292
1.162
1.232
1.149
1.173
1.244
1.194
1.199
1.271
1.126
1.166
1.261
1.191
1.192
1.196
1.117
1.176
1.334
1.240
1.213
1.094
1.210
1.210
1.110
1.206
1.252
1.190
1.126
1.208
1.197
1.215
1.241
1.148
1.195
1.097
1.453
1.133
1.085
1.105
1.240
1.219
1.215
1.214
1.199
1.211
1.123
1.194
1.205
1.364
1.331
1.327
1.271
1.302
1.340
1.370
1.172
1.270
1.150
1.184
1.344
1.206
1.202
1.244
1.214
1.310
1.216
1.228
1.188
1.104
1.266
1.354
1.110
1.179
1.312
1.056
1.242
1.195
1.167
1.261
1.331
1.369
1.152
1.164
1.151
1.120
1.169
1.310
1.209
1.132
1.295
1.169
1.258
1.120
1.159
1.156
1.177
1.254
1.327
1.252
1.198
1.158
1.218
1.187
1.280
1.195
1.171
1.129
1.223
1.191
1.266
1.133
1.277
1.303
1.152
1.284
1.036
1.130
1.077
1.173
1.182
1.238
1.173
1.178
1.189
1.305
1.131
1.204
1.242
1.233
1.141
1.322
1.080
1.255
1.244
1.192
1.362
1.267
1.114
1.121
1.111
1.169
1.299
1.250
1.221
1.199
1.189
1.175
1.120
1.295
1.170
1.158
1.231
1.108
1.308
1.310
1.171
1.113
1.066
1.117
1.128
1.096
1.181
1.186
1.305
1.323
1.227
1.248
1.241
1.045
1.201
1.328
1.199
1.343
1.161
1.146
1.159
1.164
1.163
1.192
1.145
1.145
1.245
1.176
1.205
1.235
1.146
1.109
1.121
1.215
1.244
1.257
1.144
1.172
1.182
1.243
1.127
1.128
1.020
1.212
1.050
1.225
1.151
1.222
1.205
1.223
1.338
1.184
1.117
1.136
1.170
1.356
1.221
1.315
1.114
1.252
1.019
1.139
1.181
1.163
1.156
1.172
1.226
1.180
1.081
1.247
1.205
1.176
1.378
1.238
1.144
1.167
1.326
1.260
1.215
1.334
1.202
1.156
1.171
1.256
1.200
1.258
1.217
1.119
1.091
1.196
1.148
1.165
1.223
1.181
1.189
1.226
1.211
1.353
1.086
1.155
1.163
1.121
1.264
1.154
1.170
1.152
1.181
1.152
1.149
1.240
1.122
1.113
1.176
1.188
1.204
1.271
1.220
1.116
1.177
1.195
1.209
1.155
1.296
1.118
1.176
1.233
1.164
1.126
1.093
1.249
1.274
1.313
1.170
1.200
1.258
1.263
1.204
1.262
1.176
1.183
1.290
1.232
1.272
1.129
1.196
1.384
1.263
1.272
1.100
1.197
1.154
1.243
1.194
1.174
1.265
1.208
1.220
1.124
1.314
1.220
1.202
1.184
1.342
1.272
1.093
1.304
1.277
1.086
1.197
1.231
1.271
1.259
1.132
1.185
1.189
1.073
1.190
1.223
1.128
1.151
1.100
1.282
1.198
1.264
1.263
1.168
1.184
1.241
1.141
1.120
1.135
1.193
1.181
1.189
1.108
1.265
1.155
1.256
1.142
1.173
1.191
1.224
1.179
1.230
1.179
1.142
1.259
1.158
1.198
1.173
1.199
1.223
1.239
1.234
1.345
1.195
1.143
1.201
1.129
1.146
1.167
1.310
1.317
1.135
1.179
1.271
1.329
1.174
1.244
1.282
1.196
1.215
1.195
1.255
1.208
1.221
1.042
1.237
1.194
1.194
1.268
1.272
1.191
1.212
1.171
1.175
1.217
1.222
1.304
1.206
1.151
1.151
1.150
1.357
1.256
1.165
1.114
1.226
1.211
1.098
1.150
1.487
1.191
1.258
1.163
1.226
1.129
1.188
1.110
1.246
1.248
1.216
1.238
1.135
1.133
1.243
1.236
1.127
1.200
1.152
1.207
1.184
1.104
1.162
1.246
1.191
1.263
1.300
1.065
1.246
1.204
1.185
1.177
1.162
1.207
1.097
1.322
1.173
1.194
1.325
1.238
1.214
1.175
1.219
1.213
1.310
1.256
1.201
1.270
1.284
1.123
1.224
1.190
1.214
1.175
1.313
1.315
1.201
1.134
1.135
1.176
1.244
1.173
1.201
1.165
1.229
1.304
1.175
1.236
1.216
1.101
1.270
1.248
1.227
1.213
1.158
1.301
1.159
1.291
1.157
1.269
1.313
1.125
1.100
1.208
1.244
1.279
1.263
1.261
1.300
1.281
1.232
1.196
1.140
1.173
1.224
1.160
1.234
1.147
1.203
1.196
1.171
1.170
1.107
1.205
1.108
1.116
1.363
1.154
1.161
1.237
1.187
1.196
1.263
1.350
1.222
1.184
1.180
1.194
1.249
1.226
1.112
1.248
1.077
1.154
1.224
1.263
1.276
1.252
1.182
1.191
1.327
1.128
1.146
1.178
1.060
1.218
1.158
1.124
1.236
1.285
1.177
1.189
1.226
1.197
1.140
1.391
1.233
1.145
1.211
1.139
1.212
1.240
1.169
1.250
1.296
1.104
1.178
1.239
1.195
1.177
1.110
1.215
1.314
1.177
1.300
1.274
1.215
1.150
1.250
1.241
1.250
1.116
1.286
1.216
1.142
1.151
1.160
1.269
1.110
1.184
1.221
1.102
1.148
1.205
1.143
1.148
1.165
1.217
1.192
1.182
1.263
1.215
1.169
1.095
1.212
1.194
1.049
1.175
1.080
1.360
1.210
1.261
1.206
1.130
1.232
1.197
1.206
1.129
1.102
1.226
1.212
1.243
1.335
1.167
1.223
1.106
1.123
1.293
1.118
1.156
1.229
1.085
1.052
1.277
1.102
1.166
1.234
1.121
1.191
1.301
1.265
1.192
1.272
1.133
1.262
1.189
1.223
1.169
1.173
1.131
1.164
1.173
1.320
1.061
1.179
1.187
1.189
1.129
1.237
1.155
1.307
1.173
1.165
1.161
1.183
1.050
1.200
1.314
1.167
1.158
1.131
1.188
1.236
1.147
1.170
1.092
1.198
1.138
1.301
1.244
1.167
1.229
1.206
1.146
1.337
1.258
1.094
1.230
1.168
1.257
1.324
1.195
1.150
1.166
1.082
1.286
1.241
1.149
1.124
1.210
1.122
1.220
1.114
1.146
1.183
1.232
1.218
1.189
1.271
1.268
1.222
1.207
1.327
1.305
1.258
1.191
1.198
1.306
1.199
1.167
1.173
1.224
1.196
1.254
1.129
1.328
1.131
1.213
1.364
1.209
1.251
1.251
1.165
1.229
1.180
1.106
1.224
1.309
1.195
1.162
1.249
1.378
1.100
1.230
1.253
1.198
1.123
1.332
1.253
1.285
1.289
1.145
1.187
1.138
1.222
1.152
1.258
1.269
1.282
1.262
1.139
1.273
1.240
1.136
1.083
1.186
1.380
1.212
1.112
1.256
1.222
1.128
1.098
1.237
1.160
1.253
1.211
1.233
1.222
1.253
1.209
1.061
1.153
1.269
1.222
1.135
1.174
1.205
1.173
1.269
1.100
1.287
1.262
1.480
1.097
1.161
1.267
1.304
1.231
1.117
1.189
1.263
1.214
1.156
1.134
1.306
1.042
1.211
1.064
1.271
1.170
1.094
1.175
1.261
1.183
1.108
1.116
1.234
1.086
1.238
1.264
1.266
1.426
1.222
1.092
1.288
1.230
1.169
1.251
1.253
1.248
1.186
1.259
1.340
1.221
1.154
1.296
1.116
1.184
1.132
1.139
1.189
1.300
1.255
1.195
1.139
1.341
1.194
1.144
1.315
1.264
1.222
1.193
1.184
1.210
1.080
1.337
1.283
1.245
1.256
1.172
1.175
1.187
1.292
1.332
1.192
1.111
1.177
1.183
1.288
1.297
1.173
1.133
1.134
1.308
1.092
1.294
1.213
1.445
1.244
1.175
1.208
1.087
1.321
1.090
1.185
1.289
1.258
1.158
1.172
1.172
1.206
1.176
1.239
1.183
1.223
1.185
1.099
1.170
1.124
1.101
1.167
1.285
1.181
1.228
1.313
1.203
1.144
1.283
1.376
1.206
1.236
1.252
1.319
1.115
1.205
1.153
1.195
1.177
1.275
1.130
1.245
1.295
1.172
1.263
1.168
1.283
1.290
1.203
1.306
1.210
1.154
1.244
1.211
1.215
1.203
1.214
1.261
1.192
1.150
1.305
1.183
1.226
1.329
1.359
1.268
1.312
1.178
1.327
1.257
1.176
1.291
1.250
1.261
1.168
1.202
1.368
1.345
1.324
1.191
1.190
1.222
1.156
1.175
1.270
1.238
1.199
1.218
1.217
1.357
1.133
1.214
1.279
1.215
1.204
1.229
1.251
1.303
1.161
1.099
1.218
1.261
1.208
1.197
1.238
1.232
1.287
1.258
1.254
1.128
1.121
1.151
1.181
1.324
1.154
1.165
1.386
1.206
1.250
1.216
1.275
1.310
1.355
1.314
1.301
1.258
1.287
1.223
1.294
1.179
1.125
1.322
1.187
1.193
1.284
1.307
1.273
1.303
1.285
1.192
1.203
1.155
1.202
1.356
1.335
1.216
1.239
1.131
1.204
1.225
1.272
1.248
1.263
1.148
1.368
1.198
1.302
1.301
1.277
1.330
1.128
1.249
1.252
1.320
1.168
1.253
1.159
1.256
