1.217
1.178
1.100
1.107
1.246
1.271
1.204
1.219
1.197
1.169
1.143
1.284
1.123
1.211
1.164
1.183
1.276
1.286
1.301
1.223
1.288
1.184
1.166
1.186
1.214
1.176
1.422
1.323
1.164
1.201
1.217
1.323
1.182
1.162
1.295
1.269
1.220
1.132
1.053
1.194
1.172
1.130
1.392
1.134
1.167
1.211
1.276
1.215
1.272
1.204
1.364
1.387
1.168
1.237
1.372
1.223
1.233
1.105
1.144
1.109
1.314
1.259
1.314
1.186
1.174
1.283
1.192
1.174
1.186
1.238
1.287
1.243
1.185
1.255
1.263
1.279
1.309
1.302
1.312
1.263
1.248
1.116
1.174
1.349
1.338
1.250
1.209
1.140
1.250
1.189
1.292
1.186
1.189
1.125
1.297
1.198
1.129
1.346
1.291
1.283
1.247
1.247
1.159
1.164
1.352
1.188
1.223
1.147
1.205
1.143
1.203
1.270
1.258
1.137
1.238
1.211
1.104
1.183
1.183
1.158
1.225
1.230
1.093
1.279
1.164
1.236
1.189
1.215
1.185
1.036
1.211
1.317
1.354
1.319
1.128
1.135
1.085
1.232
1.308
1.308
1.260
1.386
1.287
1.315
1.237
1.172
1.412
1.069
1.265
1.222
1.210
1.174
1.236
1.221
1.324
1.232
1.127
1.213
1.258
1.310
1.180
1.261
1.174
1.197
1.243
1.308
1.137
1.353
1.108
1.207
1.341
1.089
1.411
1.254
1.191
1.204
1.219
1.217
1.282
1.224
1.350
1.208
1.141
1.281
1.192
1.216
1.132
1.072
1.314
1.174
1.224
1.111
1.306
1.164
1.116
1.082
1.263
1.238
1.214
1.234
1.261
1.233
1.137
1.179
1.270
1.109
1.257
1.235
1.228
1.107
1.341
1.206
1.289
1.338
1.263
1.280
1.222
1.312
1.136
1.231
1.251
1.170
1.415
1.218
1.209
1.155
1.272
1.322
1.113
1.299
1.251
1.223
1.262
1.198
1.275
1.286
1.282
1.421
1.239
1.193
1.242
1.335
1.280
1.199
1.344
1.225
1.321
1.344
1.205
1.236
1.245
1.188
1.197
1.224
1.248
1.174
1.212
1.282
1.250
1.299
1.245
1.316
1.344
1.327
1.107
1.310
1.213
1.149
1.346
1.185
1.164
1.240
1.155
1.326
1.346
1.148
1.312
1.377
1.188
1.250
1.324
1.241
1.224
1.279
1.267
1.221
1.304
1.204
1.070
1.329
1.216
1.168
1.294
1.337
1.193
1.274
1.255
1.281
1.169
1.117
1.084
1.162
1.166
1.295
1.327
1.198
1.287
1.416
1.326
1.186
1.245
1.216
1.110
1.145
1.253
1.355
1.245
1.085
1.164
1.067
1.238
1.410
1.207
1.227
1.222
1.265
1.389
1.190
1.186
1.167
1.194
1.204
1.300
1.242
1.166
1.244
1.180
1.162
1.327
1.191
1.332
1.360
1.328
1.247
1.082
1.092
1.236
1.102
1.251
1.263
1.249
1.184
1.323
1.256
1.231
1.187
1.260
1.296
1.324
1.252
1.221
1.235
1.219
1.170
1.257
1.207
1.273
1.299
1.469
1.211
1.217
1.400
1.160
1.194
1.219
1.194
1.397
1.281
1.153
1.270
1.463
1.214
1.247
1.222
1.215
1.266
1.367
1.236
1.224
1.169
1.350
1.246
1.312
1.212
1.350
1.135
1.264
1.191
1.214
1.257
1.203
1.126
1.312
1.184
1.187
1.337
1.096
1.335
1.277
1.266
1.252
1.250
1.283
1.225
1.234
1.183
1.252
1.321
1.207
1.210
1.267
1.260
1.215
1.154
1.193
1.179
1.318
1.426
1.257
1.165
1.338
1.235
1.230
1.121
1.246
1.117
1.296
1.287
1.262
1.266
1.362
1.242
1.226
1.346
1.209
1.296
1.086
1.234
1.267
1.204
1.415
1.294
1.279
1.269
1.255
1.291
1.181
1.202
1.246
1.256
1.254
1.229
1.194
1.228
1.265
1.148
1.292
1.224
1.319
1.153
1.199
1.160
1.118
1.197
1.307
1.228
1.128
1.197
1.269
1.201
1.234
1.208
1.166
1.213
1.217
1.329
1.061
1.060
1.100
1.046
1.284
1.305
1.195
1.379
1.165
1.184
1.086
1.160
1.084
1.206
1.343
1.463
1.421
1.162
1.242
1.449
1.179
1.310
1.129
1.164
1.220
1.288
1.196
1.143
1.114
1.253
1.332
1.304
1.126
1.166
1.452
1.072
1.209
1.207
1.254
1.136
1.327
1.069
1.278
1.210
1.162
1.224
1.223
1.254
1.218
1.212
1.120
1.270
1.254
1.311
1.176
1.281
1.279
1.173
1.249
1.276
1.292
1.222
1.177
1.154
1.315
1.159
1.178
1.191
1.151
1.188
1.167
1.112
1.095
1.101
1.182
1.205
1.167
1.104
1.138
1.095
1.142
1.354
1.182
1.126
1.227
1.194
1.152
1.225
1.262
1.267
0.996
1.131
1.198
1.181
1.380
1.138
1.200
1.136
1.165
1.149
1.307
1.188
1.136
1.281
1.066
1.331
1.210
1.126
1.232
1.067
1.232
1.329
1.178
1.258
1.192
1.218
1.227
1.221
1.262
1.109
1.308
1.193
1.292
1.142
1.210
1.113
1.128
1.305
1.241
1.231
1.211
1.119
1.326
1.261
1.197
1.244
1.127
1.190
1.208
1.294
1.222
1.223
1.184
1.172
1.093
1.181
1.115
1.189
1.303
1.146
1.321
1.161
1.239
1.271
1.231
1.184
1.160
1.252
1.176
1.296
1.242
1.175
1.184
1.286
1.154
1.118
1.242
1.222
1.291
1.247
1.245
1.204
1.263
1.184
1.285
1.250
1.184
1.105
1.254
1.064
1.287
1.314
1.190
1.085
1.188
1.259
1.308
1.113
1.166
1.185
1.149
1.115
1.127
1.228
1.123
1.186
1.152
1.211
1.238
1.261
1.231
1.210
1.194
1.211
1.202
1.277
1.204
1.183
1.257
1.137
1.254
1.196
1.218
1.193
1.215
1.298
1.127
1.194
1.219
1.219
1.222
1.233
1.280
1.236
1.370
1.184
1.140
1.109
1.372
1.195
1.224
1.302
1.170
1.198
1.286
1.243
1.295
1.049
1.228
1.169
1.244
1.109
1.206
1.167
1.094
1.279
1.209
1.348
1.261
1.187
1.216
1.268
1.158
1.272
1.169
1.142
1.077
1.247
1.121
1.172
1.155
1.185
1.214
1.150
1.101
1.293
1.295
1.243
1.296
1.202
1.199
1.119
1.209
1.254
1.168
1.145
1.174
1.061
1.299
1.185
1.184
1.200
1.133
1.152
1.154
1.178
1.185
1.236
1.096
1.286
1.180
1.162
1.211
1.175
1.183
1.280
1.309
1.197
1.092
1.216
1.194
1.223
1.150
1.204
1.374
1.303
1.307
1.193
1.139
1.331
1.281
1.339
1.305
1.237
1.133
1.290
1.272
1.202
1.130
1.244
1.266
1.194
1.218
1.289
1.227
1.209
1.235
1.145
1.163
1.178
1.365
1.317
1.305
1.194
1.202
1.194
1.216
1.237
1.104
1.310
1.266
1.233
1.207
1.239
1.168
1.126
1.239
1.198
1.137
1.175
1.178
1.373
1.130
1.196
1.196
1.236
1.237
1.197
1.213
1.166
1.262
1.274
1.077
1.184
1.175
1.240
1.116
1.257
1.210
1.206
1.206
1.172
1.346
1.263
1.302
1.288
1.219
1.262
1.321
1.371
1.165
1.208
1.154
1.146
1.331
1.314
1.188
1.300
1.140
1.155
1.144
1.183
1.252
1.105
1.094
1.275
1.231
1.210
1.146
1.291
1.357
1.293
1.133
1.233
1.227
1.157
1.270
1.282
1.098
1.299
1.249
1.342
1.169
1.106
1.234
1.208
1.172
1.272
1.308
1.125
1.254
1.157
1.132
1.180
1.261
1.264
1.312
1.152
1.186
1.233
1.342
1.232
1.269
1.245
1.190
1.065
1.207
1.291
1.160
1.130
1.194
1.216
1.210
1.171
1.313
1.143
1.229
1.192
1.213
1.373
1.267
1.191
1.153
1.266
1.159
1.184
1.308
1.254
1.120
1.262
1.146
1.255
1.166
1.152
1.161
1.175
1.152
1.164
1.061
1.229
1.234
1.112
1.245
1.173
1.245
1.192
1.098
1.310
1.307
1.275
1.260
1.315
1.162
1.117
1.202
1.128
1.205
1.171
1.212
1.242
1.183
1.324
1.144
1.222
1.050
1.250
1.110
1.112
1.124
1.134
1.186
1.304
1.193
1.132
1.199
1.279
1.205
1.244
1.215
1.408
1.224
1.168
1.259
1.194
1.118
1.365
1.243
1.131
1.267
1.241
1.227
1.256
1.164
1.160
1.148
1.253
1.308
1.102
1.218
1.218
1.125
1.195
1.397
1.166
1.270
1.300
1.191
1.179
