0.158
0.097
0.085
0.172
0.138
0.241
0.093
0.144
0.090
0.202
0.103
0.069
0.169
0.090
0.151
0.191
0.135
0.109
0.105
0.181
0.130
0.133
0.204
0.190
0.183
0.167
0.125
0.220
0.134
0.121
0.215
0.198
0.164
0.086
0.156
0.103
0.110
0.122
0.179
0.092
0.087
0.167
0.161
0.223
0.202
0.191
0.191
0.111
0.207
0.179
0.085
0.204
0.098
0.081
0.176
0.102
0.182
0.092
0.244
0.139
0.161
0.182
0.149
0.113
0.075
0.155
0.168
0.195
0.156
0.148
0.144
0.191
0.152
0.105
0.168
0.189
0.132
0.102
0.089
0.159
0.160
0.137
0.194
0.217
0.148
0.125
0.129
0.156
0.190
0.177
0.177
0.109
0.113
0.132
0.138
0.158
0.102
0.094
0.145
0.142
0.183
0.208
0.156
0.207
0.210
0.086
0.161
0.191
0.119
0.197
0.134
0.231
0.128
0.129
0.175
0.133
0.130
0.114
0.143
0.186
0.165
0.165
0.152
0.120
0.221
0.104
0.185
0.161
0.092
0.161
0.108
0.094
0.158
0.132
0.145
0.101
0.204
0.176
0.090
0.138
0.167
0.141
0.163
0.215
0.141
0.172
0.165
0.131
0.084
0.190
0.218
0.143
0.133
0.181
0.183
0.207
0.077
0.188
0.114
0.213
0.085
0.140
0.185
0.119
0.147
0.097
0.111
0.087
0.154
0.273
0.126
0.134
0.133
0.084
0.142
0.116
0.069
0.094
0.086
0.197
0.114
0.113
0.121
0.163
0.180
0.163
0.125
0.175
0.119
0.191
0.102
0.103
0.217
0.208
0.185
0.091
0.098
0.172
0.150
0.219
0.151
0.227
0.143
0.240
0.184
0.150
0.170
0.143
0.167
0.086
0.093
0.164
0.164
0.110
0.112
0.233
0.138
0.127
0.068
0.023
0.085
0.208
0.120
0.102
0.200
0.106
0.194
0.189
0.164
0.089
0.177
0.150
0.021
0.158
0.178
0.116
0.197
0.121
0.115
0.142
0.089
0.203
0.192
0.078
0.068
0.141
0.109
0.135
0.140
0.080
0.207
0.104
0.138
0.140
0.151
0.114
0.100
0.154
0.160
0.158
0.094
0.185
0.120
0.216
0.179
0.201
0.159
0.173
0.082
0.123
0.131
0.114
0.210
0.156
0.132
0.127
0.191
0.202
0.144
0.192
0.079
0.099
0.091
0.182
0.150
0.117
0.183
0.136
0.189
0.094
0.168
0.178
0.097
0.139
0.162
0.148
0.091
0.214
0.138
0.217
0.140
0.175
0.183
0.073
0.169
0.169
0.225
0.212
0.117
0.126
0.155
0.198
0.080
0.166
0.081
0.152
0.115
0.171
0.126
0.107
0.136
0.210
0.157
0.110
0.232
0.115
0.115
0.122
0.173
0.091
0.086
0.109
0.098
0.172
0.148
0.136
0.104
0.162
0.089
0.209
0.173
0.156
0.110
0.145
0.232
0.114
0.115
0.162
0.109
0.164
0.143
0.118
0.085
0.155
0.127
0.097
0.207
0.203
0.201
0.163
0.194
0.186
0.170
0.182
0.156
0.175
0.161
0.087
0.212
0.233
0.171
0.114
0.173
0.164
0.098
0.214
0.108
0.081
0.121
0.186
0.169
0.097
0.094
0.193
0.228
0.190
0.107
0.226
0.236
0.161
0.195
0.193
0.153
0.228
0.097
0.135
0.160
0.144
0.230
0.224
0.256
0.126
0.098
0.148
0.103
0.121
0.123
0.110
0.226
0.120
0.209
0.110
0.176
0.250
0.140
0.227
0.114
0.158
0.150
0.148
0.112
0.184
0.125
0.088
0.158
0.206
0.108
0.213
0.209
0.139
0.122
0.124
0.164
0.146
0.167
0.130
0.222
0.263
0.083
0.159
0.133
0.096
0.168
0.099
0.197
0.098
0.154
0.226
0.100
0.227
0.156
0.089
0.183
0.140
0.115
0.131
0.151
0.129
0.195
0.145
0.129
0.162
0.196
0.121
0.107
0.116
0.168
0.156
0.124
0.081
0.156
0.169
0.081
0.081
0.204
0.155
0.114
0.108
0.241
0.106
0.238
0.193
0.222
0.142
0.147
0.097
0.134
0.174
0.202
0.169
0.177
0.222
0.156
0.144
0.129
0.215
0.160
0.125
0.119
0.099
0.177
0.123
0.193
0.097
0.268
0.181
0.215
0.222
0.186
0.183
0.104
0.110
0.175
0.083
0.145
0.099
0.229
0.150
0.097
0.097
0.111
0.205
0.161
0.302
0.113
0.142
0.092
0.287
0.138
0.183
0.187
0.095
0.119
0.123
0.140
0.201
0.189
0.201
0.094
0.132
0.121
0.169
0.209
0.146
0.192
0.135
0.176
0.175
0.245
0.206
0.209
0.132
0.192
0.225
0.204
0.140
0.113
0.287
0.222
0.194
0.231
0.159
0.221
0.074
0.187
0.172
0.164
0.102
0.251
0.192
0.118
0.124
0.139
0.099
0.135
0.120
0.238
0.180
0.165
0.202
0.119
0.196
0.171
0.184
0.180
0.238
0.268
0.217
0.151
0.166
0.118
0.105
0.174
0.117
0.098
0.159
0.229
0.214
0.096
0.190
0.196
0.226
0.132
0.125
0.190
0.226
0.098
0.150
0.140
0.116
0.085
0.156
0.143
0.151
0.209
0.141
0.144
0.115
0.132
0.208
0.168
0.116
0.109
0.192
0.132
0.177
0.147
0.099
0.090
0.235
0.092
0.221
0.235
0.122
0.166
0.212
0.164
0.211
0.126
0.025
0.186
0.194
0.163
0.355
0.098
0.260
0.234
0.239
0.102
0.131
0.221
0.128
0.219
0.187
0.147
0.112
0.175
0.143
0.171
0.196
0.121
0.155
0.128
0.160
0.189
0.094
0.220
0.107
0.220
0.150
0.186
0.156
0.118
0.136
0.199
0.190
0.105
0.133
0.096
0.147
0.189
0.128
0.106
0.168
0.209
0.133
0.177
0.142
0.166
0.115
0.164
0.130
0.089
0.195
0.198
0.134
0.090
0.240
0.227
0.142
0.093
0.095
0.156
0.174
0.166
0.187
0.228
0.182
0.110
0.137
0.110
0.119
0.222
0.096
0.121
0.173
0.130
0.116
0.243
0.106
0.163
0.106
0.146
0.116
0.089
0.200
0.108
0.164
0.187
0.153
0.099
0.226
0.121
0.248
0.250
0.109
0.166
0.130
0.182
0.074
0.186
0.185
0.122
0.079
0.310
0.182
0.166
0.156
0.115
0.137
0.154
0.209
0.119
0.106
0.196
0.173
0.185
0.226
0.115
0.162
0.112
0.171
0.100
0.252
0.182
0.167
0.116
0.159
0.139
0.161
0.203
0.156
0.157
0.122
0.088
0.174
0.097
0.224
0.106
0.163
0.196
0.095
0.217
0.200
0.117
0.169
0.190
0.194
0.118
0.202
0.207
0.186
0.092
0.103
0.209
0.154
0.164
0.206
0.118
0.105
0.156
0.163
0.145
0.137
0.239
0.149
0.161
0.105
0.117
0.114
0.135
0.230
0.204
0.122
0.116
0.205
0.130
0.183
0.120
0.251
0.160
0.275
0.147
0.147
0.102
0.123
0.169
0.185
0.197
0.112
0.173
0.136
0.230
0.141
0.122
0.099
0.123
0.186
0.295
0.097
0.094
0.226
0.267
0.225
0.101
0.109
0.193
0.216
0.214
0.080
0.184
0.201
0.192
0.107
0.233
0.121
0.169
0.086
0.108
0.241
0.141
0.185
0.197
0.130
0.145
0.195
0.251
0.120
0.276
0.089
0.203
0.182
0.268
0.260
0.129
0.107
0.104
0.162
0.111
0.153
0.122
0.300
0.204
0.197
0.161
0.119
0.197
0.249
0.205
0.092
0.224
0.108
0.204
0.076
0.115
0.154
0.019
0.143
0.220
0.232
0.203
0.169
0.120
0.078
0.153
0.192
0.138
0.119
0.133
0.179
0.225
0.212
0.121
0.193
0.197
0.095
0.173
0.029
0.134
0.132
0.176
0.107
0.184
0.121
0.111
0.122
0.140
0.260
0.167
0.188
0.118
0.139
0.133
0.126
0.193
0.155
0.094
0.221
0.140
0.119
0.192
0.188
0.127
0.152
0.168
0.127
0.117
0.189
0.188
0.209
0.223
0.172
0.148
0.092
0.130
0.157
0.185
0.186
0.189
0.195
0.195
0.208
0.124
0.097
0.194
0.241
0.234
0.210
0.065
0.103
0.119
0.110
0.196
0.090
0.226
0.125
0.185
0.144
0.101
0.114
0.131
0.095
0.164
0.147
0.218
0.177
0.157
0.154
0.180
0.170
0.189
0.119
0.181
0.118
0.134
0.107
0.170
0.150
0.118
0.106
0.114
0.173
0.107
0.107
0.184
0.098
0.130
0.172
0.247
0.168
0.242
0.158
0.158
0.203
0.129
0.184
0.093
0.208
0.192
0.225
0.178
0.192
0.144
0.224
