0.127
0.190
0.194
0.199
0.200
0.202
0.220
0.239
0.083
0.114
0.120
0.196
0.141
0.134
0.188
0.222
0.135
0.103
0.150
0.197
0.151
0.231
0.132
0.128
0.203
0.240
0.188
0.120
0.131
0.179
0.224
0.121
0.168
0.167
0.217
0.101
0.153
0.153
0.265
0.106
0.164
0.234
0.169
0.143
0.158
0.233
0.146
0.100
0.207
0.128
0.118
0.212
0.197
0.123
0.098
0.210
0.108
0.178
0.092
0.256
0.136
0.187
0.106
0.120
0.198
0.206
0.220
0.114
0.239
0.165
0.242
0.113
0.223
0.256
0.124
0.182
0.225
0.138
0.217
0.189
0.197
0.148
0.231
0.125
0.301
0.132
0.186
0.243
0.170
0.134
0.098
0.104
0.249
0.163
0.234
0.193
0.105
0.112
0.091
0.112
0.147
0.108
0.274
0.268
0.176
0.129
0.196
0.166
0.154
0.089
0.134
0.232
0.101
0.241
0.209
0.231
0.120
0.105
0.131
0.198
0.253
0.210
0.207
0.160
0.198
0.259
0.165
0.200
0.100
0.236
0.103
0.178
0.111
0.084
0.211
0.112
0.097
0.179
0.112
0.171
0.172
0.157
0.113
0.262
0.240
0.163
0.263
0.129
0.188
0.186
0.143
0.196
0.156
0.114
0.113
0.188
0.117
0.264
0.086
0.192
0.183
0.230
0.124
0.253
0.140
0.146
0.170
0.220
0.107
0.186
0.236
0.189
0.209
0.088
0.141
0.114
0.221
0.230
0.152
0.095
0.148
0.106
0.116
0.189
0.143
0.107
0.195
0.146
0.138
0.198
0.132
0.112
0.227
0.200
0.213
0.115
0.193
0.186
0.168
0.172
0.139
0.272
0.108
0.213
0.191
0.183
0.214
0.234
0.168
0.133
0.223
0.176
0.138
0.187
0.121
0.144
0.179
0.120
0.162
0.134
0.277
0.163
0.255
0.183
0.179
0.138
0.166
0.151
0.255
0.111
0.192
0.104
0.113
0.183
0.132
0.139
0.261
0.182
0.120
0.097
0.197
0.224
0.176
0.193
0.162
0.199
0.222
0.234
0.144
0.121
0.146
0.191
0.104
0.091
0.131
0.202
0.184
0.114
0.170
0.027
0.128
0.137
0.194
0.094
0.125
0.176
0.028
0.120
0.245
0.204
0.188
0.104
0.031
0.135
0.252
0.162
0.118
0.116
0.127
0.213
0.125
0.190
0.126
0.226
0.145
0.174
0.242
0.102
0.085
0.117
0.236
0.218
0.195
0.248
0.121
0.176
0.206
0.184
0.168
0.214
0.116
0.248
0.315
0.272
0.114
0.226
0.217
0.082
0.271
0.135
0.074
0.100
0.136
0.263
0.240
0.252
0.224
0.185
0.129
0.246
0.193
0.178
0.163
0.191
0.217
0.138
0.151
0.144
0.156
0.065
0.196
0.150
0.125
0.279
0.198
0.206
0.176
0.213
0.255
0.194
0.098
0.258
0.211
0.263
0.125
0.132
0.164
0.247
0.154
0.144
0.236
0.202
0.209
0.094
0.166
0.255
0.185
0.234
0.174
0.119
0.175
0.135
0.157
0.195
0.259
0.193
0.178
0.163
0.198
0.135
0.155
0.224
0.254
0.215
0.102
0.171
0.118
0.205
0.085
0.210
0.120
0.216
0.230
0.113
0.149
0.218
0.174
0.223
0.210
0.127
0.153
0.099
0.201
0.141
0.080
0.148
0.091
0.217
0.087
0.238
0.235
0.147
0.256
0.118
0.160
0.230
0.095
0.187
0.234
0.111
0.219
0.135
0.225
0.192
0.215
0.253
0.109
0.208
0.227
0.081
0.181
0.026
0.149
0.110
0.098
0.115
0.112
0.192
0.220
0.193
0.220
0.191
0.092
0.204
0.268
0.244
0.221
0.132
0.156
0.160
0.196
0.177
0.019
0.153
0.118
0.080
0.133
0.091
0.130
0.214
0.189
0.120
0.112
0.226
0.154
0.241
0.149
0.119
0.158
0.119
0.153
0.182
0.197
0.132
0.110
0.263
0.151
0.124
0.200
0.136
0.134
0.136
0.130
0.119
0.200
0.090
0.201
0.118
0.022
0.155
0.220
0.218
0.125
0.187
0.103
0.170
0.179
0.237
0.194
0.115
0.150
0.150
0.032
0.106
0.147
0.191
0.256
0.163
0.159
0.142
0.285
0.178
0.194
0.139
0.127
0.265
0.160
0.111
0.151
0.195
0.218
0.163
0.126
0.175
0.129
0.167
0.205
0.125
0.126
0.122
0.129
0.234
0.227
0.258
0.133
0.146
0.189
0.160
0.232
0.195
0.234
0.150
0.252
0.139
0.132
0.212
0.269
0.211
0.144
0.181
0.176
0.164
0.080
0.204
0.101
0.216
0.182
0.189
0.191
0.201
0.255
0.165
0.212
0.136
0.265
0.108
0.178
0.200
0.202
0.144
0.133
0.165
0.193
0.237
0.093
0.229
0.200
0.142
0.114
0.121
0.108
0.276
0.206
0.124
0.165
0.254
0.118
0.186
0.089
0.227
0.288
0.150
0.232
0.170
0.192
0.095
0.208
0.205
0.116
0.169
0.122
0.236
0.107
0.175
0.184
0.116
0.120
0.184
0.198
0.103
0.122
0.212
0.164
0.227
0.182
0.216
0.137
0.267
0.163
0.243
0.156
0.160
0.182
0.097
0.231
0.286
0.167
0.125
0.124
0.226
0.140
0.113
0.204
0.223
0.204
0.161
0.294
0.108
0.184
0.129
0.109
0.140
0.187
0.113
0.222
0.167
0.181
0.114
0.209
0.209
0.237
0.149
0.206
0.144
0.110
0.164
0.185
0.163
0.098
0.161
0.110
0.024
0.202
0.242
0.234
0.095
0.136
0.253
0.285
0.194
0.196
0.175
0.205
0.122
0.263
0.229
0.112
0.202
0.124
0.204
0.147
0.081
0.145
0.232
0.192
0.130
0.169
0.109
0.151
0.186
0.204
0.154
0.234
0.225
0.264
0.223
0.137
0.143
0.179
0.218
0.192
0.157
0.126
0.216
0.258
0.186
0.133
0.231
0.138
0.240
0.122
0.137
0.231
0.186
0.099
0.208
0.210
0.029
0.237
0.206
0.090
0.165
0.194
0.170
0.124
0.152
0.100
0.153
0.153
0.175
0.137
0.127
0.143
0.124
0.188
0.184
0.134
0.224
0.103
0.204
0.230
0.165
0.121
0.121
0.181
0.263
0.178
0.111
0.219
0.125
0.196
0.240
0.153
0.120
0.266
0.201
0.230
0.165
0.185
0.086
0.175
0.200
0.099
0.121
0.117
0.190
0.225
0.155
0.116
0.222
0.151
0.219
0.249
0.242
0.152
0.174
0.130
0.096
0.168
0.161
0.190
0.139
0.189
0.125
0.230
0.185
0.199
0.237
0.101
0.212
0.141
0.265
0.227
0.178
0.163
0.111
0.124
0.173
0.141
0.100
0.212
0.175
0.216
0.106
0.257
0.263
0.229
0.122
0.171
0.227
0.207
0.115
0.179
0.124
0.230
0.156
0.263
0.113
0.200
0.111
0.100
0.230
0.198
0.198
0.178
0.173
0.219
0.091
0.233
0.161
0.116
0.131
0.248
0.190
0.107
0.199
0.126
0.133
0.116
0.195
0.169
0.240
0.237
0.113
0.202
0.203
0.134
0.112
0.184
0.169
0.114
0.242
0.209
0.075
0.281
0.164
0.245
0.255
0.209
0.089
0.110
0.180
0.172
0.094
0.172
0.181
0.104
0.184
0.195
0.210
0.183
0.233
0.111
0.212
0.198
0.225
0.210
0.175
0.133
0.155
0.128
0.042
0.235
0.210
0.123
0.179
0.099
0.198
0.154
0.174
0.222
0.213
0.126
0.292
0.205
0.197
0.250
0.174
0.273
0.185
0.152
0.105
0.237
0.153
0.209
0.255
0.146
0.257
0.174
0.150
0.162
0.159
0.227
0.263
0.252
0.106
0.181
0.261
0.180
0.123
0.085
0.150
0.195
0.123
0.250
0.152
0.143
0.110
0.124
0.195
0.169
0.165
0.153
0.221
0.107
0.132
0.181
0.123
0.191
0.099
0.181
0.157
0.195
0.215
0.126
0.206
0.164
0.180
0.174
0.154
0.159
0.153
0.094
0.207
0.157
0.226
0.253
0.121
0.186
0.173
0.221
0.214
0.297
0.240
0.115
0.233
0.175
0.209
0.145
0.196
0.148
0.199
0.224
0.103
0.228
0.115
0.165
0.146
0.228
0.104
0.106
0.219
0.123
0.112
0.191
0.137
0.106
0.206
0.237
0.225
0.115
0.092
0.180
0.218
0.167
0.135
0.152
0.124
0.116
0.199
0.125
0.157
0.226
0.075
0.171
0.111
0.200
0.105
0.208
0.166
0.215
0.165
0.110
0.168
0.124
0.197
0.215
0.210
0.107
0.166
0.243
0.211
0.188
0.192
0.147
0.207
0.223
0.188
0.163
0.256
0.161
0.172
0.140
0.170
0.109
0.138
0.093
0.183
0.213
0.100
0.163
0.181
0.238
0.193
0.198
0.123
0.154
0.102
0.216
0.104
0.184
0.170
0.099
0.143
0.149
0.132
0.106
0.082
0.126
0.132
0.127
0.180
0.145
0.212
0.136
0.148
0.160
0.180
0.104
0.102
0.205
0.081
0.130
0.169
0.219
0.256
0.170
0.151
0.119
0.249
0.197
0.202
0.244
0.079
0.232
0.215
0.278
0.142
0.189
0.157
0.194
0.264
0.164
0.116
0.121
0.121
0.159
0.113
0.117
0.116
0.308
0.140
0.155
0.162
0.167
0.218
0.123
0.126
0.180
0.194
0.144
0.202
0.135
0.233
0.216
0.131
0.167
0.193
0.101
0.255
0.228
0.119
0.116
0.180
0.208
0.244
0.276
0.154
0.093
0.078
0.237
0.206
0.190
0.107
0.165
0.111
0.114
0.126
0.172
0.180
0.213
0.185
0.178
0.184
0.088
0.105
0.207
0.082
0.260
0.165
0.176
0.118
0.209
0.154
0.170
0.079
0.213
0.208
0.180
0.216
0.123
0.244
0.153
0.133
0.131
0.201
0.178
0.155
0.197
0.190
0.233
0.193
0.132
0.113
0.112
0.108
0.102
0.234
0.113
0.218
0.118
0.220
0.095
0.288
0.262
0.188
0.164
0.114
0.151
0.157
0.090
0.212
0.192
0.148
0.215
0.104
0.068
0.092
0.189
0.124
0.195
0.206
0.126
0.128
0.148
0.126
0.249
0.088
0.113
0.110
0.243
0.190
0.152
0.099
0.253
0.120
0.110
0.201
0.153
0.230
0.200
0.228
0.203
0.202
0.113
0.232
0.125
0.180
0.297
0.121
0.163
0.226
0.156
0.106
0.184
0.213
0.147
0.151
0.138
0.264
0.101
0.217
0.169
0.095
0.197
0.185
0.112
0.114
0.180
0.142
0.245
0.148
0.261
0.180
0.122
0.152
0.136
0.221
0.129
0.212
0.181
0.161
0.297
0.123
0.124
0.180
0.207
0.176
0.203
0.165
0.198
0.173
0.197
0.218
0.164
0.216
0.117
0.193
0.184
0.185
0.192
0.083
0.158
0.116
0.130
0.114
0.211
0.125
0.111
0.267
0.284
0.184
0.159
0.196
0.265
0.164
0.266
0.185
0.114
0.161
0.147
0.200
0.184
0.101
0.191
0.081
0.153
0.081
0.272
0.091
0.163
0.247
0.189
0.157
0.165
0.176
0.193
0.183
0.180
0.234
0.159
0.183
0.186
0.254
0.145
0.118
0.254
0.176
0.107
0.219
0.131
0.248
0.221
0.171
0.248
0.118
0.093
0.092
0.114
0.118
0.222
0.094
0.210
0.127
0.099
0.212
0.102
0.100
0.121
0.168
0.164
0.172
0.170
0.133
0.112
0.122
0.228
0.185
0.164
0.200
0.122
0.274
0.205
0.171
0.218
0.170
0.174
0.226
0.308
0.249
0.153
0.194
0.185
0.107
0.187
0.102
0.128
0.268
0.169
0.115
0.213
0.260
0.135
0.164
0.122
0.186
0.124
0.189
0.127
0.291
0.167
0.161
0.175
0.095
0.100
0.143
0.208
0.206
0.103
0.229
0.255
0.144
0.134
0.217
0.175
0.212
0.143
0.140
0.225
0.105
0.232
0.018
0.174
0.188
0.247
0.154
0.120
0.174
0.086
0.211
0.164
0.128
0.239
0.179
0.130
0.239
0.279
0.109
0.175
0.192
0.161
0.166
0.290
0.103
0.149
0.157
0.252
0.171
0.147
0.202
0.119
0.082
0.102
0.192
0.225
0.194
0.152
0.143
0.250
0.088
0.188
0.130
0.099
0.184
0.252
0.226
0.252
0.106
0.211
0.177
0.279
0.210
0.231
0.144
0.130
0.289
0.224
0.086
0.194
0.125
0.110
0.180
0.129
0.276
0.215
0.194
0.094
0.100
0.203
0.132
0.127
0.085
0.085
0.213
0.148
0.259
0.101
0.224
0.104
0.204
0.148
0.212
0.191
0.155
0.280
0.219
0.107
0.187
0.175
0.172
0.183
0.122
0.137
0.210
0.303
0.092
0.102
0.242
0.338
0.174
0.107
0.099
0.137
0.158
0.249
0.113
0.090
0.108
0.192
0.166
0.170
0.224
0.128
0.192
0.188
0.121
0.074
0.211
0.112
0.216
0.103
0.202
0.133
0.272
0.115
0.106
0.172
0.102
0.188
0.174
0.102
0.155
0.230
0.120
0.155
0.157
0.105
0.127
0.095
0.104
0.111
0.311
0.153
0.193
0.231
0.234
0.106
0.309
0.138
0.220
0.180
0.140
0.171
0.133
0.147
0.218
0.120
0.092
0.146
0.130
0.119
0.222
0.108
0.172
0.204
0.203
0.188
0.148
0.178
0.170
0.110
0.229
0.126
0.159
0.087
0.140
0.185
0.202
0.119
0.208
0.237
0.182
0.215
0.269
0.196
0.233
0.097
0.151
0.117
0.219
0.207
0.100
0.111
0.188
0.205
0.265
0.030
0.210
0.111
0.193
0.112
0.206
0.115
0.146
0.197
0.211
0.145
0.211
0.170
0.292
0.186
0.108
0.140
0.167
0.180
0.027
0.258
0.116
0.225
0.240
0.129
0.243
0.229
0.155
0.203
0.282
0.237
0.176
0.197
0.169
0.200
0.239
0.160
0.147
0.183
0.181
0.101
0.176
0.098
0.206
0.204
0.118
0.194
0.271
0.249
0.271
0.238
0.238
0.269
0.168
0.242
0.182
0.172
0.140
0.218
0.204
0.174
0.226
0.180
0.302
0.145
0.189
0.172
0.129
0.256
0.195
0.133
0.133
0.185
0.203
0.159
0.172
0.239
0.205
0.118
0.214
0.268
0.212
0.250
0.226
0.256
0.102
0.200
0.174
0.159
0.103
0.098
0.180
0.115
0.127
0.147
0.169
0.127
0.196
0.135
0.109
0.207
0.230
0.192
0.164
0.211
0.189
0.169
0.142
0.221
0.108
0.135
0.254
0.145
0.142
0.136
0.173
0.214
0.183
0.114
0.256
0.159
0.108
0.219
0.196
0.111
0.232
0.204
0.190
0.077
0.220
0.111
0.148
0.112
0.176
0.140
0.172
0.148
0.243
0.215
0.204
0.188
0.170
0.229
0.211
0.121
0.207
0.105
0.163
0.126
0.131
0.164
0.108
0.212
0.230
0.217
0.102
0.195
0.150
0.153
0.178
0.119
0.198
0.148
0.183
0.134
0.119
0.145
0.176
0.142
0.284
0.119
0.194
0.087
0.137
0.136
0.090
0.105
0.124
0.153
0.207
0.101
0.258
0.152
0.116
0.113
0.117
0.217
0.242
0.185
0.126
0.208
0.240
0.147
0.087
0.208
0.208
0.149
0.188
0.145
0.183
0.091
0.230
0.181
0.183
0.111
0.113
0.147
0.132
0.198
0.228
0.117
0.192
0.189
0.208
0.234
0.272
0.206
0.249
0.159
0.158
0.118
0.114
0.253
0.171
0.128
0.211
0.223
0.230
0.167
0.143
0.209
0.172
0.282
0.270
0.118
0.086
0.202
0.134
0.171
0.213
0.154
0.173
0.245
0.135
0.181
0.150
0.253
0.197
0.069
0.116
0.248
0.160
0.135
0.102
0.096
0.215
0.106
0.107
0.215
0.192
0.119
0.269
0.115
0.142
0.203
0.175
0.107
0.120
0.198
0.200
0.228
0.099
0.115
0.208
0.206
0.135
0.101
0.119
0.106
0.190
0.107
0.206
0.111
0.100
0.222
0.133
0.155
0.180
0.152
0.236
0.166
0.024
0.164
0.154
0.185
0.104
0.099
0.252
0.094
0.210
0.181
0.139
0.182
0.158
0.102
0.186
0.141
0.204
0.238
0.136
0.096
0.180
0.137
0.137
0.100
0.081
0.134
0.168
0.230
0.209
0.151
0.226
0.246
0.137
0.215
0.138
0.175
0.225
0.125
0.221
0.174
0.122
0.163
0.217
0.249
0.133
0.175
0.185
0.196
0.120
0.212
0.190
0.095
0.129
0.133
0.233
0.134
0.215
0.128
0.103
0.173
0.176
0.122
0.115
0.149
0.219
0.152
0.097
0.101
0.202
0.146
0.203
0.179
0.201
0.171
0.211
0.101
0.163
0.102
0.117
0.244
0.208
0.196
0.167
0.115
0.120
0.151
0.147
0.203
0.261
0.186
0.187
0.130
0.278
0.122
0.280
0.253
0.184
0.152
0.302
0.200
0.201
0.130
0.107
0.193
0.110
0.097
0.280
0.098
0.108
0.105
0.186
0.200
0.243
0.128
0.224
0.257
0.171
0.099
0.208
0.091
0.296
0.113
0.210
0.141
0.170
0.304
0.189
0.095
0.093
0.217
0.168
0.152
0.259
0.256
0.271
0.200
0.224
0.106
0.173
0.162
0.232
0.244
0.188
0.181
0.154
0.242
0.198
0.134
0.184
0.178
0.106
0.219
0.135
0.210
0.256
0.246
0.195
0.133
0.127
0.253
0.150
0.220
0.295
0.199
0.089
0.167
0.204
0.151
0.188
0.177
0.211
0.163
0.185
0.110
0.226
0.137
0.262
0.152
0.189
0.121
0.120
0.139
0.171
0.193
0.187
0.208
0.118
0.219
0.186
0.108
0.181
0.198
0.163
0.176
0.246
0.272
0.105
0.100
0.202
0.103
0.177
0.231
0.260
0.141
0.227
0.286
0.133
0.162
0.217
0.116
0.243
0.260
0.129
0.233
0.136
0.265
0.225
0.158
0.172
0.250
0.164
0.126
0.159
0.173
0.220
0.179
0.161
0.194
0.184
0.125
0.097
0.207
0.236
0.254
0.207
0.254
0.157
0.169
0.211
0.222
0.197
0.268
0.224
0.101
0.168
0.176
0.208
0.113
0.132
0.199
0.120
0.101
0.173
0.123
0.173
0.186
0.310
0.139
0.245
0.236
0.169
0.180
0.108
0.120
0.163
0.133
0.181
0.162
0.107
0.118
0.104
0.086
0.209
0.205
0.240
0.262
0.022
0.231
0.025
0.186
0.149
0.247
0.148
0.112
0.102
0.192
0.166
0.192
0.127
0.217
0.132
0.102
0.115
0.118
0.216
0.206
0.130
0.198
0.150
0.144
0.134
0.093
0.180
0.154
0.236
0.141
0.199
0.100
0.189
0.202
0.147
0.174
0.247
0.147
0.164
0.218
0.198
0.184
0.146
0.216
0.118
0.160
0.167
0.229
0.189
0.172
0.140
0.212
0.164
0.206
0.154
0.095
0.205
0.128
0.231
0.101
0.202
0.154
0.219
0.170
0.165
0.151
0.117
0.088
0.242
0.159
0.105
0.275
0.176
0.148
0.105
0.181
0.032
0.224
0.259
0.133
0.137
0.088
0.165
0.131
0.240
0.266
0.100
0.172
0.213
0.233
0.095
0.198
0.091
0.200
0.169
0.295
0.211
0.239
0.218
0.102
0.157
0.103
0.167
0.248
0.193
0.112
0.181
0.269
0.184
0.224
0.286
0.222
0.147
0.157
0.218
0.246
0.227
0.106
0.210
0.217
0.264
0.124
0.150
0.154
0.220
0.209
0.089
0.167
0.163
0.167
0.264
0.214
0.213
0.231
0.116
0.131
0.240
0.257
0.195
0.096
0.238
0.184
0.124
0.203
0.169
0.268
0.132
0.253
0.285
0.252
0.222
0.209
0.267
0.248
0.214
0.202
0.257
0.100
0.127
0.261
0.156
0.097
0.116
0.214
0.201
0.197
0.133
0.153
0.217
0.172
0.212
0.177
0.164
0.103
0.195
0.209
0.020
0.236
0.186
0.220
0.160
0.170
0.281
0.101
0.203
0.244
0.122
0.216
0.119
0.224
0.170
0.210
0.199
0.113
0.109
0.150
0.170
0.156
0.110
0.151
0.123
0.138
0.227
0.199
0.105
0.133
0.134
0.194
0.108
0.204
0.094
0.128
0.101
0.180
0.218
0.159
0.224
0.263
0.242
0.210
0.125
0.122
0.141
0.192
0.140
0.117
0.136
0.132
0.254
0.176
0.138
0.248
0.151
0.195
0.112
0.147
0.160
0.151
0.150
0.208
0.255
0.218
0.144
0.074
0.024
0.111
0.113
0.216
0.212
0.112
0.121
0.146
0.197
0.102
0.193
0.150
0.112
0.150
0.183
0.196
0.230
0.151
0.185
0.188
0.167
0.145
0.200
0.209
0.130
0.240
0.183
0.091
0.121
0.108
0.187
0.112
0.180
0.176
0.139
0.152
0.159
0.232
0.145
0.241
0.130
0.094
0.234
0.165
0.286
0.193
0.214
0.146
0.271
0.140
0.148
0.137
0.225
0.174
0.249
0.123
0.290
0.189
0.138
0.188
0.142
0.147
0.306
0.225
0.063
0.175
0.195
0.185
0.135
0.128
0.225
0.103
0.164
0.136
0.173
0.244
0.219
0.094
0.168
0.200
0.218
0.288
0.147
0.146
0.093
0.178
0.115
0.201
0.128
0.129
0.141
0.177
0.110
0.195
0.145
0.253
0.132
0.198
0.128
0.150
0.094
0.215
0.101
0.136
0.117
0.213
0.102
0.189
0.235
0.129
0.173
0.154
0.130
0.265
0.148
0.188
0.124
0.222
0.146
0.114
0.192
0.186
0.113
0.194
0.136
0.161
0.240
0.127
0.190
0.134
0.129
0.094
0.126
0.209
0.213
0.170
0.134
0.108
0.199
0.256
0.186
0.219
0.173
0.133
0.174
0.262
0.184
0.289
0.191
0.133
0.180
0.100
0.140
0.219
0.195
0.204
0.230
0.209
0.216
0.204
0.154
0.112
0.210
0.152
0.158
0.213
0.295
0.133
0.207
0.168
0.249
0.122
0.183
0.102
0.193
0.095
0.195
0.204
0.160
0.213
0.025
0.180
0.189
0.187
0.219
0.139
0.143
0.135
0.114
0.164
0.109
0.287
0.106
0.176
0.159
0.211
0.239
0.185
0.159
0.124
0.215
0.211
0.175
0.139
0.149
0.094
0.104
0.186
0.148
0.226
0.102
0.124
0.114
0.128
0.093
0.219
0.194
0.120
0.171
0.180
0.252
0.233
0.241
0.251
0.229
0.280
0.184
0.088
0.199
0.168
0.182
0.077
0.128
0.202
0.114
0.107
0.256
0.167
0.219
0.107
0.200
0.106
0.168
0.262
0.189
0.169
0.095
0.191
0.199
0.093
0.268
0.179
0.166
0.175
0.224
0.099
0.131
0.190
0.173
0.119
0.139
0.242
0.165
0.103
0.159
0.212
0.121
0.121
0.188
0.077
0.071
0.108
0.249
0.227
0.186
0.159
0.240
0.262
0.230
0.122
0.122
0.226
0.093
0.166
0.202
0.125
0.140
0.113
0.187
0.108
0.136
0.210
0.189
0.338
0.125
0.204
0.145
0.153
0.102
0.111
0.198
0.134
0.128
0.151
0.087
0.177
0.091
0.107
0.114
0.151
0.182
0.211
0.113
0.122
0.148
0.240
0.111
0.078
0.232
0.145
0.236
0.186
0.241
0.192
0.165
0.150
0.121
0.140
0.122
0.109
0.190
0.257
0.213
0.223
0.170
0.169
0.245
0.130
0.168
0.202
0.175
0.181
0.249
0.138
0.110
0.099
0.107
0.241
0.111
0.211
0.235
0.099
0.198
0.116
0.173
0.295
0.313
0.096
0.097
0.109
0.169
0.180
0.200
0.300
0.078
0.132
0.128
0.228
0.255
0.312
0.121
0.183
0.155
0.233
0.140
0.127
0.165
0.133
0.266
0.170
0.236
0.196
0.226
0.177
0.164
0.223
0.160
0.158
0.193
0.287
0.162
0.064
0.231
0.082
0.125
0.107
0.160
0.215
0.083
0.303
0.239
0.185
0.144
0.184
0.137
0.163
0.216
0.206
0.159
0.107
0.248
0.115
0.179
0.148
0.120
0.203
0.158
0.158
0.107
0.140
0.154
0.175
0.273
0.162
0.127
0.177
0.190
0.218
0.155
0.201
0.216
0.107
0.295
0.167
0.205
0.159
0.137
0.142
0.161
0.172
0.162
0.206
0.077
0.136
0.153
0.208
0.114
0.102
0.201
0.230
0.224
0.227
0.196
0.211
0.232
0.150
0.117
0.236
0.122
0.167
0.209
0.203
0.139
0.116
0.246
0.206
0.147
0.152
0.160
0.160
0.195
0.180
0.268
0.183
0.104
0.168
0.173
0.088
0.139
0.103
0.106
0.205
0.202
0.149
0.198
0.096
0.235
0.206
0.196
0.259
0.278
0.194
0.167
0.252
0.238
0.291
0.198
0.132
0.095
0.094
0.202
0.132
0.125
0.166
0.170
0.103
0.112
0.096
0.097
0.192
0.144
0.101
0.220
0.213
0.153
0.217
0.147
0.140
0.181
0.101
0.203
0.121
0.132
0.134
0.271
0.172
0.100
0.210
0.152
0.121
0.116
0.243
0.097
0.164
0.113
0.222
0.246
0.124
0.211
0.157
0.200
0.138
0.226
0.286
0.124
0.099
0.213
0.111
0.088
0.141
0.219
0.109
0.102
0.159
0.181
0.177
0.106
0.165
0.188
0.150
0.247
0.167
0.193
0.128
0.239
0.207
0.113
0.184
0.148
0.178
0.142
0.124
0.212
0.261
0.089
0.247
0.119
0.216
0.219
0.132
0.093
0.141
0.187
0.190
0.115
0.124
0.140
0.095
0.111
0.232
0.097
0.210
0.133
0.249
0.202
0.234
0.173
0.220
0.234
0.218
0.178
0.165
0.215
0.238
0.119
0.175
0.096
0.115
0.126
0.220
0.221
0.244
0.225
0.228
0.209
0.153
0.122
0.216
0.164
0.127
0.225
0.187
0.107
0.201
0.124
0.129
0.183
0.140
0.130
0.110
0.129
0.164
0.120
0.135
0.244
0.246
0.220
0.197
0.139
0.105
0.283
0.110
0.100
0.186
0.108
0.242
0.160
0.095
0.185
0.167
0.164
0.215
0.164
0.206
0.177
0.209
0.180
0.167
0.203
0.208
0.209
0.188
0.116
0.260
0.138
0.229
0.150
0.195
0.108
0.215
0.203
0.169
0.173
0.210
0.120
0.157
0.183
0.035
0.093
0.247
0.204
0.152
0.245
0.175
0.223
0.132
0.221
0.265
0.227
0.190
0.104
0.215
0.130
0.247
0.272
0.200
0.091
0.201
0.181
0.099
0.133
0.170
0.236
0.269
0.182
0.279
0.213
0.118
0.175
0.204
0.118
0.234
0.189
0.186
0.172
0.189
0.231
0.148
0.100
0.122
0.219
0.258
0.171
0.159
0.112
0.262
0.197
0.091
0.107
0.264
0.167
0.113
0.128
0.284
0.258
0.164
0.176
0.272
0.199
0.225
0.099
0.105
0.185
0.178
0.129
0.177
0.131
0.210
0.202
0.098
0.103
0.178
0.120
0.199
0.164
0.208
0.189
0.103
0.152
0.232
0.215
0.144
0.104
0.149
0.126
0.135
0.160
0.212
0.172
0.258
0.113
0.163
0.192
0.090
0.231
0.159
0.163
0.134
0.179
0.127
0.132
0.196
0.226
0.173
0.220
0.112
0.114
0.196
0.124
0.174
0.112
0.255
0.146
0.123
0.273
0.249
0.096
0.017
0.142
0.224
0.139
0.235
0.130
0.227
0.101
0.131
0.151
0.194
0.181
0.106
0.126
0.146
0.176
0.106
0.235
0.155
0.183
0.150
0.187
0.243
0.113
0.200
0.193
0.145
0.162
0.124
0.099
0.178
0.154
0.084
0.158
0.127
0.227
0.150
0.112
0.169
0.203
0.156
0.130
0.196
0.161
0.211
0.096
0.245
0.112
0.129
0.172
0.219
0.224
0.092
0.111
0.215
0.100
0.252
0.180
0.107
0.113
0.205
0.153
0.254
0.095
0.188
0.208
0.175
0.194
0.149
0.221
0.158
0.203
0.228
0.230
0.246
0.122
0.205
0.096
0.214
0.024
0.254
0.245
0.118
0.115
0.086
0.194
0.151
0.203
0.185
0.208
0.206
0.130
0.124
0.157
0.110
0.161
0.183
0.099
0.200
0.177
0.092
0.270
0.092
0.125
0.130
0.108
0.187
0.247
0.112
0.181
0.131
0.216
0.134
0.211
0.243
0.124
0.161
0.119
0.191
0.194
0.252
0.128
0.158
0.189
0.193
0.214
0.234
0.186
0.101
0.167
0.111
0.280
0.218
0.149
0.130
0.176
0.097
0.204
0.187
0.197
0.245
0.227
0.205
0.243
0.121
0.177
0.108
0.169
0.135
0.242
0.091
0.208
0.149
0.121
0.238
0.154
0.218
0.104
0.134
0.195
0.138
0.193
0.223
0.138
0.128
0.171
0.118
0.149
0.100
0.248
0.145
0.153
0.270
0.193
0.192
0.109
0.207
0.246
0.300
0.133
0.172
0.243
0.128
0.212
0.117
0.095
0.224
0.213
0.192
0.246
0.124
0.146
0.192
0.261
0.139
0.116
0.097
0.230
0.201
0.101
0.173
0.119
0.223
0.223
0.138
0.219
0.192
0.216
0.201
0.185
0.264
0.273
0.188
0.249
0.228
0.188
0.149
0.183
0.173
0.167
0.223
0.225
0.251
0.269
0.247
0.144
0.289
0.248
0.155
0.104
0.165
0.155
0.226
0.106
0.111
0.129
0.198
0.142
0.195
0.197
0.146
0.020
0.262
0.114
0.135
0.232
0.155
0.133
0.120
0.226
0.275
0.154
0.130
0.251
0.254
0.160
0.226
0.145
0.136
0.158
0.174
0.172
0.119
0.151
0.093
0.126
0.231
0.143
0.115
0.262
0.124
0.173
0.239
0.117
0.226
0.181
0.142
0.231
0.175
0.134
0.236
0.145
0.112
0.184
0.033
0.217
0.137
0.241
0.232
0.212
0.167
0.086
0.121
0.151
0.118
0.207
0.189
0.128
0.160
0.110
0.138
0.161
0.236
0.176
0.204
0.135
0.217
0.109
0.145
0.229
0.290
0.269
0.115
0.105
0.105
0.153
0.271
0.200
0.119
0.145
0.215
0.184
0.184
0.141
0.271
0.113
0.220
0.175
0.179
0.212
0.097
0.237
0.243
0.189
0.162
0.138
0.146
0.318
0.103
0.220
0.195
0.110
0.113
0.220
0.140
0.094
0.179
0.168
0.112
0.235
0.185
0.107
0.192
0.150
0.204
0.158
0.238
0.183
0.219
0.111
0.096
0.118
0.265
0.152
0.095
0.110
0.215
0.183
0.176
0.090
0.232
0.163
0.113
0.127
0.198
0.114
0.171
0.211
0.176
0.215
0.208
0.250
0.147
0.182
0.172
0.110
0.116
0.246
0.253
0.226
0.137
0.304
0.204
0.174
0.137
0.256
0.258
0.227
0.233
0.195
0.147
0.095
0.163
0.101
0.289
0.076
0.099
0.102
0.169
0.194
0.174
0.122
0.107
0.178
0.177
0.163
0.103
0.229
0.253
0.269
0.172
0.097
0.197
0.206
0.220
0.152
0.126
0.204
0.167
0.185
0.272
0.144
0.242
0.150
0.095
0.255
0.102
0.163
0.142
0.099
0.161
0.175
0.140
0.235
0.136
0.130
0.177
0.136
0.103
0.124
0.103
0.116
0.091
0.170
0.165
0.245
0.119
0.167
0.149
0.194
0.159
0.180
0.174
0.150
0.106
0.135
0.269
0.199
0.152
0.166
0.183
0.186
0.095
0.030
0.201
0.243
0.184
0.204
0.100
0.108
0.181
0.138
0.092
0.107
0.176
0.192
0.236
0.159
0.159
0.129
0.132
0.194
0.195
0.138
0.154
0.294
0.190
0.224
0.134
0.144
0.202
0.186
0.160
0.142
0.149
0.109
0.151
0.123
0.164
0.264
0.202
0.156
0.128
0.145
0.117
0.228
0.094
0.136
0.156
0.182
0.223
0.206
0.206
0.112
0.132
0.281
0.216
0.158
0.165
0.107
0.245
0.112
0.202
0.253
0.163
0.199
0.221
0.114
0.235
0.162
0.233
0.361
0.189
0.146
0.193
0.282
0.194
0.217
0.186
0.171
0.203
0.164
0.161
0.143
0.253
0.115
0.138
0.191
0.189
0.239
0.140
0.166
0.200
0.182
0.272
0.140
0.177
0.186
0.182
0.307
0.139
0.212
0.253
0.082
0.230
0.204
0.151
0.126
0.239
0.165
0.083
0.217
0.205
0.098
0.107
0.201
0.226
0.115
0.122
0.132
0.100
0.117
0.259
0.083
0.137
0.167
0.210
0.120
0.191
0.186
0.116
0.130
0.179
0.250
0.121
0.178
0.210
0.129
0.085
0.262
0.171
0.101
0.244
0.249
0.141
0.150
0.153
0.215
0.202
0.200
0.265
0.125
0.184
0.120
0.242
0.195
0.139
0.147
0.230
0.180
0.157
0.234
0.188
0.194
0.160
0.198
0.155
0.250
0.161
0.270
0.036
0.241
0.232
0.157
0.175
0.231
0.221
0.159
0.252
0.139
0.228
0.188
0.255
0.143
0.204
0.256
0.114
0.176
0.095
0.139
0.241
0.134
0.137
0.220
0.268
0.137
0.223
0.138
0.193
0.208
0.182
0.205
0.188
0.170
0.177
0.087
0.187
0.175
0.206
0.193
0.207
0.228
0.225
0.224
0.235
0.139
0.100
0.129
0.161
0.156
0.120
0.251
0.125
0.154
0.223
0.270
0.176
0.228
0.245
0.210
0.140
0.099
0.091
0.200
0.158
0.138
0.229
0.086
0.213
0.302
0.262
0.192
0.240
0.125
0.181
0.173
0.136
0.199
0.147
0.093
0.249
0.182
0.130
0.145
0.082
0.093
0.122
0.102
0.234
0.099
0.103
0.224
0.117
0.219
0.127
0.218
0.160
0.181
0.200
0.153
0.113
0.176
0.185
0.118
0.229
0.209
0.252
0.300
0.206
0.165
0.233
0.153
0.078
0.139
0.160
0.127
0.187
0.176
0.178
0.120
0.192
0.230
0.232
0.126
0.122
0.255
0.157
0.172
0.137
0.201
0.182
0.089
0.216
0.079
0.217
0.134
0.155
0.243
0.213
0.137
0.229
0.156
0.260
0.332
0.154
0.103
0.123
0.139
0.135
0.212
0.264
0.257
0.137
0.255
0.095
0.205
0.190
0.190
0.169
0.140
0.216
0.155
0.269
0.234
0.093
0.099
0.158
0.184
0.305
0.111
0.097
0.198
0.259
0.198
0.151
0.191
0.144
0.244
0.125
0.159
0.178
0.171
0.111
0.144
0.112
0.174
0.205
0.280
0.164
0.202
0.083
0.135
0.195
0.102
0.104
0.100
0.274
0.225
0.131
0.110
0.173
0.028
0.171
0.237
0.204
0.184
0.279
0.195
0.196
0.221
0.101
0.101
0.140
0.198
0.281
0.244
0.305
0.163
0.238
0.162
0.194
0.183
0.172
0.230
0.189
0.257
0.148
0.265
0.214
0.144
0.270
0.098
0.143
0.176
0.127
0.101
0.160
0.216
0.106
0.109
0.232
0.143
0.135
0.122
0.192
0.209
0.217
0.094
0.163
0.176
0.203
0.115
0.224
0.093
0.141
0.121
0.231
0.117
0.149
0.191
0.104
0.195
0.173
0.202
0.170
0.249
0.109
0.178
0.214
0.208
0.187
0.238
0.155
0.203
0.024
0.186
0.114
0.143
0.234
0.263
0.155
0.118
0.192
0.121
0.083
0.196
0.247
0.215
0.129
0.200
0.242
0.109
0.128
0.159
0.172
0.144
0.247
0.205
0.280
0.122
0.118
0.108
0.196
0.180
0.257
0.289
0.192
0.172
0.277
0.090
0.194
0.187
0.167
0.237
0.177
0.128
0.137
0.209
0.193
0.206
0.101
0.095
0.090
0.270
0.228
0.288
0.277
0.199
0.161
0.142
0.200
0.179
0.160
0.137
0.252
0.183
0.196
0.141
0.241
0.142
0.125
0.159
0.163
0.106
0.236
0.081
0.201
0.103
0.162
0.196
0.219
0.274
0.174
0.199
0.170
0.137
0.188
0.213
0.163
0.133
0.278
0.230
0.195
0.112
0.144
0.239
0.097
0.252
0.229
0.230
0.151
0.183
0.221
0.128
0.127
0.110
0.187
0.143
0.153
0.173
0.199
0.173
0.150
0.138
0.147
0.178
0.190
0.155
0.205
0.190
0.188
0.120
0.215
0.137
0.121
0.145
0.213
0.190
0.119
0.196
0.094
0.209
0.135
0.103
0.082
0.211
0.261
0.186
0.125
0.214
0.158
0.108
0.257
0.210
0.234
0.108
0.238
0.123
0.101
0.198
0.115
0.219
0.184
0.110
0.141
0.223
0.123
0.237
0.218
0.087
0.124
0.216
0.116
0.111
0.153
0.211
0.251
0.090
0.118
0.090
0.087
0.216
0.132
0.167
0.164
0.224
0.157
0.198
0.202
0.145
0.210
0.146
0.107
0.127
0.235
0.208
0.147
0.160
0.164
0.080
0.217
0.203
0.116
0.130
0.123
0.204
0.157
0.120
0.102
0.097
0.100
0.113
0.208
0.230
0.209
0.092
0.280
0.216
0.111
0.123
0.169
0.108
0.137
0.169
0.188
0.202
0.125
0.137
0.192
0.167
0.124
0.134
0.150
0.129
0.180
0.215
0.168
0.171
0.080
0.161
0.181
0.169
0.153
0.204
0.222
0.105
0.122
0.158
0.211
0.182
0.128
0.231
0.165
0.160
0.184
0.098
0.215
0.084
0.227
0.214
0.204
0.197
0.127
0.183
0.182
0.282
0.251
0.206
0.246
0.234
0.196
0.160
0.135
0.221
0.154
0.177
0.238
0.278
0.114
0.201
0.237
0.189
0.142
0.174
0.181
0.157
0.227
0.141
0.161
0.106
0.187
0.088
0.111
0.100
0.122
0.228
0.153
0.205
0.091
0.093
0.230
0.190
0.159
0.122
0.226
0.199
0.102
0.217
0.252
0.114
0.202
0.121
0.252
0.174
0.214
0.136
0.139
0.142
0.277
0.194
0.112
0.163
0.207
0.124
0.205
0.158
0.145
0.208
0.151
0.113
0.134
0.236
0.167
0.234
0.165
0.221
0.213
0.149
0.154
0.201
0.234
0.179
0.219
0.172
0.107
0.196
0.192
0.272
0.107
0.195
0.216
0.174
0.271
0.190
0.131
0.133
0.166
0.205
0.082
0.167
0.197
0.168
0.264
0.119
0.167
0.141
0.115
0.138
0.095
0.161
0.263
0.181
0.120
0.178
0.185
0.146
0.239
0.119
0.269
0.173
0.219
0.198
0.116
0.202
0.108
0.235
0.294
0.171
0.169
0.177
0.136
0.217
0.171
0.196
0.231
0.112
0.184
0.108
0.221
0.153
0.261
0.192
0.217
0.153
0.234
0.193
0.109
0.237
0.260
0.207
0.131
0.142
0.210
0.216
0.109
0.132
0.139
0.120
0.125
0.241
0.129
0.110
0.125
0.135
0.093
0.109
0.150
0.224
0.191
0.127
0.213
0.154
0.164
0.168
0.285
0.154
0.194
0.250
0.091
0.188
0.118
0.149
0.249
0.157
0.106
0.263
0.157
0.190
0.144
0.107
0.131
0.135
0.155
0.189
0.167
0.118
0.266
0.125
0.115
0.184
0.173
0.228
0.131
0.105
0.187
0.126
0.092
0.101
0.191
0.143
0.189
0.176
0.129
0.130
0.197
0.249
0.119
0.207
0.083
0.155
0.203
0.166
0.209
0.236
0.025
0.355
0.160
0.149
0.215
0.157
0.233
0.264
0.161
0.120
0.165
0.090
0.174
0.152
0.160
0.122
0.199
0.177
0.169
0.184
0.210
0.164
0.193
0.132
0.174
0.187
0.124
0.130
0.220
0.174
0.118
0.222
0.161
0.177
0.119
0.263
0.104
0.161
0.148
0.185
0.243
0.261
0.179
0.123
0.272
0.128
0.125
0.096
0.135
0.110
0.168
0.156
0.262
0.306
0.246
0.172
0.081
0.022
0.116
0.179
0.157
0.147
0.209
0.258
0.247
0.106
0.182
0.208
0.225
0.203
0.160
0.173
0.191
0.180
0.095
0.112
0.200
0.217
0.105
0.184
0.140
0.259
0.132
0.205
0.175
0.182
0.280
0.139
0.159
0.224
0.083
0.159
0.186
0.262
0.180
0.268
0.191
0.162
0.161
0.199
0.217
0.093
0.213
0.187
0.182
0.179
0.182
0.181
0.190
0.240
0.145
0.198
0.130
0.174
0.153
0.111
0.123
0.205
0.145
0.220
0.105
0.242
0.133
0.184
0.114
0.184
0.143
0.109
0.101
0.076
0.208
0.196
0.171
0.181
0.130
0.243
0.172
0.202
0.120
0.111
0.132
0.129
0.126
0.231
0.198
0.188
0.191
0.122
0.113
0.121
0.120
0.174
0.130
0.188
0.201
0.170
0.128
0.110
0.160
0.094
0.104
0.184
0.135
0.252
0.130
0.148
0.172
0.123
0.169
0.203
0.100
0.199
0.252
0.074
0.150
0.182
0.129
0.284
0.105
0.131
0.162
0.145
0.180
0.156
0.096
0.181
0.258
0.203
0.169
0.198
0.151
0.125
0.138
0.205
0.158
0.172
0.132
0.146
0.151
0.230
0.277
0.247
0.094
0.101
0.221
0.155
0.144
0.113
0.113
0.113
0.184
0.183
0.186
0.148
0.202
0.167
0.235
0.167
0.147
0.096
0.171
0.308
0.240
0.186
0.195
0.174
0.137
0.140
0.128
0.104
0.121
0.205
0.207
0.301
0.245
0.206
0.221
0.147
0.190
0.226
0.163
0.202
0.190
0.193
0.092
0.218
0.212
0.163
0.230
0.179
0.137
0.211
0.183
0.172
0.153
0.247
0.117
0.152
0.120
0.207
0.165
0.111
0.111
0.121
0.245
0.091
0.179
0.108
0.269
0.150
0.144
0.094
0.171
0.257
0.158
0.086
0.118
0.097
0.130
0.171
0.218
0.202
0.222
0.177
0.160
0.191
0.233
0.122
0.137
0.205
0.230
0.226
0.165
0.177
0.185
0.221
0.200
0.178
0.212
0.136
0.125
0.135
0.236
0.189
0.253
0.112
0.202
0.149
0.166
0.194
0.170
0.180
0.098
0.088
0.244
0.179
0.106
0.180
0.181
0.113
0.175
0.198
0.102
0.140
0.129
0.267
0.318
0.223
0.095
0.105
0.163
0.113
0.178
0.142
0.150
0.130
0.175
0.202
0.097
0.211
0.199
0.250
0.263
0.122
0.277
0.102
0.201
0.147
0.087
0.111
0.134
0.212
0.142
0.191
0.134
0.206
0.186
0.231
0.212
0.192
0.167
0.144
0.085
0.253
0.094
0.187
0.218
0.106
0.148
0.227
0.250
0.145
0.105
0.273
0.266
0.135
0.099
0.229
0.187
0.127
0.177
0.268
0.193
0.240
0.143
0.123
0.229
0.265
0.136
0.176
0.140
0.107
0.200
0.219
0.183
0.169
0.180
0.262
0.169
0.241
0.134
0.207
0.268
0.200
0.097
0.100
0.180
0.200
0.228
0.106
0.211
0.079
0.146
0.165
0.131
0.081
0.211
0.123
0.209
0.220
0.129
0.219
0.135
0.100
0.261
0.161
0.229
0.159
0.136
0.110
0.116
0.112
0.097
0.217
0.138
0.218
0.176
0.192
0.134
0.138
0.135
0.098
0.215
0.163
0.140
0.144
0.198
0.185
0.129
0.106
0.158
0.191
0.108
0.214
0.203
0.149
0.130
0.154
0.097
0.245
0.115
0.124
0.177
0.099
0.077
0.268
0.148
0.149
0.099
0.209
0.130
0.105
0.195
0.270
0.255
0.201
0.202
0.160
0.138
0.207
0.103
0.173
0.116
0.251
0.098
0.285
0.125
0.122
0.194
0.204
0.099
0.111
0.130
0.178
0.122
0.273
0.256
0.105
0.139
0.072
0.154
0.088
0.234
0.190
0.101
0.158
0.152
0.191
0.174
0.166
0.144
0.190
0.165
0.149
0.236
0.216
0.174
0.189
0.167
0.101
0.190
0.105
0.096
0.167
0.144
0.253
0.196
0.167
0.197
0.141
0.141
0.100
0.110
0.144
0.163
0.119
0.125
0.278
0.266
0.164
0.253
0.136
0.217
0.178
0.235
0.183
0.186
0.109
0.152
0.175
0.229
0.238
0.215
0.234
0.260
0.176
0.190
0.245
0.216
0.183
0.164
0.129
0.245
0.202
0.166
0.130
0.175
0.167
0.103
0.149
0.129
0.124
0.163
0.125
0.185
0.214
0.160
0.294
0.217
0.199
0.099
0.109
0.100
0.128
0.247
0.108
0.246
0.249
0.211
0.115
0.109
0.210
0.192
0.259
0.234
0.188
0.188
0.114
0.249
0.174
0.203
0.122
0.105
0.238
0.138
0.201
0.132
0.231
0.102
0.233
0.226
0.123
0.193
0.222
0.231
0.212
0.154
0.156
0.126
0.165
0.142
0.098
0.250
0.119
0.159
0.181
0.222
0.191
0.269
0.123
0.123
0.134
0.134
0.115
0.122
0.183
0.290
0.217
0.184
0.184
0.180
0.196
0.137
0.113
0.234
0.252
0.234
0.125
0.166
0.255
0.199
0.237
0.095
0.101
0.187
0.190
0.108
0.259
0.135
0.217
0.214
0.170
0.116
0.169
0.115
0.194
0.153
0.228
0.247
0.195
0.192
0.145
0.198
0.212
0.144
0.174
0.100
0.116
0.214
0.235
0.189
0.181
0.076
0.023
0.206
0.167
0.129
0.128
0.147
0.030
0.100
0.116
0.184
0.200
0.188
0.124
0.163
0.255
0.127
0.218
0.209
0.113
0.137
0.095
0.232
0.101
0.104
0.211
0.188
0.115
0.099
0.276
0.258
0.264
0.218
0.117
0.241
0.094
0.244
0.152
0.107
0.193
0.136
0.169
0.093
0.220
0.079
0.140
0.187
0.249
0.170
0.124
0.229
0.256
0.135
0.208
0.180
0.115
0.232
0.176
0.150
0.250
0.181
0.193
0.110
0.124
0.186
0.250
0.103
0.175
0.115
0.161
0.114
0.161
0.104
0.201
0.218
0.109
0.161
0.225
0.157
0.153
0.044
0.211
0.097
0.205
0.223
0.213
0.265
0.192
0.161
0.134
0.135
0.092
0.197
0.151
0.100
0.264
0.265
0.144
0.240
0.114
0.236
0.122
0.285
0.228
0.208
0.129
0.129
0.192
0.129
0.152
0.149
0.103
0.153
0.231
0.082
0.175
0.165
0.226
0.148
0.125
0.146
0.095
0.118
0.135
0.113
0.194
0.100
0.189
0.164
0.243
0.161
0.125
0.190
0.076
0.164
0.105
0.174
0.162
0.114
0.167
0.180
0.174
0.194
0.208
0.109
0.173
0.093
0.168
0.166
0.241
0.217
0.300
0.197
0.128
0.117
0.135
0.243
0.166
0.186
0.169
0.108
0.205
0.107
0.190
0.250
0.153
0.251
0.243
0.152
0.258
0.165
0.222
0.115
0.212
0.123
0.139
0.169
0.171
0.311
0.263
0.100
0.207
0.167
0.195
0.196
0.180
0.169
0.120
0.157
0.233
0.150
0.027
0.135
0.256
0.237
0.133
0.266
0.185
0.208
0.190
0.173
0.110
0.245
0.242
0.310
0.266
0.139
0.100
0.123
0.164
0.101
0.114
0.101
0.118
0.163
0.140
0.275
0.130
0.118
0.117
0.212
0.139
0.179
0.143
0.189
0.239
0.119
0.224
0.137
0.279
0.106
0.240
0.136
0.169
0.210
0.135
0.120
0.125
0.231
0.116
0.229
0.213
0.135
0.137
0.207
0.111
0.088
0.253
0.098
0.220
0.224
0.139
0.087
0.260
0.208
0.206
0.102
0.161
0.149
0.094
0.261
0.238
0.221
0.192
0.099
0.223
0.199
0.230
0.227
0.244
0.108
0.188
0.189
0.115
0.104
0.178
0.142
0.110
0.200
0.205
0.249
0.174
0.148
0.248
0.201
0.121
0.223
0.154
0.111
0.079
0.178
0.282
0.135
0.251
0.144
0.115
0.196
0.103
0.251
0.116
0.286
0.271
0.246
0.246
0.109
0.165
0.180
0.247
0.188
0.227
0.151
0.121
0.114
0.214
0.115
0.253
0.286
0.223
0.098
0.094
0.203
0.148
0.105
0.137
0.205
0.147
0.261
0.132
0.099
0.110
0.239
0.213
0.112
0.128
0.220
0.190
0.149
0.206
0.118
0.112
0.188
0.151
0.158
0.119
0.115
0.093
0.139
0.176
0.181
0.166
0.146
0.107
0.188
0.192
0.211
0.219
0.195
0.112
0.120
0.154
0.177
0.083
0.263
0.237
0.184
0.184
0.172
0.206
0.242
0.152
0.263
0.203
0.141
0.202
0.141
0.105
0.091
0.087
0.099
0.097
0.274
0.123
0.132
0.118
0.253
0.107
0.143
0.127
0.179
0.147
0.212
0.205
0.220
0.108
0.178
0.190
0.098
0.086
0.159
0.164
0.242
0.107
0.220
0.188
0.206
0.144
0.195
0.193
0.127
0.131
0.107
0.267
0.085
0.137
0.163
0.151
0.182
0.165
0.207
0.266
0.185
0.124
0.237
0.187
0.206
0.186
0.105
0.103
0.247
0.102
0.166
0.282
0.235
0.106
0.178
0.193
0.248
0.169
0.192
0.231
0.201
0.212
0.130
0.181
0.240
0.109
0.187
0.212
0.180
0.154
0.101
0.105
0.226
0.272
0.274
0.195
0.253
0.097
0.122
0.118
0.170
0.156
0.154
0.134
0.118
0.105
0.308
0.260
0.101
0.166
0.150
0.258
0.096
0.116
0.027
0.168
0.156
0.100
0.288
0.213
0.265
0.188
0.155
0.145
0.122
0.210
0.143
0.150
0.182
0.116
0.140
0.219
0.114
0.098
0.125
0.163
0.073
0.184
0.237
0.187
0.217
0.112
0.183
0.156
0.123
0.202
0.151
0.224
0.172
0.122
0.133
0.188
0.157
0.131
0.249
0.177
0.123
0.216
0.148
0.196
0.122
0.158
0.238
0.242
0.111
0.116
0.205
0.147
0.150
0.193
0.134
0.118
0.118
0.110
0.112
0.091
0.205
0.199
0.125
0.207
0.113
0.126
0.229
0.213
0.164
0.132
0.239
0.134
0.113
0.182
0.164
0.153
0.117
0.117
0.263
0.163
0.121
0.216
0.173
0.212
0.234
0.205
0.155
0.253
0.205
0.149
0.097
0.256
0.097
0.095
0.101
0.162
0.200
0.135
0.220
0.153
0.295
0.097
0.103
0.200
0.265
0.172
0.140
0.139
0.191
0.113
0.278
0.226
0.174
0.222
0.185
0.105
0.201
0.130
0.254
0.099
0.123
0.236
0.192
0.266
0.153
0.166
0.122
0.178
0.168
0.104
0.207
0.109
0.227
0.208
0.179
0.098
0.033
0.240
0.221
0.123
0.088
0.177
0.120
0.110
0.200
0.132
0.092
0.158
0.218
0.203
0.232
0.170
0.134
0.147
0.158
0.154
0.244
0.179
0.135
0.253
0.256
0.204
0.164
0.162
0.091
0.155
0.239
0.115
0.027
0.197
0.111
0.197
0.232
0.241
0.172
0.159
0.240
0.203
0.175
0.210
0.129
0.171
0.111
0.181
0.192
0.185
0.196
0.154
0.097
0.178
0.233
0.143
0.147
0.125
0.132
0.194
0.174
0.174
0.173
0.170
0.187
0.088
0.162
0.236
0.119
0.114
0.218
0.108
0.131
0.168
0.227
0.121
0.174
0.147
0.150
0.211
0.233
0.107
0.170
0.132
0.119
0.145
0.223
0.120
0.169
0.108
0.137
0.191
0.252
0.120
0.151
0.157
0.130
0.160
0.114
0.165
0.256
0.099
0.108
0.206
0.136
0.231
0.199
0.189
0.247
0.122
0.134
0.207
0.113
0.148
0.157
0.105
0.121
0.178
0.146
0.188
0.153
0.187
0.157
0.168
0.128
0.188
0.103
0.255
0.251
0.222
0.157
0.187
0.161
0.205
0.116
0.131
0.248
0.113
0.188
0.313
0.025
0.167
0.217
0.131
0.279
0.168
0.237
0.210
0.107
0.159
0.173
0.191
0.244
0.134
0.179
0.227
0.254
0.152
0.214
0.188
0.115
0.216
0.116
0.113
0.102
0.120
0.123
0.149
0.168
0.195
0.181
0.214
0.235
0.182
0.182
0.187
0.195
0.193
0.156
0.155
0.094
0.217
0.225
0.120
0.162
0.255
0.185
0.205
0.186
0.229
0.166
0.171
0.195
0.209
0.122
0.179
0.215
0.209
0.264
0.146
0.216
0.188
0.223
0.221
0.098
0.175
0.187
0.030
0.094
0.220
0.167
0.170
0.199
0.122
0.186
0.184
0.090
0.117
0.201
0.167
0.200
0.110
0.215
0.188
0.211
0.225
0.154
0.169
0.191
0.224
0.125
0.099
0.158
0.110
0.223
0.187
0.204
0.214
0.246
0.122
0.125
0.116
0.184
0.093
0.106
0.153
0.222
0.182
0.123
0.163
0.146
0.156
0.143
0.134
0.142
0.192
0.151
0.213
0.111
0.181
0.166
0.122
0.183
0.099
0.202
0.191
0.165
0.166
0.144
0.273
0.217
0.146
0.205
0.136
0.164
0.200
0.022
0.204
0.158
0.166
0.209
0.139
0.135
0.168
0.227
0.207
0.120
0.106
0.097
0.131
0.240
0.130
0.161
0.183
0.094
0.132
0.168
0.108
0.204
0.097
0.184
0.152
0.128
0.114
0.206
0.131
0.296
0.091
0.128
0.181
0.203
0.190
0.206
0.265
0.206
0.163
0.202
0.149
0.150
0.198
0.270
0.102
0.227
0.190
0.208
0.214
0.182
0.174
0.023
0.220
0.155
0.128
0.094
0.220
0.153
0.217
0.087
0.201
0.132
0.149
0.234
0.158
0.183
0.251
0.163
0.148
0.190
0.188
0.106
0.120
0.231
0.095
0.148
0.149
0.140
0.113
0.134
0.124
0.086
0.109
0.230
0.188
0.224
0.216
0.220
0.166
0.269
0.278
0.160
0.212
0.123
0.238
0.098
0.094
0.316
0.138
0.223
0.189
0.111
0.123
0.148
0.217
0.096
0.260
0.138
0.182
0.114
0.110
0.172
0.195
0.116
0.169
0.243
0.093
0.169
0.221
0.136
0.143
0.168
0.241
0.236
0.147
0.194
0.101
0.149
0.277
0.219
0.128
0.093
0.140
0.176
0.125
0.160
0.098
0.185
0.131
0.164
0.113
0.237
0.130
0.128
0.270
0.221
0.179
0.180
0.125
0.170
0.152
0.097
0.087
0.153
0.088
0.148
0.280
0.134
0.159
0.225
0.139
0.189
0.268
0.227
0.232
0.090
0.133
0.243
0.107
0.130
0.217
0.111
0.178
0.189
0.227
0.233
0.198
0.250
0.107
0.263
0.160
0.099
0.198
0.182
0.214
0.141
0.206
0.171
0.163
0.113
0.185
0.100
0.125
0.144
0.180
0.208
0.113
0.113
0.145
0.210
0.112
0.154
0.223
0.089
0.227
0.181
0.173
0.156
0.109
0.276
0.306
0.146
0.110
0.180
0.192
0.292
0.184
0.203
0.144
0.121
0.145
0.239
0.183
0.099
0.157
0.087
0.194
0.185
0.186
0.193
0.260
0.160
0.225
0.277
0.187
0.179
0.111
0.223
0.189
0.121
0.158
0.204
0.127
0.202
0.182
0.098
0.169
0.150
0.211
0.110
0.191
0.208
0.126
0.197
0.094
0.202
0.205
0.127
0.119
0.152
0.091
0.130
0.165
0.186
0.184
0.129
0.132
0.218
0.093
0.133
0.246
0.143
0.215
0.251
0.190
0.257
0.135
0.287
0.174
0.107
0.100
0.187
0.204
0.081
0.243
0.136
0.191
0.222
0.113
0.179
0.213
0.099
0.269
0.162
0.099
0.159
0.230
0.145
0.117
0.250
0.147
0.227
0.255
0.130
0.254
0.172
0.178
0.089
0.246
0.223
0.108
0.146
0.185
0.205
0.104
0.180
0.227
0.104
0.166
0.142
0.121
0.150
0.110
0.181
0.158
0.171
0.122
0.117
0.125
0.122
0.148
0.120
0.155
0.155
0.115
0.138
0.113
0.103
0.117
0.222
0.142
0.083
0.133
0.241
0.230
0.144
0.202
0.195
0.189
0.223
0.143
0.126
0.102
0.163
0.189
0.120
0.146
0.092
0.123
0.330
0.207
0.161
0.122
0.157
0.114
0.176
0.134
0.216
0.198
0.262
0.090
0.171
0.162
0.165
0.099
0.170
0.263
0.276
0.150
0.210
0.262
0.124
0.107
0.132
0.162
0.210
0.120
0.106
0.188
0.162
0.175
0.161
0.154
0.090
0.236
0.203
0.099
0.217
0.235
0.177
0.081
0.148
0.112
0.186
0.179
0.070
0.221
0.169
0.097
0.143
0.127
0.122
0.201
0.263
0.214
0.235
0.085
0.230
0.242
0.190
0.242
0.194
0.166
0.170
0.182
0.261
0.179
0.261
0.247
0.138
0.200
0.125
0.164
0.095
0.181
0.147
0.249
0.147
0.283
0.104
0.154
0.109
0.095
0.167
0.269
0.101
0.235
0.171
0.181
0.084
0.200
0.101
0.148
0.187
0.202
0.129
0.123
0.214
0.142
0.112
0.121
0.187
0.163
0.266
0.229
0.141
0.115
0.195
0.237
0.122
0.315
0.184
0.230
0.126
0.120
0.162
0.164
0.223
0.181
0.099
0.211
0.213
0.219
0.228
0.145
0.154
0.240
0.232
0.231
0.221
0.119
0.202
0.113
0.242
0.034
0.185
0.082
0.247
0.202
0.171
0.144
0.090
0.189
0.159
0.155
0.159
0.134
0.108
0.286
0.175
0.196
0.208
0.126
0.179
0.248
0.145
0.149
0.103
0.081
0.184
0.145
0.107
0.231
0.125
0.198
0.111
0.169
0.205
0.146
0.181
0.157
0.132
0.220
0.111
0.182
0.292
0.133
0.261
0.091
0.182
0.237
0.094
0.164
0.116
0.146
0.226
0.162
0.135
0.122
0.206
0.210
0.171
0.127
0.120
0.143
0.210
0.225
0.258
0.215
0.190
0.270
0.139
0.162
0.131
0.186
0.101
0.111
0.198
0.174
0.121
0.110
0.183
0.154
0.250
0.114
0.118
0.157
0.131
0.167
0.165
0.231
0.177
0.182
0.144
0.228
0.205
0.123
0.171
0.101
0.182
0.098
0.227
0.118
0.177
0.102
0.200
0.222
0.212
0.127
0.181
0.129
0.101
0.168
0.161
0.249
0.147
0.159
0.142
0.248
0.099
0.237
0.233
0.143
0.145
0.104
0.146
0.101
0.241
0.184
0.077
0.159
0.178
0.205
0.179
0.212
0.189
0.136
0.111
0.177
0.206
0.285
0.268
0.091
0.198
0.170
0.247
0.225
0.129
0.136
0.126
0.154
0.131
0.101
0.122
0.094
0.246
0.191
0.192
0.210
0.162
0.187
0.165
0.108
0.214
0.130
0.126
0.220
0.231
0.233
0.171
0.182
0.157
0.160
0.183
0.294
0.130
0.125
0.208
0.217
0.200
0.141
0.180
0.170
0.153
0.136
0.217
0.137
0.127
0.029
0.111
0.132
0.298
0.247
0.104
0.165
0.213
0.164
0.202
0.126
0.114
0.265
0.192
0.110
0.120
0.203
0.105
0.144
0.216
0.188
0.168
0.156
0.220
0.284
0.104
0.256
0.216
0.180
0.267
0.098
0.218
0.171
0.114
0.212
0.230
0.227
0.127
0.214
0.179
0.164
0.148
0.264
0.247
0.126
0.119
0.118
0.236
0.170
0.189
0.102
0.228
0.227
0.133
0.160
0.133
0.256
0.243
0.101
0.227
0.227
0.152
0.215
0.120
0.130
0.221
0.182
0.237
0.116
0.154
0.211
0.271
0.232
0.204
0.133
0.027
0.106
0.165
0.027
0.255
0.143
0.120
0.172
0.096
0.178
0.245
0.148
0.168
0.159
0.216
0.189
0.104
0.192
0.191
0.094
0.196
0.281
0.182
0.089
0.252
0.211
0.148
0.178
0.176
0.126
0.115
0.215
0.103
0.115
0.244
0.238
0.266
0.118
0.231
0.215
0.213
0.173
0.071
0.297
0.263
0.160
0.096
0.172
0.169
0.126
0.171
0.096
0.272
0.149
0.090
0.247
0.186
0.192
0.102
0.162
0.212
0.199
0.200
0.072
0.113
0.218
0.102
0.199
0.190
0.240
0.184
0.210
0.082
0.153
0.119
0.194
0.106
0.216
0.096
0.115
0.135
0.111
0.124
0.094
0.255
0.230
0.220
0.157
0.170
0.129
0.120
0.144
0.119
0.214
0.257
0.118
0.105
0.131
0.171
0.160
0.109
0.103
0.123
0.111
0.179
0.242
0.210
0.210
0.080
0.274
0.171
0.156
0.112
0.112
0.251
0.178
0.076
0.115
0.105
0.148
0.194
0.141
0.155
0.137
0.197
0.091
0.094
0.203
0.110
0.139
0.169
0.105
0.087
0.268
0.155
0.201
0.115
0.179
0.260
0.179
0.105
0.207
0.022
0.104
0.166
0.207
0.121
0.231
0.169
0.232
0.182
0.156
0.103
0.259
0.239
0.233
0.110
0.159
0.180
0.148
0.132
0.203
0.236
0.135
0.107
0.192
0.181
0.149
0.265
0.099
0.104
0.126
0.122
0.143
0.130
0.227
0.085
0.195
0.067
0.216
0.116
0.084
0.124
0.117
0.180
0.139
0.182
0.121
0.183
0.208
0.223
0.181
0.220
0.181
0.083
0.194
0.114
0.128
0.260
0.203
0.193
0.169
0.141
0.168
0.127
0.232
0.116
0.093
0.216
0.206
0.142
0.173
0.137
0.183
0.275
0.149
0.161
0.166
0.158
0.196
0.148
0.146
0.153
0.268
0.224
0.127
0.226
0.247
0.085
0.092
0.236
0.134
0.156
0.193
0.244
0.233
0.229
0.227
0.128
0.228
0.215
0.173
0.125
0.240
0.148
0.088
0.250
0.120
0.018
0.116
0.164
0.117
0.190
0.205
0.113
0.155
0.191
0.147
0.208
0.222
0.152
0.239
0.179
0.147
0.202
0.101
0.120
0.220
0.218
0.164
0.203
0.105
0.308
0.145
0.101
0.113
0.308
0.110
0.205
0.226
0.118
0.128
0.247
0.241
0.174
0.174
0.174
0.246
0.101
0.123
0.241
0.245
0.109
0.239
0.170
0.133
0.158
0.116
0.241
0.170
0.128
0.155
0.162
0.093
0.280
0.124
0.242
0.190
0.129
0.272
0.137
0.239
0.187
0.106
0.119
0.273
0.198
0.206
0.122
0.117
0.248
0.279
0.105
0.214
0.113
0.123
0.018
0.247
0.164
0.252
0.091
0.192
0.167
0.121
0.142
0.163
0.132
0.093
0.123
0.116
0.104
0.205
0.107
0.204
0.214
0.154
0.205
0.183
0.116
0.109
0.128
0.099
0.120
0.214
0.179
0.112
0.191
0.172
0.141
0.155
0.099
0.217
0.116
0.203
0.259
0.246
0.217
0.154
0.119
0.144
0.176
0.224
0.184
0.193
0.147
0.199
0.142
0.024
0.213
0.185
0.126
0.113
0.203
0.222
0.269
0.251
0.139
0.175
0.254
0.192
0.130
0.302
0.227
0.102
0.239
0.087
0.091
0.142
0.161
0.210
0.103
0.189
0.181
0.160
0.207
0.223
0.160
0.230
0.188
0.114
0.161
0.216
0.231
0.218
0.153
0.144
0.160
0.157
0.262
0.088
0.265
0.275
0.213
0.246
0.129
0.202
0.117
0.118
0.153
0.172
0.192
0.174
0.218
0.234
0.164
0.175
0.233
0.115
0.124
0.150
0.173
0.106
0.196
0.172
0.234
0.214
0.211
0.097
0.138
0.125
0.262
0.244
0.166
0.178
0.240
0.202
0.265
0.178
0.179
0.163
0.034
0.094
0.176
0.220
0.138
0.104
0.148
0.107
0.197
0.127
0.177
0.147
0.154
0.231
0.096
0.271
0.217
0.073
0.136
0.105
0.189
0.094
0.217
0.194
0.188
0.187
0.132
0.206
0.101
0.207
0.191
0.300
0.109
0.135
0.125
0.209
0.134
0.093
0.109
0.267
0.225
0.133
0.217
0.023
0.174
0.208
0.164
0.166
0.145
0.207
0.108
0.271
0.189
0.212
0.140
0.138
0.166
0.265
0.117
0.175
0.182
0.225
0.121
0.188
0.165
0.117
0.243
0.113
0.128
0.224
0.217
0.078
0.205
0.128
0.119
0.156
0.194
0.121
0.112
0.184
0.143
0.230
0.140
0.187
0.164
0.197
0.109
0.100
0.170
0.161
0.257
0.166
0.152
0.140
0.183
0.199
0.156
0.205
0.163
0.183
0.194
0.218
0.209
0.185
0.164
0.113
0.181
0.085
0.114
0.278
0.128
0.144
0.137
0.245
0.199
0.122
0.160
0.251
0.209
0.219
0.197
0.246
0.156
0.173
0.174
0.166
0.104
0.168
0.121
0.196
0.147
0.214
0.216
0.127
0.144
0.143
0.213
0.182
0.217
0.249
0.128
0.270
0.170
0.149
0.282
0.111
0.169
0.232
0.110
0.111
0.163
0.210
0.164
0.135
0.194
0.196
0.166
0.148
0.182
0.109
0.184
0.237
0.196
0.143
0.124
0.127
0.108
0.234
0.217
0.157
0.103
0.110
0.240
0.191
0.124
0.206
0.228
0.107
0.125
0.131
0.210
0.222
0.192
0.098
0.173
0.213
0.168
0.184
0.159
0.182
0.162
0.203
0.269
0.179
0.054
0.090
0.106
0.241
0.123
0.278
0.182
0.143
0.113
0.159
0.229
0.155
0.221
0.127
0.154
0.238
0.212
0.116
0.177
0.193
0.257
0.202
0.181
0.209
0.133
0.218
0.192
0.131
0.241
0.092
0.242
0.197
0.177
0.156
0.178
0.210
0.198
0.209
0.127
0.167
0.166
0.105
0.157
0.166
0.165
0.249
0.152
0.176
0.183
0.096
0.122
0.135
0.193
0.103
0.195
0.137
0.169
0.203
0.130
0.232
0.194
0.137
0.145
0.188
0.127
0.224
0.207
0.116
0.179
0.114
0.244
0.080
0.148
0.119
0.225
0.151
0.142
0.129
0.164
0.202
0.097
0.147
0.200
0.238
0.167
0.185
0.130
0.220
0.173
0.211
0.176
0.131
0.159
0.128
0.218
0.267
0.211
0.185
0.136
0.130
0.194
0.147
0.176
0.144
0.265
0.090
0.117
0.133
0.128
0.132
0.158
0.164
0.198
0.288
0.134
0.215
0.198
0.246
0.176
0.106
0.159
0.196
0.164
0.143
0.157
0.219
0.266
0.200
0.249
0.203
0.175
0.135
0.187
0.106
0.139
0.109
0.168
0.168
0.190
0.192
0.269
0.186
0.212
0.118
0.165
0.222
0.205
0.121
0.192
0.153
0.123
0.109
0.210
0.170
0.180
0.136
0.207
0.107
0.224
0.228
0.213
0.033
0.192
0.132
0.282
0.164
0.166
0.158
0.108
0.172
0.110
0.191
0.114
0.174
0.116
0.268
0.228
0.239
0.177
0.096
0.132
0.156
0.106
0.207
0.194
0.164
0.147
0.195
0.162
0.178
0.085
0.183
0.196
0.199
0.190
0.204
0.151
0.192
0.130
0.157
0.151
0.126
0.196
0.253
0.199
0.139
0.161
0.244
0.152
0.183
0.249
0.116
0.144
0.270
0.127
0.121
0.167
0.251
0.160
0.225
0.113
0.189
0.274
0.184
0.105
0.184
0.088
0.124
0.123
0.236
0.199
0.213
0.181
0.102
0.090
0.253
0.249
0.218
0.221
0.139
0.088
0.209
0.118
0.187
0.093
0.177
0.185
0.194
0.243
0.119
0.244
0.189
0.143
0.237
0.129
0.036
0.131
0.257
0.134
0.254
0.097
0.145
0.143
0.261
0.124
0.234
0.180
0.135
0.147
0.141
0.226
0.170
0.107
0.138
0.118
0.122
0.173
0.181
0.128
0.153
0.212
0.151
0.148
0.097
0.066
0.161
0.237
0.096
0.152
0.143
0.134
0.234
0.150
0.176
0.138
0.181
0.225
0.179
0.258
0.151
0.125
0.124
0.128
0.171
0.165
0.209
0.162
0.152
0.129
0.248
0.141
0.180
0.163
0.128
0.241
0.165
0.114
0.131
0.150
0.027
0.089
0.098
0.164
0.199
0.272
0.170
0.287
0.223
0.226
0.172
0.193
0.225
0.158
0.168
0.156
0.138
0.114
0.175
0.100
0.182
0.268
0.177
0.176
0.181
0.240
0.132
0.181
0.178
0.211
0.197
0.240
0.140
0.144
0.213
0.248
0.137
0.160
0.198
0.215
0.127
0.155
0.246
0.223
0.236
0.126
0.253
0.134
0.213
0.206
0.201
0.192
0.250
0.082
0.215
0.132
0.159
0.199
0.119
0.159
0.231
0.233
0.174
0.211
0.139
0.254
0.174
0.194
0.115
0.245
0.239
0.147
0.215
0.146
0.101
0.125
0.248
0.257
0.178
0.196
0.196
0.243
0.200
0.177
0.224
0.183
0.124
0.166
0.180
0.022
0.089
0.269
0.074
0.183
0.106
0.207
0.120
0.198
0.121
0.288
0.152
0.179
0.215
0.153
0.093
0.143
0.170
0.239
0.185
0.182
0.183
0.195
0.215
0.108
0.140
0.117
0.114
0.204
0.155
0.109
0.281
0.282
0.213
0.152
0.247
0.274
0.156
0.149
0.144
0.127
0.278
0.189
0.180
0.224
0.252
0.138
0.185
0.108
0.153
0.096
0.049
0.144
0.156
0.139
0.164
0.109
0.277
0.138
0.171
0.271
0.149
0.165
0.222
0.199
0.186
0.142
0.248
0.186
0.196
0.118
0.109
0.109
0.107
0.133
0.248
0.240
0.149
0.235
0.199
0.111
0.225
0.218
0.090
0.105
0.161
0.104
0.022
0.177
0.123
0.152
0.184
0.161
0.277
0.217
0.136
0.160
0.145
0.078
0.234
0.250
0.146
0.148
0.121
0.222
0.190
0.107
0.232
0.182
0.180
0.135
0.171
0.208
0.147
0.278
0.199
0.180
0.176
0.237
0.160
0.129
0.184
0.217
0.246
0.096
0.119
0.110
0.203
0.186
0.154
0.168
0.109
0.167
0.213
0.132
0.155
0.126
0.102
0.170
0.268
0.223
1.095
0.183
0.154
0.220
0.100
0.027
0.152
0.147
0.202
0.221
0.104
0.198
0.134
0.180
0.269
0.239
0.237
0.159
0.174
0.107
0.133
0.096
0.297
0.236
0.123
0.146
0.109
0.160
0.186
0.118
0.236
0.151
0.186
0.270
0.186
0.211
0.169
0.258
0.116
0.232
0.085
0.209
0.277
0.197
0.132
0.203
0.112
0.095
0.255
0.174
0.194
0.229
0.127
0.125
0.150
0.100
0.181
0.148
0.220
0.147
0.214
1.342
0.190
0.262
0.237
0.239
0.135
0.178
0.116
0.206
0.144
0.094
0.218
0.201
0.185
0.250
0.218
