0.080
0.171
0.198
0.233
0.189
0.115
0.215
0.152
0.254
0.066
0.231
0.111
0.218
0.179
0.215
0.109
0.166
0.155
0.163
0.160
0.158
0.239
0.235
0.251
0.124
0.254
0.194
0.213
0.188
0.106
0.156
0.137
0.166
0.210
0.119
0.188
0.187
0.217
0.112
0.225
0.125
0.185
0.172
0.134
0.218
0.107
0.159
0.104
0.188
0.100
0.127
0.173
0.152
0.163
0.194
0.249
0.082
0.110
0.114
0.219
0.253
0.138
0.151
0.164
0.244
0.085
0.175
0.163
0.119
0.097
0.119
0.167
0.130
0.169
0.177
0.186
0.150
0.133
0.201
0.204
0.186
0.029
0.110
0.145
0.201
0.224
0.225
0.100
0.220
0.239
0.121
0.117
0.219
0.139
0.124
0.284
0.246
0.100
0.185
0.089
0.195
0.233
0.178
0.234
0.162
0.260
0.166
0.143
0.275
0.253
0.219
0.152
0.253
0.165
0.134
0.128
0.204
0.122
0.193
0.142
0.193
0.094
0.147
0.201
0.234
0.194
0.100
0.195
0.201
0.134
0.124
0.119
0.100
0.167
0.085
0.199
0.212
0.152
0.113
0.115
0.096
0.127
0.182
0.237
0.185
0.233
0.104
0.244
0.323
0.223
0.164
0.251
0.132
0.082
0.178
0.026
0.124
0.225
0.246
0.132
0.183
0.262
0.119
0.150
0.278
0.156
0.206
0.091
0.099
0.110
0.110
0.112
0.098
0.261
0.118
0.136
0.109
0.259
0.255
0.134
0.112
0.228
0.089
0.135
0.022
0.145
0.124
0.163
0.240
0.186
0.187
0.204
0.206
0.179
0.093
0.208
0.260
0.186
0.195
0.148
0.165
0.137
0.128
0.229
0.269
0.193
0.157
0.135
0.138
0.167
0.137
0.109
0.144
0.142
0.202
0.218
0.179
0.178
0.093
0.186
0.082
0.183
0.175
0.156
0.019
0.098
0.193
0.130
0.188
0.160
0.140
0.120
0.218
0.199
0.100
0.200
0.282
0.166
0.119
0.243
0.166
0.118
0.194
0.186
0.113
0.150
0.183
0.160
0.032
0.241
0.178
0.204
0.250
0.281
0.151
0.201
0.269
0.295
0.205
0.109
0.181
0.184
0.230
0.205
0.139
0.164
0.154
0.159
0.162
0.265
0.257
0.248
0.165
0.113
0.155
0.104
0.121
0.103
0.121
0.210
0.189
0.100
0.183
0.198
0.105
0.148
0.260
0.204
0.127
0.138
0.161
0.253
0.215
0.252
0.242
0.182
0.127
0.228
0.159
0.198
0.117
0.219
0.119
0.133
0.108
0.134
0.119
0.216
0.132
0.235
0.115
0.180
0.131
0.122
0.147
0.152
0.251
0.143
0.229
0.143
0.193
0.128
0.218
0.227
0.151
0.097
0.100
0.134
0.236
0.195
0.159
0.100
0.125
0.196
0.239
0.130
0.137
0.210
0.212
0.232
0.183
0.175
0.097
0.105
0.256
0.097
0.156
0.109
0.255
0.185
0.166
0.193
0.217
0.089
0.174
0.207
0.192
0.202
0.092
0.232
0.233
0.196
0.117
0.151
0.235
0.176
0.109
0.106
0.113
0.228
0.127
0.209
0.229
0.138
0.194
0.177
0.232
0.168
0.224
0.222
0.207
0.120
0.229
0.216
0.194
0.146
0.256
0.165
0.208
0.154
0.201
0.184
0.237
0.204
0.212
0.219
0.133
0.172
0.206
0.183
0.026
0.122
0.116
0.128
0.095
0.164
0.132
0.165
0.135
0.155
0.161
0.192
0.191
0.139
0.128
0.224
0.128
0.126
0.248
0.188
0.232
0.234
0.115
0.274
0.136
0.170
0.083
0.125
0.028
0.100
0.174
0.206
0.161
0.194
0.126
0.188
0.266
0.196
0.195
0.240
0.231
0.177
0.168
0.098
0.109
0.263
0.215
0.153
0.228
0.136
0.206
0.167
0.120
0.178
0.238
0.180
0.122
0.159
0.180
0.214
0.172
0.206
0.224
0.165
0.098
0.219
0.197
0.245
0.169
0.238
0.296
0.186
0.112
0.120
0.156
0.252
0.116
0.225
0.223
0.164
0.238
0.105
0.150
0.212
0.288
0.194
0.220
0.110
0.178
0.204
0.177
0.130
0.081
0.081
0.171
0.122
0.155
0.133
0.188
0.236
0.111
0.183
0.084
0.193
0.266
0.137
0.139
0.079
0.134
0.155
0.107
0.197
0.207
0.113
0.029
0.192
0.104
0.151
0.198
0.143
0.143
0.117
0.143
0.193
0.274
0.146
0.184
0.116
0.116
0.264
0.236
0.188
0.127
0.166
0.260
0.172
0.128
0.139
0.216
0.120
0.123
0.137
0.101
0.135
0.177
0.189
0.195
0.157
0.101
0.122
0.181
0.206
0.111
0.109
0.024
0.106
0.251
0.199
0.191
0.140
0.164
0.173
0.142
0.210
0.228
0.197
0.197
0.150
0.181
0.085
0.209
0.192
0.214
0.181
0.111
0.172
0.131
0.143
0.239
0.169
0.088
0.161
0.203
0.222
0.160
0.208
0.150
0.155
0.123
0.250
0.174
0.203
0.114
0.138
0.169
0.131
0.188
0.232
0.146
0.130
0.254
0.119
0.150
0.132
0.163
0.227
0.120
0.221
0.090
0.157
0.120
0.126
0.260
0.205
0.129
0.183
0.262
0.092
0.111
0.085
0.216
0.213
0.154
0.169
0.087
0.154
0.116
0.156
0.156
0.171
0.183
0.137
0.125
0.129
0.216
0.096
0.172
0.261
0.125
0.140
0.220
0.243
0.105
0.145
0.212
0.202
0.149
0.122
0.258
0.174
0.198
0.100
0.216
0.250
0.205
0.210
0.197
0.231
0.232
0.143
0.198
0.093
0.153
0.252
0.111
0.206
0.250
0.118
0.208
0.170
0.117
0.169
0.184
0.120
0.146
0.230
0.144
0.098
0.121
0.133
0.079
0.042
0.224
0.146
0.216
0.173
0.114
0.094
0.183
0.127
0.189
0.213
0.223
0.109
0.233
0.185
0.139
0.132
0.187
0.224
0.135
0.237
0.194
0.113
0.194
0.110
0.223
0.195
0.241
0.191
0.143
0.151
0.263
0.122
0.130
0.161
0.147
0.152
0.175
0.218
0.103
0.102
0.204
0.221
0.125
0.143
0.251
0.195
0.261
0.113
0.138
0.230
0.117
0.125
0.164
0.107
0.211
0.182
0.093
0.168
0.226
0.124
0.191
0.138
0.119
0.233
0.102
0.213
0.204
0.179
0.185
0.242
0.184
0.163
0.184
0.188
0.105
0.164
0.135
0.145
0.209
0.191
0.242
0.123
0.113
0.199
0.104
0.154
0.123
0.106
0.199
0.112
0.088
0.113
0.148
0.203
0.219
0.162
0.169
0.090
0.151
0.195
0.123
0.198
0.190
0.114
0.126
0.247
0.121
0.148
0.151
0.217
0.202
0.199
0.152
0.216
0.124
0.163
0.169
0.211
0.151
0.123
0.183
0.202
0.167
0.185
0.242
0.141
0.211
0.164
0.152
0.210
0.196
0.195
0.180
0.120
0.174
0.216
0.217
0.163
0.223
0.158
0.215
0.174
0.210
0.155
0.264
0.194
0.162
0.229
0.184
0.141
0.207
0.270
0.162
0.211
0.165
0.251
0.233
0.170
0.160
0.183
0.157
0.254
0.152
0.218
0.093
0.198
0.099
0.099
0.082
0.208
0.131
0.100
0.102
0.135
0.133
0.133
0.102
0.113
0.275
0.208
0.250
0.287
0.194
0.226
0.187
0.110
0.106
0.115
0.209
0.112
0.209
0.124
0.153
0.121
0.174
0.125
0.205
0.172
0.102
0.197
0.249
0.175
0.204
0.222
0.174
0.232
0.118
0.163
0.255
0.167
0.210
0.123
0.175
0.290
0.259
0.227
0.150
0.213
0.225
0.089
0.153
0.236
0.100
0.229
0.099
0.125
0.196
0.183
0.257
0.182
0.222
0.215
0.154
0.120
0.126
0.158
0.114
0.202
0.122
0.185
0.147
0.099
0.117
0.249
0.143
0.169
0.151
0.111
0.203
0.191
0.227
0.180
0.121
0.113
0.116
0.105
0.213
0.112
0.193
0.206
0.225
0.113
0.123
0.175
0.158
0.187
0.205
0.191
0.292
0.113
0.169
0.132
0.163
0.178
0.236
0.092
0.240
0.181
0.108
0.129
0.169
0.177
0.116
0.211
0.194
0.184
0.263
0.126
0.165
0.188
0.254
0.218
0.172
0.189
0.167
0.274
0.213
0.251
0.158
0.155
0.235
0.169
0.161
0.154
0.198
0.143
0.075
0.208
0.196
0.130
0.165
0.224
0.207
0.207
0.166
0.093
0.169
0.149
0.147
0.114
0.179
0.183
0.167
0.166
0.257
0.193
0.180
0.108
0.102
0.186
0.207
0.132
0.195
0.177
0.144
0.251
0.153
0.140
0.230
0.218
0.098
0.173
0.119
0.298
0.078
0.127
0.192
0.146
0.142
0.092
0.173
0.164
0.122
0.128
0.154
0.124
0.114
0.139
0.100
0.192
0.167
0.200
0.122
0.226
0.181
0.122
0.227
0.219
0.101
0.153
0.286
0.153
0.112
0.101
0.247
0.216
0.182
0.082
0.236
0.289
0.212
0.153
0.123
0.240
0.227
0.241
0.077
0.179
0.196
0.125
0.231
0.104
0.204
0.209
0.280
0.223
0.149
0.123
0.191
0.210
0.104
0.099
0.171
0.126
0.200
0.082
0.088
0.111
0.273
0.099
0.190
0.108
0.155
0.223
0.209
0.262
0.178
0.212
0.122
0.193
0.262
0.143
0.246
0.201
0.085
0.176
0.199
0.255
0.102
0.156
0.180
0.176
0.294
0.248
0.201
0.146
0.228
0.100
0.099
0.231
0.191
0.178
0.246
0.226
0.121
0.265
0.096
0.160
0.191
0.184
0.196
0.115
0.101
0.196
0.161
0.186
0.225
0.183
0.104
0.114
0.259
0.178
0.117
0.213
0.181
0.174
0.130
0.109
0.093
0.199
0.206
0.081
0.094
0.229
0.138
0.121
0.154
0.161
0.237
0.184
0.182
0.183
0.167
0.174
0.126
0.306
0.117
0.208
0.160
0.125
0.129
0.192
0.256
0.169
0.197
0.166
0.207
0.163
0.095
0.193
0.178
0.171
0.145
0.114
0.139
0.167
0.248
0.265
0.133
0.150
0.120
0.185
0.232
0.110
0.171
0.206
0.199
0.273
0.180
0.133
0.085
0.106
0.189
0.123
0.179
0.115
0.244
0.130
0.105
0.167
0.236
0.202
0.167
0.235
0.155
0.153
0.250
0.184
0.188
0.246
0.247
0.206
0.162
0.216
0.103
0.176
0.105
0.276
0.210
0.170
0.204
0.193
0.092
0.273
0.150
0.170
0.131
0.189
0.196
0.172
0.217
0.226
0.108
0.164
0.223
0.226
0.208
0.119
0.134
0.161
0.214
0.164
0.106
0.239
0.112
0.120
0.099
0.110
0.188
0.220
0.213
0.164
0.123
0.224
0.131
0.105
0.172
0.178
0.213
0.220
0.080
0.191
0.122
0.132
0.240
0.199
0.170
0.283
0.155
0.172
0.146
0.160
0.121
0.116
0.179
0.143
0.126
0.104
0.247
0.210
0.202
0.166
0.105
0.018
0.253
0.228
0.254
0.093
0.220
0.237
0.149
0.159
0.181
0.303
0.111
0.122
0.176
0.233
0.133
0.231
0.099
0.223
0.114
0.115
0.131
0.289
0.157
0.187
0.186
0.139
0.253
0.096
0.170
0.180
0.087
0.158
0.181
0.116
0.130
0.200
0.258
0.177
0.169
0.208
0.129
0.230
0.163
0.129
0.216
0.198
0.109
0.101
0.084
0.116
0.137
0.190
0.126
0.113
0.196
0.160
0.169
0.077
0.185
0.115
0.113
0.140
0.115
0.153
0.075
0.240
0.090
0.211
0.109
0.177
0.184
0.217
0.187
0.228
0.112
0.120
0.209
0.120
0.248
0.209
0.119
0.180
0.214
0.257
0.165
0.145
0.113
0.182
0.134
0.207
0.123
0.121
0.146
0.183
0.158
0.195
0.251
0.147
0.106
0.116
0.128
0.124
0.115
0.207
0.136
0.110
0.117
0.169
0.161
0.123
0.162
0.102
0.282
0.145
0.178
0.080
0.217
0.134
0.089
0.156
0.150
0.188
0.070
0.180
0.087
0.241
0.143
0.131
0.215
0.106
0.223
0.153
0.104
0.198
0.219
0.179
0.135
0.226
0.170
0.111
0.166
0.135
0.151
0.147
0.197
0.104
0.103
0.170
0.172
0.185
0.198
0.251
0.183
0.096
0.082
0.193
0.159
0.230
0.125
0.161
0.215
0.094
0.181
0.109
0.094
0.099
0.216
0.085
0.195
0.122
0.146
0.143
0.135
0.147
0.128
0.280
0.107
0.122
0.102
0.136
0.207
0.337
0.151
0.244
0.246
0.114
0.151
0.214
0.190
0.187
0.073
0.164
0.134
0.252
0.116
0.171
0.103
0.131
0.155
0.194
0.103
0.244
0.310
0.166
0.100
0.217
0.180
0.114
0.180
0.119
0.096
0.146
0.166
0.170
0.187
0.224
0.109
0.179
0.185
0.181
0.210
0.234
0.079
0.233
0.255
0.134
0.204
0.128
0.206
0.192
0.203
0.107
0.211
0.169
0.111
0.291
0.187
0.221
0.188
0.148
0.239
0.069
0.201
0.146
0.245
0.197
0.158
0.101
0.130
0.098
0.176
0.141
0.151
0.119
0.109
0.235
0.105
0.257
0.242
0.201
0.160
0.174
0.143
0.293
0.254
0.194
0.183
0.216
0.205
0.172
0.209
0.279
0.102
0.152
0.148
0.145
0.284
0.090
0.107
0.190
0.241
0.166
0.216
0.222
0.196
0.138
0.207
0.208
0.258
0.091
0.212
0.086
0.113
0.173
0.215
0.212
0.107
0.233
0.115
0.104
0.225
0.103
0.171
0.190
0.161
0.145
0.206
0.148
0.209
0.126
0.153
0.172
0.254
0.086
0.162
0.197
0.104
0.153
0.103
0.234
0.168
0.237
0.108
0.203
0.203
0.185
0.201
0.206
0.108
0.193
0.152
0.265
0.178
0.243
0.223
0.251
0.128
0.209
0.219
0.223
0.103
0.170
0.129
0.139
0.199
0.118
0.212
0.171
0.179
0.227
0.104
0.126
0.134
0.173
0.106
0.185
0.189
0.133
0.121
0.171
0.134
0.102
0.114
0.214
0.099
0.180
0.152
0.218
0.169
0.216
0.210
0.146
0.244
0.271
0.167
0.167
0.155
0.199
0.185
0.096
0.099
0.226
0.110
0.183
0.148
0.106
0.146
0.108
0.133
0.099
0.218
0.191
0.119
0.128
0.180
0.123
0.095
0.178
0.115
0.211
0.093
0.125
0.201
0.214
0.146
0.200
0.144
0.195
0.225
0.204
0.241
0.188
0.030
0.124
0.203
0.209
0.210
0.113
0.180
0.150
0.179
0.089
0.217
0.267
0.225
0.194
0.280
0.242
0.172
0.170
0.115
0.182
0.159
0.190
0.271
0.270
0.235
0.225
0.181
0.226
0.119
0.188
0.109
0.098
0.132
0.134
0.255
0.105
0.182
0.159
0.172
0.142
0.138
0.207
0.212
0.255
0.177
0.101
0.116
0.125
0.133
0.118
0.135
0.135
0.141
0.199
0.189
0.129
0.172
0.245
0.174
0.249
0.238
0.129
0.228
0.107
0.124
0.112
0.188
0.147
0.119
0.214
0.198
0.253
0.102
0.116
0.121
0.104
0.187
0.126
0.152
0.200
0.102
0.180
0.227
0.188
0.172
0.298
0.100
0.138
0.091
0.219
0.160
0.184
0.107
0.093
0.200
0.170
0.168
0.086
0.140
0.235
0.228
0.117
0.206
0.267
0.215
0.136
0.304
0.110
0.185
0.121
0.145
0.110
0.216
0.142
0.209
0.201
0.106
0.128
0.216
0.157
0.114
0.225
0.149
0.206
0.177
0.186
0.143
0.234
0.193
0.118
0.100
0.112
0.195
0.185
0.274
0.244
0.227
0.198
0.238
0.214
0.131
0.160
0.197
0.169
0.132
0.220
0.191
0.299
0.180
0.211
0.209
0.118
0.166
0.156
0.186
0.150
0.118
0.192
0.241
0.112
0.146
0.176
0.231
0.217
0.143
0.193
0.168
0.216
0.110
0.201
0.186
0.226
0.202
0.125
0.160
0.156
0.168
0.126
0.190
0.202
0.262
0.141
0.178
0.129
0.168
0.260
0.175
0.199
0.143
0.243
0.208
0.095
0.233
0.133
0.165
0.118
0.026
0.100
0.156
0.116
0.129
0.197
0.176
0.175
0.206
0.202
0.205
0.147
0.178
0.164
0.221
0.192
0.189
0.178
0.119
0.168
0.158
0.141
0.125
0.169
0.227
0.226
0.301
0.101
0.210
0.222
0.236
0.215
0.133
0.173
0.223
0.206
0.128
0.211
0.098
0.155
0.139
0.172
0.090
0.205
0.120
0.126
0.200
0.111
0.101
0.251
0.255
0.114
0.105
0.101
0.156
0.256
0.104
0.110
0.195
0.121
0.147
0.105
0.190
0.168
0.201
0.274
0.247
0.105
0.129
0.107
0.220
0.183
0.225
0.151
0.148
0.167
0.134
0.135
0.203
0.136
0.251
0.148
0.183
0.150
0.099
0.159
0.110
0.255
0.181
0.181
0.193
0.153
0.227
0.139
0.289
0.206
0.130
0.114
0.116
0.173
0.151
0.096
0.233
0.135
0.249
0.178
0.222
0.204
0.166
0.112
0.160
0.118
0.265
0.174
0.231
0.172
0.170
0.107
0.159
0.245
0.177
0.105
0.234
0.130
0.114
0.168
0.165
0.206
0.189
0.263
0.180
0.107
0.093
0.178
0.251
0.090
0.233
0.125
0.024
0.105
0.205
0.098
0.162
0.247
0.157
0.240
0.209
0.136
0.262
0.160
0.169
0.106
0.243
0.123
0.097
0.225
0.125
0.099
0.149
0.163
0.151
0.193
0.134
0.113
0.131
0.149
0.213
0.102
0.229
0.175
0.143
0.198
0.169
0.132
0.135
0.160
0.163
0.207
0.173
0.114
0.093
0.170
0.156
0.295
0.201
0.274
0.111
0.136
0.184
0.190
0.106
0.178
0.087
0.107
0.166
0.099
0.094
0.203
0.233
0.166
0.090
0.208
0.099
0.191
0.101
0.181
0.117
0.180
0.196
0.132
0.180
0.155
0.163
0.227
0.193
0.094
0.216
0.135
0.298
0.181
0.227
0.246
0.244
0.194
0.182
0.264
0.156
0.146
0.239
0.187
0.205
0.099
0.224
0.107
0.210
0.130
0.221
0.140
0.076
0.130
0.136
0.175
0.154
0.129
0.204
0.164
0.160
0.276
0.195
0.169
0.178
0.168
0.109
0.116
0.175
0.225
0.114
0.182
0.106
0.127
0.170
0.203
0.100
0.240
0.123
0.190
0.189
0.275
0.116
0.136
0.131
0.131
0.204
0.111
0.200
0.142
0.197
0.208
0.121
0.230
0.122
0.180
0.084
0.182
0.204
0.175
0.207
0.165
0.169
0.127
0.120
0.098
0.260
0.161
0.137
0.134
0.128
0.203
0.116
0.250
0.144
0.166
0.201
0.084
0.173
0.227
0.143
0.222
0.213
0.286
0.209
0.162
0.189
0.174
0.278
0.166
0.098
0.091
0.142
0.278
0.127
0.256
0.169
0.132
0.209
0.101
0.209
0.092
0.136
0.130
0.125
0.153
0.305
0.198
0.123
0.226
0.131
0.135
0.103
0.217
0.177
0.099
0.210
0.184
0.113
0.194
0.167
0.213
0.192
0.285
0.129
0.213
0.226
0.234
0.196
0.218
0.210
0.240
0.195
0.152
0.119
0.117
0.190
0.091
0.138
0.199
0.217
0.205
0.157
0.202
0.109
0.119
0.116
0.237
0.102
0.204
0.189
0.137
0.131
0.146
0.190
0.073
0.232
0.230
0.143
0.204
0.274
0.146
0.210
0.126
0.127
0.107
0.165
0.233
0.109
0.111
0.255
0.096
0.189
0.141
0.162
0.175
0.220
0.124
0.122
0.162
0.262
0.172
0.256
0.222
0.143
0.295
0.120
0.215
0.125
0.210
0.183
0.207
0.191
0.143
0.279
0.199
0.174
0.204
0.169
0.117
0.105
0.146
0.104
0.146
0.156
0.115
0.188
0.125
0.284
0.207
0.186
0.142
0.134
0.166
0.111
0.198
0.184
0.126
0.195
0.207
0.145
0.193
0.220
0.135
0.168
0.194
0.293
0.191
0.112
0.189
0.146
0.129
0.108
0.101
0.197
0.126
0.180
0.099
0.201
0.106
0.176
0.150
0.152
0.169
0.086
0.143
0.200
0.021
0.188
0.024
0.110
0.234
0.126
0.211
0.077
0.093
0.129
0.160
0.146
0.146
0.182
0.107
0.137
0.212
0.186
0.087
0.241
0.213
0.198
0.214
0.111
0.184
0.302
0.129
0.206
0.100
0.224
0.164
0.146
0.303
0.101
0.185
0.113
0.162
0.173
0.176
0.031
0.155
0.129
0.212
0.122
0.279
0.103
0.122
0.203
0.100
0.286
0.179
0.207
0.105
0.243
0.259
0.179
0.154
0.164
0.220
0.129
0.172
0.163
0.151
0.087
0.162
0.165
0.249
0.159
0.171
0.192
0.233
0.117
0.224
0.189
0.119
0.115
0.276
0.156
0.254
0.199
0.196
0.203
0.096
0.137
0.178
0.147
0.149
0.100
0.199
0.102
0.139
0.169
0.126
0.090
0.254
0.184
0.186
0.111
0.159
0.142
0.246
0.226
0.120
0.162
0.156
0.142
0.167
0.199
0.187
0.206
0.172
0.100
0.164
0.202
0.148
0.168
0.105
0.287
0.129
0.179
0.107
0.256
0.130
0.211
0.225
0.194
0.151
0.148
0.161
0.161
0.137
0.220
0.239
0.216
0.185
0.155
0.225
0.140
0.212
0.182
0.185
0.104
0.135
0.165
0.117
0.094
0.085
0.205
0.252
0.196
0.145
0.210
0.091
0.166
0.194
0.198
0.234
0.186
0.243
0.087
0.204
0.020
0.076
0.125
0.218
0.105
0.238
0.104
0.212
0.187
0.094
0.102
0.147
0.092
0.136
0.166
0.128
0.252
0.107
0.121
0.155
0.181
0.111
0.069
0.237
0.138
0.122
0.155
0.116
0.132
0.207
0.162
0.135
0.220
0.133
0.149
0.166
0.110
0.138
0.193
0.201
0.025
0.148
0.190
0.147
0.135
0.205
0.182
0.024
0.230
0.207
0.111
0.128
0.184
0.173
0.250
0.226
0.114
0.164
0.143
0.230
0.177
0.097
0.090
0.146
0.196
0.192
0.121
0.236
0.113
0.093
0.145
0.195
0.062
0.166
0.220
0.227
0.176
0.238
0.136
0.098
0.190
0.144
0.172
0.208
0.139
0.155
0.215
0.183
0.064
0.212
0.233
0.107
0.100
0.197
0.135
0.129
0.106
0.212
0.113
0.198
0.146
0.186
0.158
0.159
0.172
0.125
0.186
0.152
0.134
0.185
0.213
0.215
0.106
0.132
0.177
0.203
0.101
0.222
0.211
0.220
0.111
0.229
0.155
0.124
0.206
0.102
0.120
0.239
0.095
0.150
0.179
0.222
0.109
0.185
0.171
0.151
0.109
0.162
0.099
0.231
0.157
0.218
0.145
0.146
0.268
0.121
0.169
0.178
0.134
0.095
0.107
0.169
0.161
0.168
0.236
0.183
0.095
0.223
0.145
0.215
0.249
0.188
0.234
0.124
0.094
0.263
0.241
0.090
0.173
0.171
0.147
0.154
0.159
0.102
0.081
0.076
0.164
0.083
0.219
0.192
0.226
0.161
0.205
0.124
0.114
0.247
0.152
0.185
0.258
0.132
0.149
0.212
0.113
0.232
0.245
0.157
0.227
0.190
0.150
0.245
0.109
0.139
0.206
0.255
0.193
0.164
0.242
0.174
0.209
0.145
0.237
0.183
0.164
0.112
0.276
0.100
0.195
0.118
0.178
0.077
0.108
0.242
0.119
0.248
0.138
0.196
0.093
0.132
0.093
0.111
0.231
0.169
0.156
0.205
0.158
0.143
0.157
0.200
0.242
0.245
0.150
0.092
0.268
0.212
0.151
0.111
0.103
0.199
0.255
0.148
0.161
0.160
0.180
0.185
0.114
0.191
0.130
0.184
0.193
0.130
0.242
0.150
0.200
0.110
0.253
0.189
0.144
0.158
0.098
0.104
0.104
0.103
0.198
0.122
0.284
0.158
0.194
0.201
0.191
0.114
0.101
0.165
0.094
0.206
0.121
0.164
0.213
0.134
0.098
0.126
0.170
0.258
0.178
0.143
0.170
0.152
0.207
0.209
0.130
0.212
0.097
0.159
0.186
0.157
0.243
0.100
0.198
0.234
0.109
0.107
0.247
0.193
0.167
0.108
0.182
0.204
0.170
0.131
0.132
0.141
0.160
0.119
0.212
0.136
0.206
0.115
0.139
0.118
0.111
0.150
0.191
0.232
0.179
0.216
0.124
0.099
0.118
0.177
0.092
0.325
0.161
0.111
0.224
0.130
0.126
0.181
0.105
0.189
0.139
0.119
0.186
0.222
0.101
0.179
0.217
0.119
0.119
0.100
0.202
0.224
0.164
0.166
0.175
0.135
0.230
0.201
0.215
0.158
0.227
0.193
0.092
0.170
0.159
0.244
0.191
0.219
0.218
0.132
0.136
0.224
0.165
0.247
0.190
0.017
0.198
0.188
0.198
0.192
0.210
0.155
0.190
0.241
0.171
0.140
0.187
0.121
0.153
0.173
0.111
0.168
0.135
0.265
0.124
0.253
0.222
0.154
0.099
0.100
0.198
0.129
0.131
0.135
0.189
0.120
0.205
0.103
0.227
0.104
0.251
0.225
0.096
0.120
0.228
0.228
0.207
0.132
0.258
0.229
0.161
0.113
0.085
0.112
0.145
0.186
0.230
0.141
0.101
0.209
0.281
0.225
0.106
0.129
0.153
0.233
0.095
0.244
0.160
0.175
0.149
0.084
0.179
0.098
0.163
0.139
0.155
0.096
0.240
0.208
0.255
0.195
0.251
0.199
0.185
0.148
0.126
0.206
0.227
0.143
0.297
0.162
0.243
0.140
0.134
0.180
0.243
0.214
0.117
0.176
0.160
0.244
0.127
0.138
0.218
0.216
0.140
0.240
0.166
0.227
0.108
0.145
0.245
0.094
0.223
0.117
0.113
0.094
0.174
0.125
0.165
0.125
0.132
0.183
0.194
0.140
0.245
0.198
0.098
0.108
0.224
0.146
0.239
0.233
0.250
0.094
0.217
0.261
0.265
0.098
0.142
0.120
0.166
0.223
0.116
0.192
0.131
0.216
0.135
0.151
0.225
0.198
0.110
0.186
0.190
0.273
0.164
0.266
0.130
0.264
0.206
0.213
0.189
0.173
0.213
0.145
0.234
0.202
0.121
0.035
0.170
0.195
0.206
0.161
0.262
0.183
0.159
0.122
0.105
0.122
0.168
0.181
0.234
0.175
0.182
0.266
0.147
0.232
0.127
0.210
0.147
0.215
0.229
0.243
0.215
0.110
0.165
0.123
0.173
0.174
0.222
0.195
0.163
0.077
0.127
0.208
0.115
0.210
0.168
0.115
0.200
0.157
0.176
0.121
0.213
0.202
0.171
0.095
0.122
0.199
0.181
0.224
0.233
0.239
0.116
0.125
0.105
0.084
0.167
0.129
0.212
0.209
0.192
0.262
0.119
0.165
0.177
0.136
0.149
0.275
0.112
0.157
0.166
0.241
0.209
0.222
0.201
0.107
0.110
0.121
0.177
0.187
0.103
0.182
0.180
0.177
0.136
0.164
0.173
0.089
0.151
0.179
0.109
0.188
0.213
0.184
0.127
0.090
0.094
0.099
0.263
0.256
0.123
0.174
0.098
0.113
0.167
0.118
0.115
0.161
0.187
0.104
0.143
0.167
0.259
0.091
0.175
0.217
0.170
0.149
0.221
0.265
0.129
0.243
0.253
0.110
0.196
0.176
0.246
0.142
0.228
0.152
0.250
0.151
0.171
0.090
0.254
0.156
0.223
0.126
0.093
0.125
0.112
0.123
0.245
0.116
0.146
0.184
0.168
0.095
0.143
0.123
0.129
0.164
0.232
0.148
0.144
0.131
0.159
0.232
0.197
0.111
0.207
0.098
0.091
0.144
0.111
0.157
0.152
0.199
0.095
0.119
0.212
0.216
0.224
0.173
0.113
0.168
0.160
0.184
0.250
0.109
0.189
0.163
0.148
0.093
0.095
0.105
0.141
0.241
0.105
0.216
0.254
0.142
0.149
0.154
0.265
0.199
0.266
0.103
0.101
0.217
0.243
0.170
0.140
0.200
0.209
0.247
0.156
0.177
0.239
0.183
0.180
0.130
0.234
0.199
0.110
0.203
0.202
0.242
0.101
0.092
0.200
0.234
0.190
0.206
0.137
0.175
0.264
0.117
0.088
0.139
0.214
0.139
0.096
0.189
0.237
0.205
0.209
0.245
0.101
0.136
0.197
0.189
0.175
0.186
0.161
0.219
0.239
0.108
0.136
0.121
0.182
0.173
0.157
0.181
0.147
0.167
0.206
0.120
0.169
0.243
0.226
0.104
0.238
0.135
0.170
0.162
0.195
0.020
0.228
0.132
0.206
0.220
0.170
0.129
0.148
0.135
0.243
0.225
0.179
0.126
0.142
0.274
0.266
0.222
0.126
0.093
0.117
0.206
0.237
0.211
0.251
0.086
0.131
0.211
0.129
0.121
0.151
0.280
0.207
0.286
0.157
0.177
0.103
0.215
0.210
0.269
0.115
0.214
0.185
0.130
0.135
0.181
0.315
0.112
0.177
0.133
0.108
0.212
0.233
0.193
0.237
0.225
0.213
0.122
0.127
0.170
0.137
0.228
0.213
0.148
0.171
0.105
0.122
0.205
0.237
0.149
0.191
0.223
0.133
0.106
0.155
0.130
0.126
0.150
0.192
0.192
0.232
0.243
0.128
0.106
0.218
0.203
0.202
0.200
0.182
0.191
0.220
0.108
0.252
0.225
0.249
0.204
0.272
0.136
0.092
0.202
0.180
0.110
0.215
0.245
0.092
0.176
0.128
0.114
0.217
0.212
0.107
0.122
0.260
0.219
0.154
0.155
0.184
0.139
0.150
0.099
0.164
0.151
0.129
0.193
0.254
0.195
0.219
0.119
0.130
0.116
0.194
0.146
0.168
0.198
0.197
0.219
0.145
0.170
0.099
0.160
0.110
0.032
0.154
0.145
0.105
0.242
0.182
0.126
0.187
0.171
0.209
0.180
0.190
0.107
0.138
0.096
0.122
0.104
0.100
0.184
0.179
0.217
0.213
0.124
0.119
0.206
0.176
0.160
0.113
0.135
0.141
0.111
0.132
0.221
0.223
0.110
0.169
0.103
0.205
0.153
0.142
0.228
0.202
0.111
0.208
0.139
0.171
0.185
0.192
0.147
0.219
0.176
0.213
0.173
0.105
0.111
0.199
0.296
0.124
0.256
0.238
0.093
0.279
0.110
0.159
0.121
0.105
0.171
0.116
0.173
0.215
0.199
0.174
0.247
0.161
0.199
0.024
0.228
0.134
0.139
0.143
0.180
0.173
0.127
0.101
0.121
0.098
0.194
0.118
0.097
0.128
0.212
0.112
0.160
0.131
0.154
0.134
0.117
0.122
0.276
0.197
0.085
0.188
0.188
0.160
0.147
0.218
0.153
0.123
0.097
0.098
0.222
0.137
0.205
0.240
0.202
0.178
0.180
0.110
0.132
0.092
0.201
0.125
0.191
0.096
0.161
0.110
0.142
0.110
0.158
0.113
0.181
0.237
0.113
0.139
0.273
0.146
0.159
0.252
0.157
0.115
0.169
0.194
0.265
0.254
0.101
0.196
0.245
0.109
0.191
0.179
0.107
0.124
0.199
0.103
0.097
0.147
0.250
0.280
0.118
0.239
0.210
0.193
0.112
0.160
0.255
0.184
0.119
0.117
0.150
0.082
0.157
0.241
0.190
0.148
0.172
0.242
0.113
0.190
0.118
0.240
0.230
0.170
0.226
0.134
0.232
0.087
0.205
0.137
0.248
0.095
0.200
0.142
0.215
0.110
0.230
0.145
0.127
0.177
0.130
0.148
0.089
0.136
0.162
0.171
0.112
0.209
0.107
0.218
0.244
0.219
0.171
0.297
0.254
0.191
0.140
0.190
0.222
0.103
0.100
0.163
0.092
0.168
0.174
0.187
0.228
0.266
0.192
0.175
0.177
0.182
0.181
0.201
0.101
0.190
0.245
0.099
0.199
0.077
0.131
0.132
0.206
0.187
0.200
0.189
0.153
0.176
0.105
0.085
0.201
0.179
0.030
0.149
0.180
0.322
0.124
0.136
0.127
0.243
0.248
0.231
0.219
0.234
0.227
0.238
0.192
0.257
0.192
0.225
0.144
0.167
0.202
0.236
0.126
0.197
0.268
0.154
0.168
0.220
0.120
0.228
0.154
0.215
0.084
0.225
0.277
0.231
0.165
0.240
0.117
0.273
0.184
0.216
0.129
0.171
0.243
0.149
0.131
0.226
0.114
0.198
0.172
0.148
0.178
0.179
0.187
0.225
0.159
0.233
0.174
0.175
0.174
0.229
0.227
0.162
0.138
0.251
0.111
0.097
0.236
0.239
0.205
0.126
0.140
0.184
0.192
0.149
0.087
0.175
0.179
0.186
0.223
0.230
0.185
0.194
0.120
0.082
0.140
0.278
0.208
0.157
0.155
0.263
0.216
0.259
0.156
0.198
0.136
0.158
0.213
0.192
0.131
0.118
0.099
0.206
0.177
0.156
0.142
0.107
0.199
0.144
0.147
0.155
0.201
0.208
0.108
0.135
0.186
0.160
0.277
0.121
0.210
0.223
0.167
0.171
0.117
0.101
0.079
0.101
0.179
0.200
0.123
0.212
0.139
0.220
0.193
0.109
0.164
0.255
0.208
0.125
0.207
0.214
0.245
0.119
0.093
0.171
0.148
0.111
0.186
0.142
0.143
0.191
0.171
0.181
0.229
0.203
0.083
0.268
0.160
0.165
0.101
0.177
0.176
0.170
0.217
0.122
0.161
0.154
0.110
0.212
0.302
0.175
0.133
0.155
0.227
0.255
0.230
0.185
0.198
0.142
0.124
0.113
0.145
0.142
0.168
0.137
0.153
0.228
0.150
0.153
0.181
0.118
0.130
0.195
0.234
0.203
0.196
0.106
0.273
0.112
0.099
0.203
0.142
0.181
0.228
0.178
0.119
0.171
0.245
0.099
0.242
0.162
0.203
0.128
0.197
0.118
0.177
0.144
0.141
0.080
0.093
0.154
0.155
0.200
0.151
0.212
0.152
0.129
0.106
0.096
0.171
0.082
0.090
0.115
0.106
0.123
0.175
0.250
0.162
0.151
0.242
0.216
0.166
0.220
0.172
0.235
0.263
0.205
0.184
0.219
0.116
0.200
0.098
0.157
0.206
0.160
0.238
0.122
0.135
0.246
0.089
0.124
0.115
0.172
0.133
0.146
0.234
0.134
0.132
0.169
0.178
0.125
0.200
0.100
0.197
0.149
0.159
0.224
0.176
0.228
0.126
0.141
0.170
0.179
0.200
0.202
0.205
0.095
0.243
0.296
0.265
0.144
0.267
0.228
0.194
0.275
0.175
0.161
0.196
0.102
0.187
0.233
0.170
0.239
0.281
0.141
0.172
0.140
0.144
0.218
0.232
0.116
0.163
0.192
0.094
0.172
0.211
0.110
0.142
0.184
0.262
0.148
0.200
0.110
0.198
0.221
0.257
0.166
0.205
0.096
0.137
0.266
0.169
0.199
0.141
0.207
0.106
0.157
0.103
0.125
0.140
0.214
0.202
0.095
0.220
0.301
0.188
0.127
0.137
0.135
0.138
