0.180
0.170
0.138
0.166
0.167
0.151
0.140
0.149
0.179
0.125
0.139
0.136
0.172
0.160
0.116
0.153
0.145
0.179
0.139
0.178
0.187
0.111
0.173
0.156
0.139
0.141
0.131
0.165
0.164
0.172
0.167
0.147
0.202
0.172
0.156
0.172
0.165
0.153
0.196
0.146
0.204
0.161
0.138
0.133
0.163
0.173
0.144
0.140
0.133
0.176
0.222
0.126
0.127
0.157
0.206
0.161
0.165
0.170
0.179
0.131
0.153
0.143
0.131
0.158
0.146
0.206
0.198
0.173
0.176
0.130
0.128
0.151
0.164
0.178
0.166
0.190
0.154
0.151
0.168
0.136
0.156
0.150
0.145
0.154
0.204
0.150
0.147
0.137
0.157
0.149
0.187
0.154
0.145
0.121
0.142
0.167
0.170
0.157
0.187
0.146
0.134
0.164
0.132
0.188
0.157
0.139
0.171
0.183
0.134
0.175
0.196
0.147
0.139
0.160
0.163
0.173
0.165
0.120
0.207
0.123
0.167
0.179
0.164
0.183
0.125
0.151
0.168
0.190
0.178
0.156
0.145
0.144
0.145
0.184
0.165
0.141
0.153
0.170
0.121
0.155
0.185
0.144
0.133
0.136
0.159
0.146
0.158
0.162
0.169
0.190
0.133
0.130
0.172
0.129
0.143
0.195
0.185
0.139
0.171
0.180
0.146
0.172
0.148
0.186
0.180
0.150
0.159
0.153
0.175
0.191
0.152
0.124
0.135
0.134
0.171
0.186
0.141
0.212
0.144
0.139
0.179
0.135
0.176
0.145
0.140
0.138
0.207
0.158
0.185
0.150
0.169
0.160
0.158
0.170
0.177
0.143
0.169
0.167
0.178
0.147
0.153
0.176
0.215
0.149
0.168
0.184
0.179
0.136
0.153
0.134
0.164
0.177
0.186
0.180
0.146
0.191
0.153
0.137
0.166
0.124
0.160
0.181
0.137
0.173
0.178
0.152
0.160
0.159
0.150
0.136
0.185
0.179
0.182
0.175
0.151
0.140
0.161
0.166
0.207
0.151
0.161
0.164
0.150
0.167
0.153
0.177
0.163
0.160
0.162
0.157
0.165
0.163
0.159
0.153
0.199
0.147
0.147
0.114
0.147
0.179
0.147
0.170
0.173
0.148
0.155
0.131
0.152
0.165
0.151
0.191
0.129
0.164
0.195
0.139
0.166
0.152
0.144
0.163
0.181
0.152
0.153
0.178
0.157
0.159
0.143
0.153
0.169
0.162
0.165
0.164
0.147
0.163
0.144
0.153
0.192
0.134
0.163
0.139
0.153
0.135
0.178
0.145
0.173
0.159
0.135
0.145
0.149
0.152
0.149
0.164
0.182
0.178
0.186
0.136
0.122
0.165
0.155
0.171
0.159
0.160
0.132
0.154
0.148
0.146
0.170
0.166
0.167
0.160
0.148
0.192
0.183
0.147
0.160
0.161
0.195
0.161
0.179
0.158
0.183
0.188
0.168
0.157
0.145
0.179
0.162
0.159
0.206
0.149
0.151
0.134
0.157
0.153
0.174
0.124
0.143
0.155
0.161
0.133
0.169
0.149
0.130
0.156
0.134
0.158
0.149
0.141
0.148
0.157
0.166
0.166
0.177
0.156
0.177
0.179
0.182
0.174
0.142
0.147
0.151
0.139
0.144
0.177
0.117
0.168
0.191
0.129
0.174
0.142
0.119
0.150
0.171
0.159
0.139
0.127
0.184
0.167
0.138
0.174
0.170
0.157
0.153
0.145
0.141
0.201
0.140
0.142
0.193
0.153
0.146
0.124
0.171
0.140
0.130
0.125
0.151
0.140
0.172
0.174
0.122
0.140
0.202
0.161
0.141
0.206
0.166
0.122
0.157
0.190
0.125
0.126
0.125
0.154
0.176
0.167
0.185
0.175
0.142
0.152
0.144
0.197
0.160
0.168
0.137
0.163
0.175
0.111
0.164
0.148
0.135
0.195
0.158
0.131
0.138
0.152
0.146
0.157
0.143
0.155
0.136
0.156
0.130
0.175
0.135
0.134
0.143
0.122
0.176
0.174
0.134
0.174
0.143
0.159
0.154
0.178
0.195
0.169
0.147
0.153
0.166
0.155
0.146
0.157
0.173
0.190
0.132
0.157
0.151
0.159
0.133
0.182
0.170
0.129
0.164
0.173
0.157
0.160
0.179
0.155
0.125
0.144
0.172
0.138
0.174
0.138
0.153
0.168
0.184
0.140
0.147
0.181
0.154
0.142
0.148
0.146
0.186
0.165
0.185
0.147
0.182
0.147
0.172
0.174
0.144
0.129
0.135
0.171
0.131
0.164
0.158
0.150
0.119
0.124
0.144
0.115
0.171
0.165
0.157
0.165
0.162
0.122
0.145
0.147
0.128
0.171
0.123
0.180
0.168
0.165
0.156
0.156
0.123
0.157
0.148
0.151
0.146
0.138
0.142
0.145
0.125
0.139
0.139
0.171
0.148
0.180
0.153
0.158
0.152
0.160
0.138
0.143
0.162
0.188
0.150
0.172
0.145
0.162
0.164
0.142
0.184
0.155
0.148
0.152
0.160
0.162
0.155
0.141
0.200
0.162
0.153
0.157
0.151
0.197
0.146
0.156
0.164
0.173
0.155
0.150
0.172
0.199
0.134
0.179
0.141
0.158
0.157
0.168
0.200
0.160
0.165
0.150
0.157
0.164
0.147
0.170
0.150
0.184
0.148
0.200
0.159
0.132
0.177
0.176
0.133
0.167
0.144
0.162
0.179
0.160
0.176
0.154
0.179
0.174
0.134
0.152
0.188
0.153
0.167
0.167
0.150
0.130
0.161
0.137
0.166
0.165
0.156
0.142
0.152
0.130
0.151
0.128
0.160
0.161
0.140
0.177
0.160
0.163
0.182
0.140
0.155
0.139
0.152
0.165
0.165
0.145
0.147
0.112
0.151
0.153
0.150
0.176
0.128
0.144
0.134
0.157
0.153
0.154
0.174
0.133
0.161
0.172
0.165
0.157
0.157
0.152
0.150
0.183
0.160
0.183
0.163
0.160
0.167
0.153
0.158
0.157
0.167
0.143
0.151
0.182
0.173
0.173
0.178
0.175
0.169
0.161
0.166
0.191
0.158
0.194
0.178
0.132
0.154
0.197
0.152
0.127
0.164
0.143
0.161
0.141
0.130
0.134
0.154
0.122
0.191
0.178
0.171
0.170
0.155
0.164
0.169
0.146
0.168
0.146
0.156
0.149
0.136
0.169
0.168
0.143
0.192
0.142
0.157
0.137
0.130
0.166
0.131
0.153
0.115
0.159
0.189
0.173
0.153
0.149
0.157
0.178
0.130
0.176
0.168
0.163
0.160
0.146
0.150
0.166
0.152
0.171
0.124
0.122
0.154
0.195
0.163
0.179
0.156
0.169
0.161
0.156
0.162
0.137
0.135
0.158
0.129
0.151
0.164
0.159
0.175
0.170
0.141
0.126
0.157
0.151
0.172
0.186
0.148
0.188
0.169
0.155
0.138
0.178
0.155
0.154
0.144
0.149
0.172
0.147
0.193
0.199
0.158
0.157
0.137
0.144
0.171
0.127
0.176
0.190
0.153
0.176
0.152
0.169
0.174
0.147
0.123
0.169
0.176
0.154
0.153
0.184
0.137
0.176
0.153
0.157
0.172
0.137
0.148
0.172
0.136
0.141
0.164
0.152
0.173
0.131
0.148
0.168
0.164
0.166
0.149
0.163
0.138
0.151
0.164
0.172
0.215
0.136
0.174
0.185
0.193
0.167
0.195
0.177
0.152
0.169
0.159
0.152
0.191
0.146
0.164
0.162
0.171
0.150
0.172
0.131
0.158
0.188
0.155
0.136
0.156
0.149
0.173
0.132
0.190
0.149
0.154
0.178
0.136
0.143
0.181
0.154
0.157
0.180
0.134
0.139
0.168
0.165
0.154
0.167
0.173
0.170
0.170
0.154
0.174
0.162
0.166
0.176
0.195
0.157
0.134
0.173
0.161
0.166
0.168
0.174
0.128
0.158
0.134
0.143
0.150
0.151
0.142
0.167
0.118
0.150
0.170
0.152
0.156
0.194
0.147
0.167
0.128
0.144
0.160
0.169
0.168
0.173
0.147
0.122
0.181
0.155
0.163
0.173
0.140
0.160
0.146
0.160
0.145
0.157
0.134
0.130
0.128
0.182
0.170
0.174
0.135
0.117
0.203
0.145
0.152
0.180
0.134
0.173
0.138
0.148
0.135
0.166
0.147
0.182
0.146
0.155
0.153
0.150
0.158
0.172
0.178
0.143
0.177
0.147
0.129
0.172
0.161
0.156
0.135
0.145
0.149
0.146
0.157
0.181
0.166
0.135
0.162
0.177
0.155
0.152
0.136
0.150
0.169
0.164
0.177
0.151
0.152
0.189
0.173
0.147
0.164
0.143
0.160
0.139
0.153
0.149
0.167
0.163
0.146
0.162
0.145
0.150
0.143
0.162
0.160
0.122
0.143
0.161
0.162
0.136
0.182
0.172
0.168
0.197
0.162
0.165
