1.478
1.482
1.211
1.218
1.206
1.270
1.193
1.210
1.125
1.199
1.252
1.207
1.183
1.299
1.222
1.188
1.130
1.387
1.155
1.164
1.149
1.264
1.069
1.204
1.293
1.438
1.223
1.192
1.200
1.281
1.167
1.214
1.251
1.320
1.368
1.227
1.206
1.189
1.333
1.247
1.257
1.300
1.355
1.315
1.254
1.335
1.331
1.210
1.261
1.362
1.199
1.235
1.333
1.463
1.152
1.228
1.232
1.302
1.259
1.165
1.309
1.197
1.354
1.203
1.279
1.226
1.194
1.313
1.293
1.228
1.306
1.287
1.192
1.266
1.220
1.239
1.493
1.310
1.442
1.200
1.224
1.154
1.600
1.200
1.287
1.224
1.427
1.115
1.252
1.380
1.230
1.365
1.239
1.344
1.210
1.300
1.222
1.131
1.298
1.348
1.229
1.331
1.141
1.230
1.463
1.316
1.351
1.205
1.352
1.306
1.135
1.271
1.226
1.221
1.248
1.211
1.326
1.195
1.316
1.212
1.282
1.277
1.280
1.369
1.186
1.203
1.180
1.213
1.181
1.293
1.229
1.412
1.110
1.317
1.317
1.086
1.243
1.244
1.257
1.299
1.278
1.344
1.188
1.160
1.234
1.264
1.325
1.226
1.276
1.310
1.222
1.250
1.124
1.219
1.333
1.286
1.149
1.423
1.275
1.311
1.227
1.414
1.239
1.166
1.256
1.290
1.289
1.176
1.178
1.222
1.294
1.345
1.283
1.339
1.236
1.301
1.168
1.311
1.288
1.140
1.244
1.331
1.274
1.257
1.156
1.306
1.199
1.316
1.449
1.237
1.359
1.230
1.222
1.222
1.314
1.235
1.450
1.316
1.249
1.275
1.296
1.214
1.220
1.280
1.291
1.259
1.253
1.206
1.249
1.305
1.313
1.311
1.212
1.300
1.270
1.308
1.183
1.196
1.448
1.297
1.249
1.383
1.370
1.319
1.262
1.238
1.379
1.263
1.293
1.294
1.304
1.314
1.182
1.172
1.449
1.314
1.324
1.292
1.325
1.271
1.366
1.307
1.309
1.319
1.232
1.282
1.217
1.315
1.364
1.222
1.192
1.319
1.460
1.338
1.201
1.255
1.303
1.290
1.326
1.295
1.192
1.119
1.353
1.202
1.231
1.305
1.381
1.225
1.172
1.268
1.245
1.211
1.385
1.292
1.292
1.408
1.249
1.331
1.376
1.225
1.375
1.242
1.238
1.369
1.333
1.187
1.127
1.260
1.267
1.286
1.318
1.401
1.188
1.277
1.303
1.176
1.306
1.262
1.290
1.367
1.297
1.382
1.263
1.317
1.208
1.398
1.219
1.356
1.256
1.272
1.239
1.201
1.137
1.325
1.370
1.393
1.351
1.162
1.241
1.295
1.368
1.213
1.282
1.333
1.576
1.316
1.233
1.399
1.337
1.370
1.243
1.364
1.248
1.235
1.341
1.345
1.274
1.298
1.318
1.344
1.279
1.270
1.251
1.255
1.255
1.309
1.213
1.414
1.414
1.323
1.131
1.271
1.182
1.324
1.256
1.141
1.319
1.234
1.355
1.204
1.246
1.306
1.238
1.236
1.303
1.208
1.296
1.299
1.250
1.384
1.339
1.222
1.265
1.301
1.321
1.284
1.262
1.237
1.269
1.295
1.308
1.308
1.387
1.470
1.398
1.277
1.179
1.219
1.307
1.303
1.330
1.279
1.387
1.284
1.113
1.362
1.172
1.224
1.317
1.339
1.217
1.216
1.211
1.108
1.275
1.282
1.179
1.299
1.108
1.361
1.277
1.270
1.229
1.243
1.303
1.169
1.240
1.418
1.213
1.290
1.245
1.405
1.210
1.315
1.350
1.227
1.202
1.284
1.143
1.292
1.291
1.293
1.281
1.145
1.259
1.309
1.262
1.316
1.273
1.262
1.246
1.206
1.300
1.356
1.264
1.363
1.215
1.257
1.255
1.263
1.500
1.336
1.319
1.270
1.355
1.243
1.398
1.180
1.289
1.223
1.280
1.182
1.236
1.262
1.310
1.289
1.424
1.175
1.342
1.185
1.211
1.259
1.297
1.217
1.248
1.263
1.351
1.239
1.233
1.219
1.372
1.261
1.482
1.253
1.300
1.217
1.203
1.443
1.201
1.186
1.300
1.207
1.214
1.303
1.243
1.380
1.205
1.380
1.189
1.297
1.223
1.380
1.139
1.307
1.282
1.463
1.285
1.340
1.215
1.309
1.416
1.269
1.274
1.192
1.271
1.201
1.276
1.274
1.386
1.106
1.098
1.228
1.277
1.342
1.254
1.206
1.385
1.359
1.224
1.223
1.264
1.245
1.220
1.117
1.311
1.220
1.226
1.288
1.435
1.331
1.264
1.366
1.259
1.282
1.192
1.202
1.244
1.286
1.324
1.349
1.305
1.236
1.204
1.324
1.250
1.329
1.154
1.276
1.188
1.355
1.265
1.290
1.281
1.244
1.164
1.366
1.346
1.136
1.375
1.308
1.376
1.403
1.290
1.309
1.351
1.222
1.303
1.317
1.272
1.291
1.429
1.346
1.385
1.247
1.320
1.534
1.233
1.284
1.328
1.317
1.278
1.187
1.229
1.281
1.311
1.280
1.323
1.300
1.333
1.211
1.375
1.201
1.274
1.321
1.106
1.286
1.152
1.303
1.238
1.326
1.393
1.317
1.323
1.170
1.298
1.330
1.139
1.181
1.234
1.317
1.310
1.190
1.190
1.165
1.279
1.543
1.241
1.266
1.246
1.210
1.253
1.268
1.349
1.152
1.183
1.263
1.328
1.212
1.285
1.219
1.164
1.285
1.440
1.148
1.336
1.292
1.295
1.290
1.206
1.318
1.332
1.282
1.285
1.237
1.314
1.251
1.276
1.226
1.121
1.380
1.216
1.152
1.378
1.256
1.364
1.317
1.275
1.151
1.307
1.277
1.289
1.226
1.297
1.290
1.380
1.358
1.299
1.178
1.270
1.286
1.335
1.315
1.349
1.268
1.266
1.247
1.284
1.242
1.256
1.408
1.196
1.304
1.120
1.368
1.307
1.197
1.263
1.267
1.182
1.368
1.252
1.196
1.130
1.297
1.116
1.323
1.169
1.223
1.211
1.282
1.166
1.311
1.150
1.218
1.277
1.296
1.268
1.165
1.229
1.242
1.128
1.199
1.372
1.208
1.238
1.262
1.272
1.187
1.332
1.106
1.272
1.225
1.237
1.305
1.187
1.216
1.293
1.222
1.230
1.246
1.221
1.249
1.173
1.233
1.172
1.208
1.222
1.306
1.349
1.210
1.218
1.252
1.282
1.234
1.168
1.199
1.289
1.199
1.244
1.136
1.305
1.224
1.360
1.346
1.292
1.410
1.212
1.247
1.326
1.281
1.339
1.269
1.182
1.252
1.238
1.271
1.290
1.277
1.252
1.296
1.190
1.343
1.212
1.313
1.332
1.306
1.225
1.239
1.225
1.231
1.212
1.227
1.219
1.291
1.151
1.288
1.164
1.269
1.135
1.279
1.114
1.252
1.274
1.513
1.404
1.187
1.117
1.146
1.186
1.341
1.350
1.283
1.287
1.343
1.293
1.243
1.437
1.266
1.253
1.398
1.308
1.170
1.223
1.199
1.280
1.108
1.225
1.095
1.281
1.222
1.342
1.322
1.228
1.209
1.326
1.355
1.240
1.446
1.329
1.213
1.278
1.285
1.259
1.268
1.323
1.204
1.244
1.471
1.298
1.285
1.207
1.231
1.295
1.298
1.406
1.235
1.441
1.303
1.316
1.178
1.243
1.210
1.202
1.195
1.353
1.238
1.382
1.185
1.332
1.308
1.330
1.144
1.280
1.151
1.263
1.243
1.209
1.259
1.140
1.224
1.284
1.382
1.131
1.217
1.210
1.240
1.138
1.180
1.424
1.071
1.218
1.148
1.256
1.130
1.244
1.291
1.236
1.262
1.153
1.312
1.377
1.376
1.157
1.246
1.104
1.263
1.279
1.227
1.295
1.293
1.179
1.255
1.262
1.165
1.307
1.217
1.213
1.256
1.198
1.146
1.228
1.208
1.322
1.198
1.438
1.136
1.310
1.361
1.264
1.307
1.266
1.198
1.190
1.191
1.207
1.327
1.407
1.302
1.339
1.387
1.208
1.365
1.274
1.237
1.116
1.108
1.082
1.077
1.116
1.245
1.140
1.284
1.119
1.183
1.271
1.165
1.160
1.294
1.123
1.242
1.089
1.190
1.281
1.139
1.223
1.231
1.206
1.180
1.298
1.237
1.167
1.209
1.202
1.226
1.125
1.227
1.175
1.406
1.274
1.265
1.163
1.271
1.281
1.209
1.134
1.190
1.362
1.238
1.225
1.161
1.286
1.201
1.217
1.343
1.177
1.279
1.255
1.361
1.223
1.239
1.310
1.324
1.151
1.331
1.284
1.342
1.291
1.211
1.213
1.134
1.272
1.203
1.358
1.207
1.254
1.259
1.165
1.290
1.331
1.146
1.202
1.271
1.215
1.297
1.155
1.168
1.236
1.130
1.342
1.368
1.233
1.342
1.182
1.368
1.382
1.242
1.152
1.246
1.195
1.095
1.191
1.303
1.330
1.219
1.191
1.334
1.458
1.200
1.210
1.310
1.295
1.256
1.132
1.216
1.231
1.301
1.252
1.114
1.264
1.247
1.266
1.430
1.214
1.270
1.284
1.162
1.333
1.287
1.218
1.132
1.242
1.223
1.188
1.224
1.173
1.141
1.209
1.090
1.306
1.253
1.317
1.336
1.191
1.372
1.292
1.086
1.172
1.279
1.173
1.203
1.080
1.153
1.335
1.272
1.194
1.226
1.342
1.344
1.236
1.285
1.333
1.313
1.220
1.202
1.471
1.215
1.237
1.290
1.201
1.480
1.258
1.306
1.318
1.278
1.114
1.221
1.162
1.202
1.283
1.187
1.324
1.139
1.332
1.162
1.261
1.250
1.260
1.244
1.162
1.151
1.159
1.221
1.270
1.199
1.137
1.263
1.291
1.185
1.224
1.209
1.174
1.257
1.382
1.196
1.227
1.292
1.256
1.225
1.211
1.141
1.177
1.289
1.196
1.170
1.147
1.193
1.309
1.310
1.257
1.188
1.224
1.245
1.157
1.298
1.519
1.130
1.292
1.267
1.243
1.264
1.289
1.322
1.352
1.389
1.272
1.218
1.268
1.178
1.323
1.201
1.250
1.203
1.131
1.284
1.213
1.279
1.204
1.232
1.318
1.245
1.150
1.188
1.105
1.168
1.197
1.259
1.252
1.188
1.253
1.121
1.261
1.244
1.328
1.237
1.284
1.290
1.316
1.191
1.165
1.210
1.240
1.185
1.135
1.313
1.310
1.279
1.247
1.284
1.189
1.310
1.307
1.327
1.370
1.145
1.197
1.212
1.370
1.369
1.179
1.270
1.261
1.137
1.408
1.161
1.297
1.292
1.274
1.327
1.288
1.125
1.289
1.272
1.285
1.169
1.155
1.277
1.209
1.405
1.214
1.214
1.209
1.369
1.287
1.299
1.222
1.294
1.169
1.203
1.183
1.299
1.211
1.134
1.179
1.300
1.228
1.331
1.301
1.360
1.173
1.328
1.232
1.164
1.328
1.244
1.216
1.236
1.207
1.228
1.109
1.278
1.313
1.174
1.170
1.205
1.247
1.221
1.263
1.248
1.240
1.258
1.143
1.328
1.146
1.162
1.397
1.256
1.284
1.142
1.253
1.268
1.294
1.293
1.210
1.115
1.267
1.298
1.218
1.325
1.435
1.077
1.402
1.195
1.382
1.277
1.206
1.198
1.336
1.138
1.226
1.261
1.242
1.145
1.228
1.307
1.180
1.288
1.305
1.236
1.214
1.292
1.270
1.302
1.181
1.244
1.235
1.235
1.122
1.197
1.174
1.347
1.109
1.212
1.244
1.157
1.200
1.236
1.381
1.123
1.229
1.264
1.212
1.183
1.199
1.217
1.075
1.300
1.263
1.243
1.199
1.230
1.255
1.204
1.385
1.244
1.350
1.269
1.217
1.309
1.224
1.262
1.278
1.267
1.286
1.243
1.292
1.249
1.328
1.256
1.109
1.261
1.128
1.367
1.196
1.276
1.237
1.189
1.187
1.252
1.118
1.186
1.103
1.183
1.188
1.222
1.294
1.343
1.103
1.186
1.164
1.254
1.203
1.235
1.152
1.351
1.207
1.226
1.146
1.135
1.242
1.162
1.259
1.180
1.233
1.215
1.189
1.126
1.249
1.202
1.306
1.184
1.208
1.226
1.222
1.239
1.111
1.182
1.179
1.192
1.255
1.316
1.131
1.235
1.127
1.204
1.300
1.257
1.292
1.125
1.193
1.215
1.202
1.267
1.351
1.176
1.270
1.217
1.271
1.217
1.127
1.192
1.135
1.117
1.293
1.141
1.248
1.329
1.192
1.208
1.222
1.290
1.215
1.281
1.172
1.147
1.109
1.363
1.210
1.279
1.264
1.169
1.305
1.239
1.357
1.216
1.215
1.277
1.235
1.122
1.234
1.295
1.345
1.318
1.110
1.250
1.243
1.212
1.247
1.312
1.148
1.202
1.359
1.217
1.217
1.374
1.280
1.153
1.203
1.258
1.191
1.239
1.167
1.218
1.183
1.212
1.179
1.205
1.170
1.358
1.322
1.257
1.336
1.209
1.352
1.204
1.156
1.252
1.279
1.231
1.233
1.290
1.194
1.031
1.287
1.179
1.225
1.206
1.276
1.218
1.220
1.205
1.318
1.247
1.228
1.275
1.150
1.125
1.180
1.170
1.249
1.243
1.289
1.272
1.234
1.265
1.363
1.262
1.224
1.134
1.270
1.250
1.319
1.242
1.244
1.211
1.264
1.189
1.194
1.387
1.355
1.208
1.385
1.262
1.311
1.270
1.196
1.207
1.219
1.144
1.318
1.162
1.195
1.211
1.253
1.219
1.061
1.251
1.309
1.269
1.237
1.285
1.251
1.163
1.222
1.172
1.225
1.220
1.252
1.456
1.274
1.186
1.174
1.161
1.143
1.317
1.276
1.375
1.149
1.268
1.242
1.324
1.164
1.116
1.165
1.111
1.184
1.357
1.123
1.305
1.141
1.213
1.153
1.200
1.138
1.300
1.194
1.248
1.190
1.361
1.230
1.194
1.239
1.249
1.245
1.336
1.259
1.400
1.247
1.168
1.120
1.255
1.142
1.296
1.216
1.226
1.226
1.162
1.188
1.177
1.278
1.130
1.202
1.187
1.199
1.320
1.287
1.220
1.168
1.145
1.153
1.215
1.124
1.385
1.180
1.243
1.251
1.149
1.196
1.309
1.117
1.237
1.253
1.272
1.361
1.243
1.167
1.105
1.179
1.200
1.312
1.389
1.225
1.229
1.174
1.162
1.152
1.156
1.334
1.218
1.330
1.157
1.233
1.384
1.276
1.304
1.125
1.106
1.285
1.118
1.383
1.254
1.195
1.210
1.192
1.337
1.243
1.185
1.284
1.261
1.201
1.166
1.288
1.225
1.360
1.288
1.214
1.094
1.293
1.218
1.259
1.119
1.245
1.253
1.238
1.214
1.238
1.207
1.280
1.307
1.293
1.195
1.236
1.268
1.245
1.119
1.090
1.222
1.238
1.180
1.312
1.263
1.161
1.224
1.316
1.219
1.270
1.189
1.120
1.221
1.251
1.189
1.244
1.208
1.144
1.257
1.190
1.314
1.092
1.190
1.231
1.217
1.103
1.284
1.187
1.314
1.240
1.373
1.184
1.313
1.281
1.220
1.176
1.272
1.421
1.123
1.058
1.230
1.287
1.229
1.209
1.306
1.208
1.156
1.190
1.308
1.209
1.219
1.230
1.247
1.226
1.224
1.205
1.200
1.089
1.094
1.408
1.143
1.154
1.251
1.124
1.278
1.268
1.179
1.077
1.216
1.269
1.112
1.223
1.189
1.234
1.306
1.164
1.187
1.259
1.250
1.181
1.177
1.230
1.036
1.118
1.128
1.172
1.338
1.330
1.284
1.157
1.321
1.349
1.175
1.118
1.193
1.336
1.134
1.216
1.297
1.224
1.204
1.246
1.168
1.202
1.159
1.157
1.249
1.307
1.387
1.178
1.227
1.177
1.217
1.313
1.189
1.289
1.253
1.151
1.273
1.199
1.200
1.197
1.322
1.275
1.249
1.201
1.181
1.318
1.255
1.141
1.193
1.184
1.241
1.177
1.232
1.242
1.274
1.146
1.315
1.299
1.244
1.169
1.239
1.221
1.170
1.340
1.277
1.282
1.250
1.240
1.087
1.416
1.123
1.180
1.189
1.127
1.167
1.155
1.210
1.145
1.269
1.341
1.198
1.080
1.083
1.244
1.351
1.256
1.135
1.124
1.214
1.248
1.223
1.273
1.141
1.332
1.289
1.167
1.271
1.227
1.324
1.216
1.163
1.144
1.118
1.234
1.140
1.257
1.140
1.317
1.262
1.341
1.208
1.143
1.217
1.223
1.242
1.349
1.234
1.372
1.158
1.192
1.196
1.241
1.125
1.173
1.361
1.245
1.271
1.198
1.163
1.109
1.225
1.290
1.281
1.094
1.394
1.182
1.264
1.213
1.248
1.182
1.143
1.281
1.304
1.102
1.242
1.260
1.288
1.211
1.401
1.133
1.148
1.192
1.180
1.209
1.118
1.282
1.217
1.192
1.128
1.109
1.264
1.116
1.275
1.210
1.288
1.403
1.201
1.227
1.181
1.117
1.138
1.243
1.279
1.194
1.343
1.165
1.225
1.251
1.182
1.157
1.190
1.213
1.191
1.151
1.243
1.143
1.164
1.378
1.245
1.399
1.198
1.218
1.151
1.233
1.195
1.169
1.295
1.167
1.341
1.158
1.073
1.263
1.253
1.218
1.266
1.278
1.222
1.159
1.208
1.211
1.140
1.182
1.182
1.123
1.144
1.196
1.149
1.175
1.115
1.223
1.238
1.207
1.238
1.147
1.204
1.229
1.264
1.269
1.182
1.136
1.240
1.253
1.050
1.286
1.033
1.244
1.174
1.279
1.331
1.135
1.267
