1.130
1.176
1.166
1.234
1.250
1.253
1.272
1.266
1.277
1.289
1.349
1.437
1.164
1.208
1.272
1.136
1.203
1.223
1.220
1.279
1.340
1.332
1.286
1.246
1.099
1.197
1.149
1.097
1.183
1.219
1.216
1.125
1.196
1.226
1.238
1.278
1.180
1.156
1.169
1.303
1.228
1.200
1.188
1.242
1.169
1.232
1.217
1.442
1.084
1.212
1.250
1.224
1.249
1.230
1.276
1.301
1.315
1.151
1.185
1.274
1.115
1.306
1.136
1.204
1.239
1.206
1.122
1.222
1.291
1.301
1.326
1.347
1.187
1.286
1.249
1.294
1.261
1.242
1.282
1.160
1.370
1.217
1.251
1.277
1.176
1.189
1.113
1.172
1.223
1.400
1.286
1.239
1.291
1.289
1.434
1.232
1.287
1.294
1.305
1.220
1.198
1.298
1.176
1.284
1.387
1.194
1.255
1.313
1.153
1.224
1.310
1.197
1.378
1.185
1.183
1.190
1.218
1.467
1.289
1.273
1.103
1.125
1.262
1.270
1.260
1.501
1.144
1.181
1.211
1.248
1.197
1.166
1.351
1.222
1.204
1.180
1.121
1.123
1.338
1.269
1.398
1.287
1.241
1.229
1.191
1.114
1.357
1.185
1.280
1.163
1.201
1.278
1.359
1.271
1.229
1.253
1.309
1.315
1.223
1.276
1.403
1.286
1.190
1.252
1.242
1.256
1.302
1.243
1.314
1.136
1.181
1.220
1.305
1.196
1.170
1.221
1.255
1.177
1.234
1.296
1.241
1.265
1.244
1.206
1.263
1.239
1.256
1.282
1.225
1.400
1.327
1.252
1.303
1.215
1.131
1.202
1.253
1.213
1.261
1.498
1.302
1.181
1.151
1.285
1.224
1.388
1.392
1.204
1.254
1.255
1.223
1.249
1.130
1.212
1.430
1.136
1.238
1.290
1.289
1.259
1.261
1.229
1.327
1.278
1.160
1.310
1.258
1.216
1.268
1.192
1.254
1.161
1.223
1.269
1.224
1.152
1.243
1.110
1.328
1.405
1.161
1.168
1.360
1.228
1.236
1.143
1.285
1.255
1.258
1.192
1.279
1.326
1.278
1.133
1.231
1.287
1.164
1.283
1.238
1.323
1.147
1.161
1.218
1.419
1.269
1.215
1.264
1.390
1.182
1.347
1.171
1.248
1.303
1.160
1.328
1.217
1.285
1.195
1.245
1.076
1.202
1.232
1.159
1.243
1.287
1.273
1.299
1.151
1.350
1.125
1.203
1.293
1.310
1.154
1.354
1.201
1.219
1.337
1.346
1.282
1.070
1.200
1.281
1.206
1.136
1.409
1.316
1.248
1.207
1.166
1.419
1.190
1.240
1.221
1.304
1.325
1.232
1.247
1.236
1.229
1.214
1.336
1.098
1.281
1.317
1.309
1.341
1.213
1.232
1.209
1.199
1.254
1.272
1.150
1.307
1.308
1.301
1.170
1.193
1.244
1.211
1.316
1.269
1.383
1.269
1.231
1.289
1.276
1.228
1.184
1.251
1.117
1.204
1.254
1.205
1.268
1.255
1.375
1.184
1.338
1.266
1.242
1.253
1.179
1.387
1.155
1.244
1.295
1.252
1.268
1.262
1.171
1.229
1.171
1.298
1.190
1.255
1.183
1.249
1.304
1.200
1.245
1.167
1.228
1.277
1.206
1.178
1.366
1.179
1.160
1.274
1.389
1.507
1.255
1.248
1.205
1.261
1.315
1.296
1.284
1.275
1.293
1.318
1.252
1.176
1.255
1.228
1.192
1.237
1.302
1.205
1.194
1.171
1.257
1.481
1.142
1.528
1.265
1.173
1.292
1.210
1.185
1.241
1.311
1.240
1.189
1.289
1.331
1.163
1.248
1.272
1.252
1.283
1.199
1.375
1.160
1.328
1.274
1.275
1.147
1.275
1.353
1.374
1.171
1.222
1.215
1.301
1.189
1.180
1.301
1.224
1.168
1.347
1.177
1.191
1.158
1.193
1.218
1.291
1.139
1.241
1.287
1.213
1.295
1.273
1.339
1.445
1.118
1.340
1.236
1.267
1.253
1.258
1.363
1.239
1.339
1.322
1.267
1.245
1.260
1.300
1.228
1.364
1.119
1.222
1.320
1.151
1.141
1.248
1.259
1.321
1.259
1.170
1.304
1.304
1.235
1.220
1.285
1.139
1.167
1.174
1.207
1.274
1.430
1.227
1.329
1.151
1.304
1.256
1.236
1.250
1.239
1.308
1.221
1.128
1.390
1.152
1.132
1.209
1.368
1.190
1.460
1.360
1.243
1.123
1.204
1.317
1.270
1.261
1.221
1.297
1.290
1.347
1.148
1.269
1.278
1.273
1.366
1.221
1.112
1.170
1.361
1.176
1.056
1.323
1.189
1.208
1.427
1.300
1.272
1.214
1.304
1.250
1.382
1.318
1.203
1.189
1.292
1.335
1.248
1.330
1.285
1.129
1.322
1.381
1.338
1.244
1.255
1.284
1.237
1.268
1.309
1.302
1.158
1.093
1.300
1.273
1.283
1.325
1.307
1.231
1.293
1.275
1.226
1.164
1.277
1.294
1.216
1.285
1.237
1.125
1.339
1.193
1.106
1.234
1.197
1.223
1.200
1.239
1.259
1.234
1.223
1.208
1.160
1.422
1.357
1.210
1.241
1.211
1.241
1.335
1.297
1.231
1.133
1.190
1.250
1.302
1.224
1.262
1.356
1.286
1.137
1.206
1.206
1.199
1.274
1.343
1.210
1.234
1.265
1.240
1.317
1.220
1.238
1.244
1.200
1.279
1.208
1.228
1.207
1.249
1.178
1.353
1.256
1.173
1.352
1.195
1.163
1.271
1.183
1.148
1.248
1.303
1.427
1.185
1.223
1.196
1.163
1.251
1.233
1.246
1.282
1.164
1.167
1.201
1.367
1.189
1.266
1.236
1.160
1.233
1.186
1.146
1.103
1.134
1.383
1.304
1.156
1.215
1.219
1.201
1.191
1.246
1.181
1.289
1.271
1.323
1.276
1.236
1.168
1.343
1.360
1.222
1.193
1.319
1.242
1.228
1.315
1.267
1.372
1.259
1.239
1.439
1.298
1.303
1.159
1.180
1.260
1.190
1.313
1.236
1.132
1.250
1.221
1.316
1.281
1.174
1.095
1.166
1.371
1.165
1.136
1.227
1.248
1.257
1.320
1.272
1.382
1.246
1.251
1.290
1.291
1.209
1.372
1.138
1.498
1.320
1.252
1.298
1.241
1.391
1.317
1.310
1.253
1.254
1.213
1.337
1.305
1.295
1.333
1.308
1.262
1.161
1.247
1.249
1.201
1.291
1.305
1.335
1.240
1.073
1.255
1.194
1.286
1.238
1.247
1.131
1.214
1.340
1.301
1.257
1.257
1.149
1.219
1.228
1.275
1.145
1.238
1.384
1.190
1.331
1.259
1.170
1.262
1.310
1.280
1.199
1.343
1.303
1.356
1.238
1.132
1.195
1.123
1.269
1.312
1.235
1.226
1.192
1.328
1.204
1.318
1.280
1.276
1.088
1.313
1.335
1.252
1.239
1.293
1.399
1.333
1.281
1.256
1.266
1.353
1.268
1.396
1.255
1.262
1.292
1.209
1.338
1.293
1.340
1.336
1.245
1.247
1.266
1.099
1.235
1.219
1.377
1.241
1.321
1.204
1.261
1.293
1.249
1.239
1.206
1.191
1.229
1.239
1.397
1.227
1.204
1.165
1.358
1.212
1.191
1.263
1.235
1.268
1.154
1.253
1.348
1.179
1.259
1.242
1.146
1.226
1.134
1.237
1.317
1.152
1.184
1.310
1.294
1.191
1.199
1.344
1.263
1.166
1.238
1.456
1.291
1.242
1.270
1.146
1.233
1.261
1.230
1.320
1.289
1.457
1.211
1.227
1.254
1.197
1.277
1.354
1.351
1.169
1.194
1.108
1.174
1.198
1.198
1.269
1.255
1.382
1.270
1.349
1.151
1.280
1.325
1.235
1.179
1.208
1.207
1.295
1.264
1.328
1.321
1.244
1.240
1.163
1.313
1.154
1.209
1.194
1.191
1.298
1.217
1.212
1.326
1.382
1.180
1.417
1.144
1.266
1.205
1.345
1.142
1.186
1.203
1.308
1.219
1.270
1.271
1.278
1.326
1.255
1.285
1.225
1.206
1.278
1.223
1.234
1.178
1.169
1.410
1.273
1.175
1.352
1.241
1.149
1.276
1.305
1.276
1.427
1.200
1.300
1.080
1.243
1.308
1.302
1.181
1.168
1.227
1.228
1.514
1.352
1.200
1.144
1.181
1.263
1.302
1.405
1.246
1.295
1.268
1.239
1.252
1.293
1.383
1.231
1.263
1.238
1.181
1.246
1.227
1.238
1.267
1.185
1.274
1.249
1.280
1.237
1.220
1.139
1.279
1.182
1.273
1.313
1.245
1.490
1.356
1.199
1.230
1.167
1.134
1.164
1.229
1.209
1.273
1.132
1.373
1.364
1.101
1.171
1.430
1.260
1.292
1.249
1.097
1.289
1.278
1.241
1.293
1.143
1.216
1.269
1.354
1.087
1.224
1.173
1.306
1.219
1.281
1.196
1.194
1.274
1.161
1.201
1.347
1.220
1.396
1.576
1.175
1.226
1.275
1.202
1.321
1.295
1.256
1.201
1.315
1.395
1.263
1.265
1.292
1.288
1.170
1.264
1.333
1.199
1.148
1.353
1.100
1.328
1.215
1.110
1.401
1.268
1.132
1.347
1.188
1.145
1.306
1.092
1.328
1.292
1.312
1.339
1.360
1.271
1.261
1.357
1.239
1.240
1.191
1.190
1.228
1.216
1.280
1.291
1.209
1.267
1.282
1.368
1.291
1.236
1.195
1.288
1.301
1.277
1.280
1.236
1.259
1.211
1.295
1.253
1.066
1.251
1.284
1.184
1.204
1.211
1.186
1.258
1.110
1.233
1.249
1.252
1.174
1.180
1.186
1.085
1.209
1.310
1.255
1.282
1.235
1.196
1.262
1.245
1.213
1.233
1.220
1.231
1.253
1.239
1.231
1.419
1.152
1.206
1.255
1.220
1.182
1.291
1.329
1.262
1.354
1.176
1.236
1.294
1.270
1.177
1.149
1.239
1.216
1.314
1.312
1.328
1.297
1.355
1.288
1.254
1.300
1.281
1.384
1.320
1.209
1.241
1.276
1.236
1.186
1.229
1.238
1.167
1.274
1.139
1.249
1.252
1.202
1.160
1.283
1.225
1.214
1.213
1.332
1.285
1.276
1.221
1.243
1.160
1.214
1.268
1.157
1.308
1.217
1.209
1.203
1.453
1.284
1.460
1.292
1.146
1.462
1.208
1.373
1.325
1.254
1.201
1.246
1.138
1.257
1.161
1.308
1.287
1.377
1.389
1.142
1.270
1.109
1.246
1.355
1.263
1.281
1.129
1.250
1.319
1.256
1.211
1.364
1.372
1.363
1.333
1.191
1.098
1.219
1.271
1.284
1.255
1.149
1.223
1.365
1.279
1.194
1.097
1.100
1.247
1.403
1.390
1.182
1.234
1.180
1.235
1.268
1.190
1.180
1.178
1.398
1.265
1.322
1.272
1.314
1.272
1.227
1.263
1.135
1.251
1.209
1.288
1.235
1.146
1.241
1.183
1.273
1.247
1.287
1.159
1.329
1.256
1.214
1.194
1.251
1.351
1.296
1.192
1.230
1.215
1.253
1.292
1.334
1.182
1.256
1.211
1.300
1.258
1.202
1.259
1.328
1.373
1.192
1.328
1.111
1.279
1.131
1.240
1.214
1.261
1.208
1.485
1.346
1.314
1.337
1.154
1.107
1.173
1.304
1.389
1.222
1.265
1.257
1.413
1.330
1.381
1.255
1.291
1.193
1.250
1.225
1.356
1.358
1.269
1.250
1.342
1.247
1.165
1.247
1.241
1.248
1.281
1.172
1.229
1.269
1.309
1.261
1.251
1.335
1.162
1.303
1.361
1.425
1.291
1.259
1.303
1.223
1.203
1.210
1.183
1.201
1.301
1.312
1.319
1.200
1.284
1.322
1.335
1.193
1.210
1.249
1.197
1.194
1.289
1.143
1.144
1.326
1.149
1.188
1.182
1.197
1.304
1.242
1.174
1.214
1.292
1.175
1.297
1.242
1.257
1.231
1.351
1.256
1.171
1.328
1.104
1.231
1.180
1.163
1.220
1.318
1.240
1.309
1.219
1.201
1.204
1.130
1.388
1.257
1.299
1.369
1.177
1.226
1.408
1.278
1.267
1.174
1.428
1.216
1.291
1.098
1.271
1.295
1.206
1.309
1.330
1.282
1.248
1.185
1.249
1.341
1.211
1.218
1.270
1.327
1.363
1.404
1.173
1.206
1.353
1.136
1.265
1.141
1.289
1.192
1.288
1.291
1.210
1.269
1.130
1.345
1.121
1.227
1.146
1.158
1.137
1.272
1.151
1.293
1.212
1.272
1.211
1.297
1.263
1.350
1.274
1.472
1.245
1.178
1.274
1.230
1.301
1.296
1.431
1.297
1.255
1.234
1.257
1.364
1.246
1.223
1.279
1.231
1.246
1.387
1.209
1.196
1.186
1.236
1.303
1.266
1.095
1.306
1.347
1.284
1.187
1.136
1.309
1.198
1.456
1.386
1.162
1.360
1.276
1.165
1.193
1.189
1.196
1.201
1.218
1.264
1.355
1.097
1.224
1.295
1.354
1.314
1.242
1.268
1.244
1.339
1.361
1.214
1.280
1.392
1.314
1.215
1.249
1.361
1.226
1.233
1.249
1.187
1.233
1.177
1.271
1.266
1.219
1.178
1.260
1.264
1.169
1.093
1.181
1.153
1.171
1.126
1.348
1.229
1.394
1.229
1.419
1.345
1.317
1.223
1.335
1.223
1.137
1.261
1.207
1.225
1.214
1.425
1.218
1.411
1.282
1.251
1.331
1.147
1.302
1.191
1.403
1.108
1.289
1.208
1.118
1.301
1.476
1.289
1.387
1.256
1.181
1.246
1.259
1.146
1.218
1.167
1.290
1.217
1.294
1.104
1.254
1.052
1.291
1.189
1.161
1.252
1.276
1.240
1.261
1.270
1.239
1.247
1.294
1.242
1.223
1.309
1.311
1.277
1.211
1.356
1.190
1.281
1.310
1.185
1.268
1.306
1.214
1.246
1.255
1.196
1.251
1.307
1.276
1.279
1.231
1.309
1.310
1.263
1.178
1.259
1.264
1.229
1.235
1.319
1.293
1.245
1.112
1.190
1.261
1.246
1.369
1.206
1.124
1.249
1.242
1.452
1.329
1.418
1.220
1.175
1.247
1.201
1.338
1.118
1.196
1.266
1.121
1.134
1.266
1.293
1.262
1.219
1.225
1.292
1.365
1.212
1.255
1.324
1.408
1.218
1.291
1.159
1.181
1.318
1.299
1.215
1.312
1.206
1.292
1.413
1.185
1.229
1.169
1.222
1.190
1.157
1.308
1.373
1.250
1.374
1.246
1.323
1.263
1.151
1.377
1.151
1.244
1.241
1.199
1.229
1.191
1.159
1.174
1.416
1.253
1.124
1.245
1.282
1.315
1.122
1.052
1.239
1.148
1.352
1.342
1.273
1.163
1.181
1.212
1.183
1.276
1.142
1.268
1.216
1.228
1.350
1.338
1.265
1.340
1.336
1.313
1.169
1.238
1.193
1.357
1.263
1.331
1.211
1.249
1.264
1.246
1.323
1.247
1.229
1.227
1.317
1.116
1.287
1.160
1.303
1.284
1.258
1.275
1.251
1.344
1.373
1.219
1.298
1.247
1.318
1.240
1.404
1.129
1.329
1.185
1.207
1.205
1.310
1.277
1.254
1.244
1.182
1.259
1.219
1.291
1.178
1.138
1.193
1.161
1.088
1.261
1.238
1.158
1.128
1.187
1.276
1.175
1.394
1.221
1.064
1.180
1.288
1.252
1.214
1.358
1.461
1.336
1.307
1.174
1.232
1.139
1.183
1.214
1.285
1.253
1.321
1.211
1.176
1.369
1.305
1.191
1.217
1.381
1.306
1.331
1.247
1.272
1.258
1.162
1.275
1.311
1.251
1.279
1.242
1.180
1.252
1.121
1.329
1.262
1.315
1.195
1.297
1.211
1.203
1.281
1.328
1.262
1.309
1.316
1.405
1.116
1.185
1.276
1.395
1.239
1.209
1.357
1.360
1.240
1.195
1.291
1.184
1.163
1.316
1.266
1.255
1.334
1.285
1.294
1.180
1.367
1.289
1.276
1.177
1.329
1.264
1.261
1.222
1.208
1.376
1.292
1.182
1.196
1.299
1.171
1.413
1.324
1.274
1.266
1.345
1.275
1.196
1.239
1.175
1.241
1.160
1.169
1.214
1.271
1.208
1.266
1.306
1.272
1.270
1.285
1.311
1.150
1.201
1.287
1.320
1.116
1.345
1.305
1.226
1.274
1.234
1.299
1.192
1.273
1.266
1.256
1.312
1.134
1.205
1.165
1.399
1.280
1.243
1.299
1.272
1.320
1.243
1.229
1.201
1.357
1.276
1.187
1.352
1.181
1.180
1.234
1.224
1.278
1.205
1.167
1.155
1.243
1.163
1.139
1.272
1.186
1.144
1.232
1.244
1.157
1.208
1.315
1.194
1.303
1.214
1.322
1.185
1.223
1.203
1.340
1.297
1.122
1.386
1.290
1.315
1.192
1.377
1.313
1.220
1.142
1.457
1.105
1.291
1.442
1.280
1.302
1.263
1.353
1.183
1.213
1.232
1.219
1.202
1.191
1.252
1.298
1.270
1.222
1.291
1.266
1.119
1.384
1.254
1.192
1.155
1.305
1.261
1.140
1.131
1.153
1.278
1.303
1.201
1.149
1.252
1.144
1.240
1.115
1.100
1.248
1.178
1.249
1.354
1.274
1.139
1.362
1.269
1.227
1.367
1.175
1.235
1.229
1.234
1.153
1.351
1.263
1.294
1.252
1.225
1.160
1.161
1.189
1.374
1.239
1.226
1.160
1.264
1.291
1.389
1.200
1.271
1.248
1.154
1.263
1.211
1.209
1.230
1.311
1.223
1.315
1.170
1.349
1.295
1.218
1.293
1.184
1.305
1.165
1.288
1.208
1.271
1.439
1.298
1.283
1.236
1.153
1.155
1.180
1.186
1.293
1.268
1.304
1.270
1.188
1.235
1.184
1.300
1.251
1.273
1.372
1.270
1.102
1.207
1.260
1.262
1.228
1.170
1.307
1.256
1.344
1.136
1.309
1.258
1.140
1.334
1.280
1.228
1.257
1.291
1.217
1.303
1.250
1.217
1.262
1.133
1.211
1.301
1.267
1.273
1.276
1.166
1.214
1.199
1.218
1.348
1.358
1.171
1.263
1.239
1.198
1.245
1.215
1.334
1.254
1.352
1.304
1.291
1.274
1.152
1.183
1.355
1.143
1.332
1.316
1.368
1.312
1.262
1.322
1.295
1.208
1.280
1.222
1.306
1.356
1.222
1.160
1.355
1.209
1.110
1.176
1.151
1.378
1.245
1.209
1.186
1.243
1.338
1.250
1.190
1.232
1.152
1.229
1.256
1.211
1.177
1.240
1.195
1.193
1.187
1.116
1.287
1.197
1.179
1.224
1.376
1.265
1.251
1.172
1.357
1.351
1.301
1.322
1.238
1.243
1.343
1.301
1.385
1.350
1.171
1.129
1.215
1.266
1.299
1.198
1.243
1.223
1.297
1.414
1.206
1.286
1.232
1.427
1.312
1.332
1.197
1.209
1.149
1.363
1.249
1.355
1.319
1.144
1.216
1.179
1.158
1.293
1.286
1.251
1.170
1.219
1.182
1.273
1.361
1.220
1.192
1.260
1.269
1.147
1.289
1.272
1.202
1.168
1.230
1.176
1.188
1.185
1.284
1.204
1.309
1.359
1.323
1.182
1.276
1.211
1.221
1.172
1.181
1.348
1.578
1.242
1.295
1.145
1.227
1.203
1.310
1.308
1.287
1.163
1.249
1.332
1.176
1.269
1.260
1.209
1.209
1.263
1.241
1.185
1.298
1.201
1.312
1.311
1.216
1.257
1.254
1.240
1.189
1.260
1.348
1.246
1.335
1.115
1.290
1.192
1.339
1.264
1.235
1.226
1.216
1.353
1.222
1.251
1.205
1.189
1.190
1.183
1.160
1.257
1.253
1.421
1.317
1.248
1.167
1.225
1.268
1.206
1.332
1.228
1.189
1.222
1.366
1.315
1.236
1.283
1.226
1.194
1.185
1.295
1.284
1.202
1.169
1.251
1.325
1.335
1.215
1.166
1.189
1.196
1.306
1.173
1.189
1.265
1.238
1.179
1.137
1.314
1.299
1.154
1.131
1.242
1.125
1.214
1.265
1.262
1.234
1.221
1.218
1.238
1.199
1.300
1.318
1.164
1.270
1.333
1.273
1.197
1.278
1.124
1.352
1.198
1.327
1.420
1.222
1.218
1.222
1.276
1.255
1.295
1.288
1.247
1.227
1.168
1.246
1.183
1.151
1.126
1.457
1.311
1.194
1.143
1.298
1.285
1.259
1.216
1.158
1.216
1.241
1.244
1.212
1.247
1.289
1.155
1.229
1.308
1.160
1.204
1.253
1.233
1.226
1.324
1.250
1.255
1.172
1.203
1.272
1.294
1.353
1.330
1.192
1.159
1.303
1.400
1.285
1.175
1.129
1.127
1.212
1.157
1.259
1.116
1.205
1.219
1.249
1.156
1.188
1.237
1.265
1.330
1.286
1.181
1.229
1.120
1.280
1.127
1.216
1.222
1.224
1.243
1.201
1.389
1.208
1.254
1.128
1.376
1.133
1.234
1.244
1.197
1.265
1.165
1.166
1.263
1.272
1.478
1.164
1.232
1.244
1.177
1.225
1.258
1.220
1.168
1.417
1.385
1.109
1.233
1.201
1.230
1.245
1.432
1.322
1.275
1.354
1.143
1.412
1.373
1.333
1.316
1.107
1.233
1.302
1.249
1.198
1.232
1.136
1.279
1.265
1.365
1.252
1.244
1.190
1.255
1.283
1.140
1.322
1.309
1.178
1.232
1.327
1.161
1.228
1.243
1.304
1.210
1.267
1.263
1.243
1.259
1.192
1.261
1.235
1.220
1.229
1.232
1.332
1.196
1.191
1.294
1.029
1.177
1.285
1.268
1.265
1.223
1.237
1.198
1.364
1.170
1.179
1.172
1.248
1.268
1.226
1.242
1.373
1.168
1.258
1.192
1.242
1.276
1.316
1.201
1.302
1.213
1.219
1.165
1.326
1.313
1.159
1.260
1.274
1.173
1.209
1.265
1.204
1.256
1.268
1.302
1.268
1.353
1.222
1.241
1.309
1.238
1.200
1.418
1.246
1.478
1.367
1.210
1.175
1.256
1.295
1.319
1.311
1.175
1.242
1.238
1.161
1.290
1.182
1.333
1.305
1.216
1.226
1.165
1.163
1.266
1.273
1.244
1.260
1.325
1.203
1.222
1.146
1.403
1.427
1.322
1.082
1.388
1.356
1.216
1.237
1.120
1.256
1.237
1.294
1.247
1.286
1.465
1.263
1.221
1.410
1.156
1.231
1.202
1.259
1.144
1.130
1.383
1.235
1.086
1.192
1.248
1.242
1.248
1.233
1.199
1.199
1.255
1.158
1.249
1.363
1.252
1.308
1.309
1.190
1.193
1.201
1.235
1.240
1.299
1.307
1.222
1.204
1.280
1.406
1.165
1.200
1.114
1.285
1.306
1.159
1.349
1.239
1.216
1.270
1.258
1.259
1.132
1.268
1.107
1.372
1.389
1.292
1.270
1.209
1.302
1.196
1.208
1.336
1.393
1.202
1.217
1.229
1.239
1.373
1.284
1.262
1.135
1.248
1.241
1.153
1.306
1.292
1.208
1.278
1.197
1.347
1.174
1.180
1.338
1.238
1.333
1.267
1.240
1.226
1.344
1.120
1.234
1.156
1.219
1.198
1.296
1.330
1.214
1.102
1.152
1.462
1.467
1.233
1.329
1.298
1.131
1.229
1.421
1.229
1.073
1.169
1.333
1.245
1.266
1.223
1.094
1.400
1.227
1.216
1.114
1.306
1.140
1.376
1.289
1.213
1.225
1.251
1.256
1.378
1.306
1.240
1.371
1.192
1.218
1.110
1.271
1.178
1.291
1.195
1.337
1.265
1.191
1.207
1.172
1.288
1.232
1.111
1.168
1.234
1.198
1.157
1.265
1.207
1.203
1.203
1.174
1.275
1.202
1.156
1.239
1.278
1.239
1.248
1.327
1.280
1.133
1.305
1.304
1.319
1.212
1.255
1.309
1.366
1.232
1.304
1.317
1.250
1.168
1.271
1.283
1.202
1.300
1.255
1.339
1.201
1.443
1.240
1.230
1.381
1.363
1.234
1.312
1.365
1.147
1.122
1.206
1.222
1.317
1.323
1.141
1.271
1.212
1.270
1.265
1.301
1.157
1.140
1.301
1.193
1.233
1.064
1.291
1.420
1.324
1.208
1.167
1.118
1.293
1.233
1.472
1.297
1.202
1.200
1.205
1.275
1.281
1.250
1.167
1.229
1.278
1.178
1.294
1.266
1.189
1.317
1.344
1.209
1.280
1.215
1.108
1.220
1.150
1.349
1.196
1.229
1.137
1.164
1.357
1.185
1.211
1.237
1.323
1.295
1.223
1.202
1.270
1.359
1.344
1.263
1.217
1.227
1.351
1.195
1.157
1.231
1.210
1.280
1.203
1.151
1.191
1.235
1.245
1.179
1.219
1.317
1.260
1.148
1.245
1.229
1.198
1.165
1.174
1.230
1.346
1.107
1.244
1.402
1.219
1.216
1.188
1.279
1.377
1.156
1.243
1.207
1.186
1.197
1.177
1.266
1.197
1.309
1.196
1.278
1.159
1.212
1.324
1.266
1.267
1.305
1.310
1.218
1.191
1.400
1.206
1.158
1.287
1.341
1.305
1.245
1.186
1.341
1.149
1.176
1.301
1.244
1.296
1.221
1.387
1.284
1.148
1.121
1.156
1.282
1.210
1.274
1.211
1.227
1.179
1.275
1.239
1.419
1.135
1.271
1.247
1.207
1.288
1.171
1.187
1.247
1.239
1.114
1.240
1.222
1.195
1.203
1.139
1.197
1.288
1.251
1.270
1.132
1.209
1.369
1.255
1.187
1.261
1.210
1.283
1.326
1.217
1.322
1.231
1.365
1.186
1.174
1.198
1.258
1.272
1.200
1.313
1.291
1.257
1.214
1.303
1.115
1.287
1.281
1.187
1.182
1.222
1.273
1.123
1.230
1.251
1.306
1.265
1.296
1.256
1.208
1.288
1.149
1.191
1.313
1.314
1.159
1.415
1.285
1.374
1.185
1.323
1.169
1.285
1.204
1.216
1.450
1.158
1.233
1.335
1.163
1.112
1.345
1.266
1.237
1.240
1.329
1.257
1.154
1.334
1.199
1.251
1.273
1.165
1.209
1.458
1.188
1.175
1.182
1.178
1.350
1.183
1.297
1.306
1.261
1.188
1.257
1.269
1.212
1.158
1.248
1.281
1.163
1.160
1.221
1.164
1.135
1.174
1.137
1.183
1.261
1.152
1.315
1.225
1.239
1.187
1.376
1.127
1.215
1.174
1.170
1.237
1.286
1.262
1.280
1.196
1.242
1.237
1.273
1.329
1.200
1.118
1.146
1.151
1.264
1.181
1.254
1.224
1.282
1.234
1.280
1.210
1.241
1.230
1.120
1.259
1.204
1.281
1.217
1.150
1.259
1.136
1.190
1.158
1.346
1.316
1.351
1.145
1.179
1.197
1.232
1.241
1.239
1.191
1.252
1.298
1.115
1.309
1.281
1.411
1.214
1.129
1.225
1.301
1.253
1.367
1.138
1.266
1.224
1.195
1.232
1.325
1.235
1.362
1.199
1.204
1.202
1.268
1.183
1.245
1.139
1.270
1.196
1.256
1.250
1.244
1.372
1.216
1.187
1.239
1.236
1.169
1.207
1.235
1.297
1.272
1.273
1.209
1.331
1.165
1.280
1.345
1.169
1.225
1.198
1.212
1.390
1.201
1.228
1.339
1.205
1.163
1.205
1.163
1.099
1.251
1.267
1.172
1.262
1.195
1.178
1.211
1.339
1.139
1.189
1.146
1.312
1.315
1.269
1.210
1.281
1.171
1.230
1.191
1.294
1.395
1.220
1.190
1.219
1.298
1.238
1.163
1.167
1.267
1.050
1.252
1.231
1.312
1.225
1.219
1.244
1.194
1.349
1.330
1.174
1.227
1.339
1.103
1.126
1.235
1.108
1.048
1.269
1.253
1.201
1.218
1.199
1.219
1.367
1.358
1.047
1.176
1.069
1.209
1.128
1.155
1.143
1.183
1.172
1.299
1.201
1.331
1.195
1.152
1.181
1.199
1.266
1.206
1.238
1.237
1.186
1.214
1.347
1.315
1.220
1.083
1.211
1.158
1.315
1.210
1.174
1.168
1.251
1.205
1.168
1.115
1.157
1.136
1.156
1.208
1.170
1.282
1.220
1.402
1.213
1.300
1.121
1.386
1.310
1.068
1.205
1.322
1.218
1.182
1.233
1.304
1.129
1.080
1.095
1.214
1.314
1.227
1.183
1.204
1.180
1.284
1.276
1.194
1.226
1.234
1.240
1.096
1.247
1.206
1.310
1.152
1.248
1.242
1.224
1.292
1.188
1.171
1.181
1.159
1.271
1.340
1.250
1.147
1.181
1.237
1.196
1.270
1.306
1.111
1.248
1.187
1.095
1.184
1.216
1.206
1.303
1.187
1.249
1.181
1.196
1.280
1.155
1.168
1.188
1.222
1.145
1.154
1.215
1.165
1.274
1.245
1.109
1.307
1.189
1.284
1.326
1.294
1.266
1.125
1.224
1.176
1.297
1.310
1.191
1.403
1.275
1.248
1.242
1.268
1.263
1.233
1.190
1.263
1.290
1.184
1.240
1.279
1.272
1.179
1.279
1.209
1.175
1.182
1.197
1.154
1.322
1.178
1.178
1.160
1.181
1.341
1.249
1.273
1.268
1.175
1.213
1.252
1.145
1.275
1.300
1.152
1.163
1.136
1.213
1.173
1.192
1.288
1.114
1.223
1.229
1.161
1.168
1.098
1.277
1.217
1.245
1.184
1.216
1.176
1.185
1.273
1.311
1.198
1.283
1.178
1.080
1.159
1.228
1.235
1.132
1.304
1.264
1.245
1.192
1.177
1.253
1.200
1.142
1.268
1.286
1.152
1.164
1.247
1.101
1.111
1.290
1.248
1.214
1.434
1.191
1.181
1.220
1.240
1.396
1.411
1.306
1.287
1.268
1.298
1.141
1.170
1.166
1.143
1.164
1.201
1.241
1.139
1.185
1.198
1.169
1.246
1.328
1.113
1.203
1.263
1.222
1.318
1.291
1.219
1.360
1.364
1.141
1.245
1.369
1.267
1.198
1.213
1.368
1.273
1.216
1.167
1.288
1.252
1.257
1.315
1.159
1.174
1.312
1.185
1.355
1.193
1.354
1.267
1.238
1.207
1.047
1.218
1.219
1.442
1.360
1.199
1.201
1.155
1.257
1.175
1.289
1.188
1.206
1.221
1.304
1.275
1.143
1.217
1.277
1.309
1.163
1.273
1.355
1.208
1.270
1.234
1.186
1.216
1.169
1.212
1.332
1.344
1.072
1.205
1.229
1.231
1.200
1.296
1.236
1.239
1.245
1.211
1.267
1.292
1.018
1.400
1.199
1.179
1.261
1.239
1.120
1.203
1.259
1.250
1.182
1.204
1.216
1.117
1.316
1.224
1.280
1.150
1.217
1.265
1.297
1.191
1.279
1.107
1.297
1.163
1.185
1.373
1.155
1.281
1.159
1.299
1.164
1.250
1.164
1.183
1.195
1.134
1.276
1.327
1.245
1.204
1.213
1.158
1.219
1.192
1.124
1.279
1.240
1.194
1.228
1.120
1.271
1.190
1.146
1.214
1.236
1.164
1.244
1.286
1.180
1.141
1.211
1.185
1.301
1.162
1.227
1.234
1.281
1.101
1.149
1.221
1.236
1.158
1.233
1.286
1.184
1.121
1.170
1.179
1.164
1.174
1.321
1.274
1.136
1.282
1.206
1.270
1.206
1.273
1.209
1.345
1.225
1.264
1.267
1.284
1.325
1.259
1.216
1.126
1.262
1.178
1.269
1.142
1.337
1.181
1.230
1.258
1.110
1.351
1.262
1.269
1.171
1.260
1.284
1.210
1.390
1.299
1.245
1.370
1.160
1.239
1.122
1.326
1.318
1.166
1.240
1.233
1.206
1.308
1.277
1.192
1.041
1.169
1.243
1.148
1.365
1.112
1.219
1.198
1.268
1.248
1.160
1.293
1.136
1.212
1.311
1.205
1.299
1.262
1.116
1.287
1.253
1.159
1.162
1.244
1.192
1.312
1.225
1.303
1.134
1.139
1.365
1.153
1.179
1.220
1.233
1.282
1.276
1.187
1.191
1.220
1.288
1.265
1.194
1.208
1.270
1.111
1.101
1.251
1.182
1.199
1.160
1.291
1.311
1.180
1.351
1.202
1.240
1.241
1.148
1.261
1.132
1.235
1.130
1.210
1.139
1.225
1.234
1.364
1.292
1.327
1.153
1.237
1.145
1.124
1.188
1.237
1.232
1.248
1.211
1.199
1.256
1.129
1.291
1.241
1.127
1.292
1.219
1.095
1.163
1.148
1.273
1.207
1.140
1.155
1.294
1.226
1.145
1.146
1.270
1.375
1.152
1.411
1.269
1.238
1.217
1.423
1.199
1.261
1.339
1.209
1.225
1.304
1.226
1.283
1.164
1.071
1.213
1.280
1.195
1.210
1.118
1.220
1.213
1.242
1.129
1.227
1.245
1.369
1.255
1.226
1.156
1.195
1.370
1.266
1.197
1.287
1.265
1.327
1.212
1.214
1.156
1.132
1.212
1.164
1.217
1.241
1.464
1.249
1.286
1.337
1.235
1.240
1.173
1.138
1.168
1.224
1.247
1.176
1.272
1.214
1.122
1.090
1.164
1.203
1.125
1.062
1.233
1.152
1.318
1.186
1.124
1.272
1.344
1.272
1.215
1.269
1.294
1.181
1.257
1.174
1.295
1.243
1.230
1.199
1.121
1.172
1.320
1.261
1.277
1.151
1.177
1.122
1.170
1.261
1.273
1.206
1.231
1.281
1.235
1.166
1.253
1.181
1.209
1.236
1.074
1.345
1.161
1.241
1.188
1.145
1.234
1.301
1.222
1.260
1.166
1.216
1.194
1.218
1.209
1.273
1.193
1.216
1.272
1.124
1.316
1.116
1.157
1.285
1.358
1.281
1.219
1.228
1.214
1.133
1.205
1.240
1.297
1.283
1.193
1.412
1.119
1.291
1.152
1.234
1.331
1.295
1.212
1.137
1.369
1.167
1.317
1.168
1.193
1.204
1.178
1.383
1.362
1.249
1.246
1.089
1.255
1.219
1.209
1.299
1.233
1.204
1.116
1.240
1.299
1.207
1.103
1.388
1.072
1.194
1.141
1.293
1.231
1.256
1.327
1.265
1.136
1.210
1.138
1.219
1.075
1.120
1.228
1.218
1.426
1.221
1.132
1.250
1.193
1.243
1.036
1.342
1.193
1.255
1.147
1.181
1.102
1.121
1.321
1.267
1.161
1.378
1.144
1.211
1.232
1.240
1.163
1.215
1.229
1.221
1.269
1.160
1.392
1.263
1.246
1.256
1.288
1.262
1.282
1.280
1.292
1.321
1.253
1.183
1.359
1.112
1.231
1.305
1.208
1.199
1.111
1.257
1.203
1.243
1.178
1.326
1.183
1.299
1.177
1.296
1.184
1.348
1.182
1.180
1.287
1.148
1.046
1.119
1.233
1.311
1.218
1.151
1.083
1.214
1.261
1.269
1.305
1.122
1.232
1.225
1.232
1.234
1.141
1.237
1.228
1.200
1.280
1.243
1.139
1.296
1.243
1.219
1.340
1.139
1.202
1.274
1.386
1.148
1.185
1.233
1.205
1.234
1.253
1.314
1.366
1.190
1.136
1.205
1.233
1.257
1.163
1.097
1.216
1.285
1.274
1.180
1.278
1.360
1.229
1.255
1.194
1.210
1.169
1.403
1.111
1.120
1.168
1.223
1.245
1.213
1.237
1.201
1.155
1.248
1.277
1.240
1.256
1.263
1.230
1.177
1.030
1.190
1.204
1.171
1.123
1.148
1.179
1.328
1.141
1.371
1.177
1.151
1.154
1.285
1.227
1.164
1.285
1.176
1.178
1.118
1.268
1.162
1.209
1.364
1.255
1.236
1.196
1.201
1.059
1.299
1.360
1.103
1.349
1.259
1.248
1.147
1.265
1.120
1.333
1.109
1.179
1.349
1.311
1.109
1.272
1.288
1.138
1.152
1.270
1.206
1.201
1.220
1.233
1.217
1.203
1.368
1.169
1.308
1.202
1.188
1.203
1.292
1.193
1.175
1.309
1.188
1.279
1.222
1.226
1.291
1.273
1.367
1.189
1.214
1.397
1.185
1.208
1.256
1.162
1.142
1.150
1.314
1.098
1.198
1.138
1.298
1.224
1.142
1.365
1.316
1.150
1.190
1.296
1.179
1.177
1.216
1.330
1.162
1.214
1.242
1.393
1.260
1.256
1.255
1.210
1.131
1.246
1.214
1.208
1.274
1.195
1.163
1.271
1.119
1.275
1.235
1.123
1.164
1.257
1.214
1.097
1.251
1.290
1.342
1.164
1.196
1.126
1.261
1.124
1.220
1.254
1.199
1.225
1.152
1.141
1.126
1.329
1.263
1.233
1.114
1.232
1.159
1.237
1.217
1.212
1.159
1.154
1.165
1.211
1.212
1.123
1.200
1.156
1.187
1.207
1.167
1.189
1.355
1.161
1.195
1.204
1.257
1.298
1.213
1.182
1.158
1.264
1.351
1.231
1.185
1.147
1.160
1.299
1.373
1.340
1.335
1.218
1.124
1.230
1.168
1.308
1.199
1.207
1.265
1.220
1.418
1.086
1.274
1.184
1.283
1.276
1.230
1.391
1.111
1.214
1.193
1.261
1.176
1.160
1.173
1.247
1.218
1.224
1.290
1.239
1.239
1.062
1.196
1.223
1.191
1.292
1.233
1.180
1.338
1.181
1.231
1.229
1.173
1.293
1.216
1.142
1.055
1.214
1.139
1.209
1.254
1.196
1.253
1.206
1.142
1.270
1.207
1.338
1.191
1.149
1.233
1.115
1.244
1.188
1.258
1.190
1.243
1.166
1.169
1.286
1.209
1.238
1.167
1.249
1.169
1.255
1.240
1.254
1.193
1.162
1.201
1.152
1.263
1.203
1.133
1.258
1.214
1.233
1.178
1.298
1.216
1.193
1.363
1.186
1.240
1.318
1.248
1.160
1.168
1.319
0.996
1.220
1.247
1.088
1.195
1.209
1.254
1.137
1.240
1.211
1.174
1.248
1.252
1.167
1.456
1.129
1.057
1.189
1.174
1.179
1.207
1.195
1.128
1.139
1.128
1.137
1.351
1.220
1.316
1.400
1.185
1.215
1.202
1.234
1.182
1.296
1.235
1.262
1.217
1.282
1.290
1.268
1.174
1.261
1.247
1.274
1.159
1.306
1.235
1.177
1.204
1.198
1.081
1.225
1.185
1.336
1.285
1.079
1.204
1.149
1.057
1.182
1.271
1.271
1.159
1.217
1.157
1.373
1.357
1.277
1.263
1.241
1.167
1.392
1.214
1.290
1.119
1.337
1.192
1.217
1.188
1.202
1.200
1.223
1.250
1.205
1.216
1.285
1.332
1.233
1.296
1.189
1.328
1.301
1.283
1.208
1.243
1.244
1.140
1.124
1.347
1.223
1.264
1.267
1.135
1.250
1.221
1.306
1.340
1.202
1.150
1.223
1.233
1.213
1.361
1.125
1.262
1.197
1.283
1.216
1.200
1.208
1.240
1.302
1.272
1.220
1.146
1.259
1.239
1.136
1.312
1.223
1.206
1.269
1.202
1.108
1.243
1.247
1.175
1.290
1.121
1.279
1.133
1.249
1.286
1.135
1.224
1.210
1.195
1.224
1.141
1.164
1.158
1.263
1.171
1.156
1.181
1.206
1.219
1.291
1.269
1.229
1.225
1.201
1.168
1.162
1.047
1.181
1.190
1.233
1.223
1.237
1.125
1.212
1.368
1.173
1.244
1.345
1.387
1.318
1.296
1.109
1.252
1.134
1.360
1.278
1.195
1.269
1.212
1.199
1.194
1.368
1.202
1.216
1.291
1.342
1.193
1.294
1.219
1.155
1.198
1.203
1.214
1.200
1.212
1.249
1.240
1.145
1.270
1.161
1.165
1.259
1.207
1.331
1.110
1.060
1.206
1.200
1.205
1.284
1.210
1.239
1.228
1.192
1.241
1.224
1.185
1.173
1.203
1.290
1.194
1.175
1.086
1.257
1.277
1.194
1.261
1.168
1.124
1.388
1.144
1.124
1.251
1.094
1.481
1.162
1.292
1.153
1.103
1.223
1.211
1.116
1.258
1.162
1.164
1.219
1.175
1.221
1.211
1.370
1.184
1.377
1.141
1.165
1.135
1.249
1.282
1.250
1.193
1.223
1.332
1.194
1.225
1.158
1.266
1.106
1.212
1.202
1.257
1.180
1.121
1.196
1.208
1.218
1.171
1.160
1.196
1.127
1.199
1.208
1.411
1.166
1.224
1.307
1.199
1.190
1.174
1.193
1.238
1.151
1.164
1.274
1.301
1.294
1.247
1.179
1.394
1.217
1.217
1.237
1.236
1.210
1.226
1.287
1.222
1.095
1.257
1.306
1.347
1.171
1.205
1.170
1.318
1.277
1.148
1.120
1.215
1.211
1.177
1.208
1.157
1.193
1.192
1.059
1.210
1.221
1.233
1.073
1.165
1.167
1.271
1.041
1.260
1.199
1.213
1.132
1.141
1.169
1.125
1.324
1.208
1.248
1.260
1.246
1.250
1.229
1.357
1.353
1.226
1.190
1.196
1.245
1.294
1.243
1.213
1.294
1.179
1.220
1.375
1.178
1.087
1.160
1.171
1.158
1.170
1.378
1.205
1.168
1.190
1.229
1.205
1.225
1.193
1.051
1.201
1.205
1.342
1.263
1.214
1.174
1.255
1.122
1.216
1.030
1.184
1.153
1.183
1.270
1.201
1.311
1.222
1.265
1.190
1.177
1.267
1.205
1.146
1.210
1.143
1.248
1.215
1.178
1.124
1.311
1.095
1.288
1.326
1.163
1.074
1.241
1.150
1.275
1.239
1.346
1.166
1.151
1.256
1.243
1.222
1.239
1.107
1.324
1.181
1.244
1.285
1.250
1.160
1.292
1.169
1.336
1.257
1.263
1.204
1.209
1.177
1.173
1.081
1.196
1.383
1.190
1.201
1.235
1.206
1.139
1.265
1.192
1.437
1.271
1.147
1.409
1.139
1.176
1.166
1.196
1.100
1.180
1.204
1.179
1.306
1.210
1.260
1.156
1.185
1.332
1.170
1.225
1.240
1.236
1.158
1.120
1.170
1.240
1.342
1.306
1.191
1.178
1.157
1.157
1.318
1.024
1.217
1.264
1.199
1.154
1.261
1.170
1.264
1.147
1.302
1.206
1.217
1.124
1.068
1.244
1.290
1.305
1.070
1.217
1.185
1.283
1.376
1.243
1.190
1.207
1.308
1.173
1.233
1.089
1.107
1.312
1.177
1.345
1.083
1.192
1.368
1.219
1.184
1.335
1.188
1.154
1.372
1.206
1.232
1.218
1.306
1.341
1.196
1.180
1.375
1.165
1.189
1.265
1.149
1.245
1.135
1.161
1.259
1.187
1.308
1.166
1.115
1.231
1.215
1.287
1.185
1.243
1.133
1.262
1.298
1.188
1.346
1.183
1.212
1.165
1.337
1.289
1.131
1.360
1.189
1.326
1.217
1.214
1.145
1.186
1.190
1.177
1.175
1.229
1.184
1.217
1.358
1.296
1.127
1.380
1.190
1.243
1.284
1.239
1.266
1.204
1.176
1.180
1.231
1.235
1.319
1.314
1.324
1.294
1.290
1.131
1.267
1.182
1.224
1.119
1.261
1.278
1.326
1.207
1.174
1.237
1.113
1.166
1.150
1.097
1.266
1.208
1.208
1.240
1.095
1.168
1.223
1.102
1.193
1.086
1.096
1.272
1.270
1.173
1.114
1.182
1.276
1.215
1.241
1.228
1.142
1.207
1.186
1.248
1.208
1.177
1.216
1.222
1.220
1.237
1.184
1.203
1.213
1.310
1.198
1.191
1.155
1.233
1.173
1.201
1.240
1.193
1.231
1.269
1.333
1.248
1.293
1.316
1.155
1.131
1.059
1.096
1.203
1.168
1.208
1.189
1.156
1.263
1.106
1.194
1.078
1.204
1.145
1.235
1.148
1.230
1.296
1.172
1.183
1.240
1.327
1.322
1.276
1.281
1.274
1.250
1.316
1.175
1.177
1.104
1.177
1.239
1.182
1.273
1.272
1.206
1.264
1.289
1.278
1.191
1.364
1.221
1.267
1.221
1.157
1.168
1.259
1.280
1.212
1.223
1.141
1.350
1.199
1.347
1.066
1.149
1.183
1.311
1.316
1.342
1.317
1.395
1.303
1.250
1.106
1.183
1.359
1.348
1.243
1.150
1.233
1.241
1.289
1.283
1.248
1.261
1.130
1.193
1.272
1.120
1.197
1.222
1.299
1.242
1.214
1.233
1.246
1.196
1.155
1.095
1.215
1.243
1.181
1.201
1.116
1.241
1.312
1.141
1.298
1.257
1.135
1.212
1.241
1.103
1.087
1.118
1.257
1.340
1.111
1.261
1.284
1.121
1.348
1.275
1.280
1.291
1.198
1.229
1.165
1.165
1.209
1.333
1.186
1.125
1.208
1.170
1.121
1.187
1.287
1.188
1.114
1.145
1.145
1.272
1.213
1.194
1.213
1.338
1.185
1.200
1.157
1.152
1.204
1.258
1.246
1.150
1.218
1.211
1.280
1.258
1.106
1.106
1.242
1.239
1.085
1.162
1.347
1.253
1.301
1.236
1.196
1.145
1.105
1.290
1.250
1.221
1.083
1.234
1.054
1.296
1.268
1.320
1.112
1.210
1.204
1.232
1.380
1.283
1.179
1.230
1.098
1.241
1.395
1.210
1.198
1.305
1.150
1.264
1.259
1.130
1.235
1.219
1.149
1.151
1.194
1.209
1.264
1.302
1.175
1.165
1.292
1.211
1.272
1.182
1.340
1.209
1.092
1.247
1.201
1.144
1.161
1.190
1.316
1.215
1.219
1.242
1.334
1.211
1.248
1.215
1.387
1.099
1.168
1.198
1.227
1.186
1.311
1.111
1.269
1.021
1.274
1.114
1.276
1.224
1.183
1.212
1.275
1.134
1.085
1.226
1.303
1.253
1.166
1.185
1.114
1.292
1.206
1.288
1.149
1.212
1.199
1.143
1.191
1.318
1.258
1.084
1.346
1.249
1.120
1.144
1.159
1.165
1.309
1.133
1.132
1.159
1.146
1.194
1.208
1.155
1.234
1.187
1.251
1.289
1.180
1.130
1.228
1.223
1.106
1.183
1.212
1.250
1.226
1.257
1.010
1.315
1.250
1.225
1.324
1.179
1.215
1.152
1.267
1.132
1.231
1.217
1.126
1.258
1.259
1.308
1.249
1.249
1.189
1.152
1.197
1.203
1.225
1.153
1.283
1.160
1.277
1.307
1.160
1.256
1.315
1.170
1.191
1.255
1.296
1.183
1.203
1.194
1.248
1.206
1.313
1.149
1.183
1.252
1.292
1.172
1.216
1.096
1.215
1.375
1.337
1.198
1.328
1.194
1.157
1.448
1.243
1.227
1.083
1.124
1.209
1.258
1.138
1.174
1.176
1.189
1.143
1.283
1.184
1.212
1.132
1.276
1.277
1.238
1.164
1.162
1.165
1.118
1.208
1.192
1.235
1.203
1.257
1.270
1.149
1.216
1.223
1.102
1.267
1.308
1.096
1.346
1.179
1.245
1.217
1.310
1.282
1.274
1.280
1.327
1.179
1.274
1.071
1.204
1.349
1.164
1.303
1.321
1.210
1.281
1.203
1.344
1.168
1.282
1.217
1.229
1.202
1.023
1.168
1.155
1.186
1.092
1.289
1.218
1.247
1.289
1.239
1.291
1.217
1.271
1.226
1.162
1.253
1.387
1.214
1.159
1.307
1.199
1.204
1.265
1.458
1.117
1.265
1.167
1.074
1.330
1.207
1.336
1.230
1.145
1.195
1.151
1.268
1.200
1.185
1.244
1.156
1.180
1.291
1.061
1.176
1.174
1.237
1.320
1.178
1.288
1.261
1.141
1.254
1.183
1.267
1.326
1.257
1.426
1.280
1.312
1.188
1.238
1.121
1.396
1.234
1.094
1.230
1.122
1.324
1.256
1.209
1.291
1.343
1.390
1.178
1.156
1.329
1.251
1.146
1.271
1.196
1.153
1.130
1.304
1.153
1.315
1.215
1.155
1.186
1.220
1.251
1.240
1.206
1.147
1.237
1.208
1.243
1.269
1.116
1.148
1.213
1.258
1.242
1.115
1.218
1.189
1.299
1.224
1.175
1.243
1.249
1.174
1.229
1.261
1.212
1.310
1.230
1.315
1.291
1.167
1.224
1.226
1.056
1.298
1.182
1.275
1.192
1.229
1.151
1.152
1.037
1.248
1.287
1.267
1.239
1.216
1.327
1.231
1.213
1.262
1.127
1.149
1.300
1.129
1.122
1.160
1.246
1.255
1.206
1.132
1.086
1.232
1.260
1.301
1.205
1.207
1.154
1.243
1.189
1.355
1.271
1.158
1.137
1.208
1.214
1.122
1.100
1.170
1.231
1.234
1.296
1.179
1.255
1.289
1.228
1.274
1.240
1.308
1.299
1.179
1.181
1.325
1.370
1.252
1.176
1.239
1.214
1.208
1.132
1.253
1.271
1.255
1.229
1.134
1.247
1.203
1.227
1.338
1.183
1.107
1.334
1.181
1.064
1.220
1.255
1.316
1.244
1.223
1.353
1.244
1.129
1.203
1.238
1.195
1.229
1.320
1.076
1.221
1.210
1.244
1.159
1.237
1.150
1.151
1.201
1.194
1.256
1.222
1.144
1.220
1.125
1.115
1.194
1.283
1.153
1.155
1.155
1.165
1.248
1.297
1.303
1.217
1.226
1.228
1.191
1.308
1.194
1.160
1.059
1.196
1.198
1.130
1.163
1.289
1.326
1.391
1.167
1.211
1.378
1.142
1.238
1.197
1.180
1.358
1.326
1.327
1.314
1.260
1.301
1.126
1.188
1.199
1.159
1.181
1.152
1.206
1.326
1.142
1.056
1.144
1.163
1.197
1.187
1.081
1.226
1.235
1.209
1.122
1.331
1.347
1.253
1.232
1.285
1.172
1.342
1.240
1.275
1.270
1.230
1.110
1.170
1.331
1.222
1.207
1.094
1.372
1.278
1.193
1.172
1.117
1.268
1.167
1.229
1.397
1.274
1.131
1.200
1.276
1.182
1.197
1.182
1.233
1.181
1.266
1.198
1.158
1.289
1.151
1.189
1.162
1.398
1.155
1.227
1.162
1.169
1.237
1.343
1.222
1.119
1.339
1.204
1.161
1.333
1.264
1.321
1.383
1.132
1.215
1.233
1.237
1.221
1.156
1.148
1.209
1.214
1.191
1.275
1.075
1.250
1.316
1.258
1.162
1.228
1.190
1.237
1.308
1.178
1.135
1.287
1.332
1.243
1.172
1.392
1.267
1.278
1.196
1.233
1.341
1.406
1.192
1.176
1.138
1.182
1.242
1.215
1.220
1.076
1.274
1.219
1.221
1.122
1.291
1.193
1.218
1.162
1.294
1.272
1.263
1.206
1.237
1.235
1.107
1.190
1.144
1.172
1.200
1.113
1.240
1.137
1.338
1.207
1.152
1.368
1.242
1.152
1.077
1.170
1.307
1.179
1.082
1.137
1.278
1.154
1.192
1.365
1.388
1.213
1.144
1.306
1.208
1.174
1.164
1.154
1.370
1.270
1.133
1.246
1.235
1.267
1.190
1.194
1.181
1.283
1.178
1.326
1.129
1.276
1.204
1.262
1.231
1.161
1.126
1.129
1.375
1.168
1.297
1.190
1.318
1.213
1.177
1.344
1.247
1.209
1.154
1.317
1.245
1.090
1.198
1.190
1.227
1.278
1.273
1.151
1.244
1.164
1.051
1.209
1.342
1.333
1.247
1.102
1.217
1.086
1.164
1.170
1.047
1.174
1.127
1.295
1.279
1.130
1.160
1.182
1.153
1.251
1.161
1.278
1.163
1.423
1.192
1.206
1.093
1.247
1.228
1.225
1.240
1.180
1.205
1.153
1.230
1.187
1.190
1.267
1.182
1.209
1.178
1.086
1.151
1.082
1.313
1.205
1.127
1.247
1.178
1.273
1.155
1.245
1.222
1.136
1.335
1.274
1.171
1.166
1.165
1.300
1.179
1.176
1.240
1.265
1.290
1.345
1.141
1.280
1.158
1.248
1.113
1.274
1.111
1.231
1.188
1.118
1.257
1.273
1.182
1.236
1.323
1.227
1.074
1.295
1.113
1.245
1.220
1.167
1.296
1.255
1.362
1.248
1.196
1.201
1.097
1.227
1.180
1.200
1.118
1.136
1.209
1.201
1.202
1.331
1.227
1.271
1.221
1.182
1.155
1.192
1.121
1.302
1.275
1.246
1.263
1.143
1.235
1.255
1.244
1.285
1.199
1.115
1.211
1.191
1.247
1.268
1.379
1.182
1.271
1.089
1.182
1.211
1.087
1.263
1.341
1.313
1.246
1.195
1.176
1.180
1.097
1.249
1.250
1.123
1.312
1.164
1.189
1.140
1.169
1.175
1.138
1.195
1.286
1.264
1.293
1.351
1.167
1.272
1.183
1.178
1.227
1.324
1.155
1.180
1.219
1.163
1.266
1.224
1.186
1.229
1.300
1.316
1.084
1.278
1.179
1.237
1.259
1.250
1.105
1.244
1.183
1.259
1.325
1.164
1.252
1.091
1.114
1.329
1.272
1.231
1.132
1.311
1.177
1.220
1.286
1.187
1.211
1.288
1.272
1.210
1.270
1.262
1.118
1.210
1.219
1.164
1.229
1.095
1.304
1.271
1.161
1.101
1.229
1.268
1.207
1.343
1.314
1.155
1.156
1.227
1.253
1.251
1.294
1.159
1.185
1.166
1.307
1.191
1.230
1.280
1.259
1.211
1.207
1.152
1.227
1.232
1.281
1.174
1.301
1.133
1.125
1.288
1.181
1.281
1.180
1.060
1.301
1.236
1.182
1.100
1.328
1.219
1.132
1.194
1.117
1.323
1.328
1.154
1.180
1.187
1.218
1.208
1.214
1.213
1.177
1.094
1.217
1.180
1.402
1.264
1.201
1.153
1.101
1.168
1.192
1.332
1.221
1.212
1.368
1.059
1.168
1.179
1.391
1.272
1.258
1.185
1.189
1.253
1.301
1.220
1.110
1.295
1.202
1.339
1.312
1.333
1.128
1.236
1.207
1.360
1.240
1.227
1.234
1.255
1.195
1.209
1.175
1.257
1.245
1.190
1.229
1.194
1.208
1.305
1.176
1.151
1.296
1.192
1.129
1.189
1.294
1.272
1.239
1.177
1.220
1.146
1.349
1.252
1.217
1.334
1.163
1.257
1.257
1.281
1.221
1.276
1.152
1.197
1.126
1.225
1.255
1.092
1.188
1.268
1.150
1.200
1.222
1.198
1.279
1.168
1.259
1.263
1.165
1.142
1.207
1.170
1.237
1.250
1.233
1.161
1.417
1.185
1.233
1.222
1.278
1.190
1.242
1.164
1.282
1.271
1.172
1.370
1.164
1.165
1.046
1.251
1.342
1.211
1.125
1.127
1.147
1.177
1.306
1.237
1.234
1.187
1.219
1.260
1.194
1.185
1.291
1.236
1.171
1.321
1.199
1.298
1.298
1.147
1.240
1.169
1.289
1.118
1.295
1.118
1.123
1.211
1.198
1.197
1.218
1.233
1.403
1.172
1.125
1.342
1.263
1.362
1.153
1.338
1.080
1.230
1.159
1.211
1.184
1.217
1.114
1.229
1.330
1.181
1.226
1.218
1.243
1.100
1.159
1.163
1.288
1.271
1.238
1.215
1.238
1.169
1.196
1.325
1.231
1.210
1.252
1.352
1.199
1.159
1.318
1.275
1.195
1.256
1.220
1.263
1.200
1.258
1.158
1.201
1.142
1.181
1.182
1.224
1.122
1.183
1.226
1.261
1.194
1.205
1.192
1.139
1.264
1.129
1.165
1.258
1.219
1.256
1.223
1.191
1.162
1.117
1.250
1.184
1.308
1.230
1.284
1.312
1.124
1.143
1.207
1.236
1.206
1.258
1.185
1.242
1.311
1.149
1.350
1.124
1.204
1.142
1.166
1.301
1.149
1.197
1.258
1.228
1.155
1.249
1.172
1.127
1.355
1.314
1.144
1.158
1.126
1.193
1.230
1.312
1.323
1.233
1.210
1.316
1.197
1.307
1.138
1.289
1.316
1.384
1.174
1.127
1.168
1.222
1.105
1.217
1.267
1.135
1.297
1.133
1.179
1.141
1.222
1.231
1.189
1.342
1.166
1.183
1.299
1.292
1.208
1.269
1.188
1.354
1.209
1.090
1.113
1.129
1.208
1.093
1.191
1.156
1.153
1.114
1.219
1.175
1.200
1.264
1.158
1.207
1.245
1.336
1.186
1.315
1.195
1.232
1.224
1.169
1.225
1.221
1.219
1.281
1.407
1.114
1.184
1.155
1.444
1.165
1.240
1.353
1.156
1.330
1.293
1.196
1.206
1.137
1.262
1.216
1.156
1.234
1.206
1.219
1.331
1.271
1.164
1.232
1.168
1.233
1.148
1.194
1.158
1.217
1.266
1.129
1.194
1.322
1.244
1.139
1.152
1.081
1.216
1.134
1.160
1.113
1.219
1.158
1.213
1.293
1.192
1.363
1.225
1.093
1.190
1.142
1.242
1.196
1.290
1.208
1.190
1.210
1.256
1.254
1.335
1.322
1.202
1.217
1.228
1.340
1.305
1.247
1.248
1.332
1.175
1.174
1.312
1.199
1.244
1.153
1.353
1.175
1.290
1.261
1.414
1.255
1.258
1.316
1.284
1.213
1.104
1.273
1.292
1.305
1.343
1.197
1.155
1.200
1.181
1.232
1.103
1.223
1.163
1.255
1.186
1.117
1.147
1.277
1.201
1.341
1.234
1.233
1.209
1.303
1.167
1.176
1.180
1.294
1.259
1.282
1.294
1.198
1.252
1.277
1.275
1.292
1.167
1.420
1.185
1.376
1.219
1.216
1.121
1.157
1.311
1.246
1.234
1.169
1.171
1.107
1.330
1.248
1.161
1.241
1.134
1.219
1.211
1.092
1.302
1.281
1.219
1.267
1.377
1.169
1.204
1.208
1.268
1.295
1.199
1.182
1.149
1.200
1.123
1.247
1.141
1.324
1.241
1.269
1.133
1.136
1.188
1.250
1.131
1.173
1.115
1.145
1.217
1.121
1.255
1.184
1.276
1.172
1.269
1.146
1.258
1.209
1.245
1.046
1.223
1.244
1.255
1.338
1.276
1.229
1.242
1.218
1.182
1.198
1.181
1.241
1.220
1.127
1.375
1.329
1.181
1.101
1.168
1.269
1.132
1.139
1.115
1.264
1.402
1.289
1.213
1.182
1.130
1.174
1.266
1.329
1.187
1.156
1.267
1.208
1.153
1.279
1.361
1.173
1.220
1.231
1.142
1.264
1.288
1.193
1.166
1.222
1.201
1.089
1.141
1.155
1.225
1.224
1.295
1.156
1.211
1.295
1.266
1.119
1.228
1.254
1.254
1.255
1.123
1.177
1.180
1.288
1.220
1.203
1.187
1.165
1.258
1.197
1.150
1.204
1.151
1.178
1.302
1.230
1.262
1.143
1.162
1.231
1.209
1.117
1.282
1.139
1.210
1.230
1.144
1.082
1.319
1.239
1.411
1.188
1.165
1.272
1.193
1.337
1.265
1.229
1.147
1.258
1.135
1.168
1.233
1.333
1.268
1.145
1.291
1.189
1.170
1.222
1.236
1.164
1.195
1.125
1.353
1.197
1.252
1.188
1.217
1.241
1.221
1.220
1.252
1.247
1.251
1.211
1.238
1.208
1.315
1.242
1.219
1.235
1.108
1.249
1.136
1.129
1.230
1.165
1.176
1.252
1.087
1.231
1.143
1.230
1.135
1.333
1.155
1.246
1.204
1.335
1.146
1.153
1.269
1.258
1.389
1.110
1.083
1.305
1.209
1.215
1.222
1.218
1.171
1.150
1.237
1.386
1.238
1.227
1.214
1.135
1.160
1.260
1.146
1.226
1.194
1.233
1.261
1.300
1.181
1.189
1.172
1.280
1.320
1.250
1.266
1.276
1.164
1.238
1.200
1.088
1.389
1.225
1.267
1.246
1.136
1.232
1.195
1.203
1.319
1.323
1.123
1.259
1.149
1.285
1.251
1.158
1.277
1.246
1.108
1.171
1.375
1.190
1.359
1.173
1.109
1.121
1.180
1.149
1.237
1.178
1.368
1.092
1.219
1.242
1.189
1.260
1.091
1.105
1.341
1.198
1.162
1.235
1.296
1.303
1.276
1.258
1.176
1.250
1.326
1.177
1.348
1.088
1.216
1.294
1.226
1.316
1.215
1.185
1.248
1.168
1.325
1.215
1.050
1.180
1.204
1.225
1.131
1.173
1.138
1.149
1.163
1.083
1.186
1.258
1.287
1.162
1.324
1.217
1.257
1.265
1.142
1.242
1.177
1.245
1.217
1.157
1.168
1.131
1.181
1.213
1.242
1.223
1.119
1.243
1.186
1.139
1.194
1.215
1.227
1.250
1.218
1.198
1.185
1.245
1.229
1.192
1.170
1.079
1.093
1.202
1.304
1.161
1.275
1.322
1.210
1.211
1.170
1.127
1.273
1.181
1.189
1.358
1.233
1.201
1.206
1.134
1.149
1.131
1.271
1.174
1.239
1.216
1.310
1.249
1.107
1.217
1.150
1.245
1.202
1.244
1.177
1.253
1.188
1.126
1.257
1.117
1.278
1.181
1.334
1.222
1.175
1.299
1.137
1.284
1.177
1.267
1.156
1.233
1.188
1.149
1.051
1.230
1.079
1.150
1.299
1.173
1.134
1.155
1.428
1.268
1.205
1.122
1.262
1.232
1.211
1.142
1.281
1.212
1.163
1.234
1.153
1.172
1.215
1.190
1.183
1.213
1.245
1.097
1.116
1.162
1.096
1.194
1.222
1.216
1.236
1.291
1.255
1.168
1.201
1.120
1.073
1.386
1.171
1.250
1.207
1.218
1.249
1.101
1.307
1.150
1.317
1.199
1.182
1.178
1.422
1.154
1.248
1.162
1.216
1.230
1.133
1.266
1.269
1.208
1.137
1.278
1.215
1.142
1.223
1.281
1.183
1.235
1.196
1.165
1.194
1.291
1.165
1.147
1.167
1.210
1.271
1.370
1.203
1.264
1.140
1.239
1.111
1.407
1.226
1.079
1.181
1.104
1.259
1.151
1.020
1.220
1.201
1.224
1.232
1.131
1.299
1.109
1.287
1.235
1.354
1.174
1.261
1.234
1.254
1.224
1.125
1.143
1.182
1.238
1.187
1.347
1.335
1.338
1.106
1.267
1.261
1.207
1.086
1.245
1.289
1.149
1.193
1.209
1.194
1.116
1.179
1.275
1.230
1.115
1.199
1.301
1.212
1.166
1.086
1.367
1.343
1.175
1.311
1.246
1.134
1.163
1.285
1.243
1.193
1.159
1.218
1.263
1.240
1.227
1.285
1.092
1.178
1.210
1.124
1.349
1.254
1.073
1.182
1.224
1.175
1.162
1.321
1.172
1.145
1.244
1.236
1.217
1.235
1.153
1.130
1.120
1.175
1.145
1.202
1.267
1.233
1.286
1.242
1.142
1.195
1.224
1.228
1.131
1.172
1.141
1.245
1.241
1.161
1.231
1.186
1.302
1.335
1.223
1.173
1.051
1.287
1.186
1.179
1.210
1.189
1.096
1.229
1.191
1.167
1.285
1.134
1.177
1.182
1.341
1.184
1.233
1.318
1.282
1.131
1.277
1.232
1.191
1.252
1.120
1.202
1.233
1.347
1.274
1.236
1.283
1.181
1.201
1.252
1.160
1.192
1.303
1.219
1.294
1.196
1.141
1.307
1.218
1.184
1.215
1.096
1.194
1.241
1.237
1.105
1.290
1.150
1.178
1.239
1.273
1.208
1.193
1.213
1.172
1.297
1.172
1.239
1.228
1.278
1.214
1.314
1.414
1.246
1.230
1.114
1.147
1.276
1.136
1.263
1.112
1.155
1.186
1.188
1.364
1.142
1.101
1.229
1.176
1.352
1.422
1.146
1.229
1.242
1.287
1.253
1.190
1.196
1.146
1.232
1.168
1.332
1.134
1.295
1.243
1.166
1.110
1.233
1.256
1.295
1.114
1.114
1.166
1.181
1.272
1.233
1.204
1.320
1.252
1.263
1.233
1.107
1.105
1.282
1.234
1.219
1.368
1.123
1.194
1.210
1.316
1.188
1.195
1.305
1.210
1.180
1.237
1.137
1.161
1.434
1.124
1.196
1.236
1.250
1.204
1.176
1.495
1.338
1.285
1.165
1.187
1.165
1.176
1.128
1.181
1.182
1.183
1.214
1.165
1.226
1.156
1.254
1.240
1.363
1.244
1.173
1.012
1.211
1.273
1.261
1.118
1.110
1.171
1.102
1.242
1.311
1.165
1.291
1.126
1.328
1.209
1.325
1.228
1.174
1.226
1.172
1.139
1.218
1.128
1.299
1.338
1.304
1.127
1.141
1.200
1.013
1.122
1.128
1.095
1.247
1.253
1.193
1.100
1.169
1.196
1.242
1.228
1.245
1.170
1.316
1.377
1.132
1.134
1.284
1.168
1.278
1.265
1.059
1.195
1.188
1.127
1.164
1.269
1.210
1.202
1.115
1.166
1.225
1.289
1.238
1.158
1.237
1.299
1.241
1.162
1.233
1.321
1.246
1.197
1.205
1.228
1.245
1.187
1.249
1.109
1.270
1.185
1.161
1.281
1.160
1.265
1.196
1.208
1.069
1.180
1.259
1.107
1.200
1.076
1.167
1.275
1.314
1.171
1.192
1.159
1.299
1.230
1.193
1.175
1.179
1.301
1.136
1.161
1.269
1.131
1.145
1.231
1.156
1.204
1.137
1.137
1.234
1.233
1.163
1.151
1.278
1.330
1.334
1.148
1.283
1.266
1.199
1.130
1.244
1.203
1.196
1.088
1.314
1.252
1.123
1.207
1.356
1.221
1.189
1.224
1.132
1.118
1.173
1.185
1.155
1.083
1.208
1.344
1.242
1.103
1.240
1.315
1.338
1.116
1.278
1.359
1.115
1.196
1.307
1.146
1.193
1.361
1.303
1.122
1.181
1.184
1.126
1.248
1.260
1.224
1.233
1.243
1.429
1.162
1.216
1.256
1.258
1.208
1.125
1.222
1.133
1.262
1.150
1.211
1.130
1.291
1.118
1.177
1.205
1.211
1.264
1.189
1.325
1.131
1.173
1.137
1.293
1.177
1.129
1.360
1.206
1.192
1.200
1.273
1.178
1.105
1.239
1.218
1.096
1.166
1.274
1.188
1.238
1.182
1.110
1.386
1.147
1.176
1.108
1.290
1.209
1.371
1.199
1.247
1.262
1.299
1.251
1.264
1.211
1.212
1.106
1.166
1.205
1.134
1.276
1.141
1.123
1.236
1.160
1.166
1.155
1.122
1.086
1.113
1.200
1.283
1.147
1.128
1.115
1.400
1.179
1.162
1.133
1.209
1.155
1.183
1.365
1.207
1.260
1.251
1.153
1.207
1.112
1.234
1.310
1.170
1.103
1.212
1.246
1.183
1.161
1.128
1.239
1.163
1.215
1.141
1.211
1.207
1.288
1.169
1.113
1.266
1.186
1.121
1.179
1.226
1.185
1.276
1.284
1.144
1.214
1.287
1.268
1.263
1.260
1.219
1.268
1.199
1.047
1.212
1.123
1.253
1.191
1.244
1.260
1.161
1.179
1.187
1.268
1.224
1.238
1.213
1.113
1.261
1.271
1.222
1.250
1.242
1.264
1.130
1.311
1.230
1.105
1.217
1.329
1.125
1.143
1.320
1.202
1.262
1.182
1.141
1.238
1.284
1.073
1.205
1.209
1.151
1.138
1.148
1.391
1.137
1.138
1.284
1.251
1.118
1.131
1.262
1.179
1.320
1.228
1.189
1.253
1.206
1.150
1.034
1.225
1.155
1.220
1.220
1.184
1.211
1.174
1.242
1.198
1.249
1.321
1.106
1.153
1.202
1.148
1.335
1.012
1.106
1.237
1.083
1.238
1.267
1.150
1.207
1.340
1.244
1.178
1.180
1.130
1.227
1.159
1.213
1.318
1.164
1.122
1.162
1.195
1.235
1.321
1.170
1.240
1.085
1.136
1.260
1.169
1.055
1.294
1.272
1.140
1.234
1.258
1.251
1.130
1.187
1.124
1.291
1.202
1.222
1.254
1.242
1.162
1.188
1.137
1.082
1.231
1.236
1.289
1.281
1.181
1.292
1.226
1.183
1.298
1.319
1.131
1.136
1.348
1.183
1.129
1.295
1.047
1.201
1.330
1.151
1.197
1.285
1.166
1.263
1.157
1.199
1.144
1.133
1.155
1.255
1.276
1.104
1.236
1.180
1.225
1.155
1.103
1.269
1.219
1.174
1.271
1.129
1.118
1.167
1.276
1.094
1.119
1.050
1.128
1.167
1.222
1.207
1.138
1.252
1.198
1.194
1.199
1.200
1.347
1.313
1.185
1.105
1.270
1.206
1.313
1.115
1.108
1.189
1.214
1.220
1.289
1.187
1.214
1.159
1.147
1.157
1.255
1.285
1.236
1.254
1.281
1.183
1.155
1.166
1.264
1.296
1.292
1.192
1.154
1.092
1.173
1.173
1.156
1.118
1.224
1.442
1.181
1.171
1.307
1.142
1.213
1.269
1.299
1.181
1.175
1.208
1.236
1.195
1.116
1.358
1.221
1.168
1.063
1.170
1.270
1.236
1.188
1.176
1.205
1.343
1.242
1.230
1.205
1.168
1.227
1.323
1.188
1.151
1.254
1.202
1.229
1.237
1.287
1.139
1.202
1.186
1.204
1.186
1.116
1.124
1.306
1.298
1.177
1.134
1.270
1.207
1.140
1.173
1.189
1.226
1.117
1.192
1.409
1.239
1.191
1.193
1.209
1.158
1.156
1.103
1.181
1.213
1.199
1.211
1.250
1.298
1.243
1.257
1.317
1.211
1.295
1.238
1.211
1.187
1.290
1.161
1.281
1.213
1.173
1.192
1.164
1.292
1.086
1.357
1.116
1.142
1.268
1.171
1.212
1.228
1.171
1.307
1.143
1.213
1.181
1.225
1.205
1.243
1.226
1.240
1.240
1.102
1.186
1.165
1.147
1.161
1.165
1.215
1.306
1.288
1.254
1.257
1.113
1.246
1.216
1.286
1.165
1.182
1.173
1.095
1.183
1.252
1.150
1.186
1.192
1.188
1.249
1.232
1.298
1.269
1.373
1.228
1.290
1.123
1.181
1.288
1.189
1.146
1.259
1.203
1.215
1.275
1.296
1.111
1.215
1.311
1.236
1.129
1.240
1.206
1.230
1.296
1.202
1.193
1.134
1.340
1.169
1.178
1.122
1.162
1.162
1.217
1.230
1.189
1.145
1.103
1.159
1.281
1.222
1.104
1.211
1.222
1.184
1.240
1.212
1.246
1.255
1.212
1.136
1.162
1.205
1.254
1.163
1.168
1.182
1.238
1.265
1.245
1.095
1.255
1.235
1.149
1.087
1.191
1.327
1.332
1.258
1.124
1.283
1.143
1.192
1.315
1.217
1.187
1.378
1.222
1.240
1.053
1.240
1.174
1.188
1.160
1.216
1.230
1.256
1.114
1.253
1.246
1.197
1.153
1.197
1.144
1.136
1.259
1.273
1.045
1.236
1.125
1.101
1.051
1.218
1.474
1.215
1.209
1.185
1.201
1.251
1.263
1.165
1.187
1.118
1.322
1.215
1.268
1.197
1.325
1.244
1.208
1.206
1.184
1.181
1.177
1.376
1.187
1.285
1.206
1.121
1.220
1.335
1.147
1.204
1.343
1.237
1.195
1.135
1.187
1.120
1.291
1.323
1.182
1.268
1.339
1.090
1.157
1.193
1.273
1.109
1.201
1.285
1.120
1.257
1.327
1.247
1.310
1.138
1.191
1.128
1.269
1.139
1.075
1.159
1.168
1.184
1.163
1.369
1.054
1.144
1.140
1.192
1.204
1.113
1.228
1.232
1.265
1.065
1.246
1.258
1.223
1.237
1.199
1.245
1.133
1.231
1.225
1.318
1.140
1.045
1.475
1.286
1.229
1.161
1.268
1.155
1.173
1.174
1.109
1.220
1.213
1.141
1.391
1.284
1.237
1.364
1.174
1.229
1.176
1.251
1.197
1.136
1.053
1.204
1.134
1.211
1.085
1.112
1.130
1.277
1.376
1.407
1.223
1.160
1.097
1.021
1.248
1.214
1.200
1.169
1.289
1.103
1.325
1.236
1.192
1.122
1.197
1.172
1.124
1.166
1.241
1.107
1.172
1.183
1.327
1.157
1.238
1.257
1.216
1.178
1.186
1.225
1.256
1.198
1.221
1.193
1.174
1.263
1.150
1.280
1.259
1.165
1.284
1.305
1.276
1.215
1.180
1.129
1.173
1.238
1.330
1.295
1.172
1.272
1.192
1.202
1.233
1.262
1.186
1.150
1.271
1.301
1.320
1.194
1.130
1.229
1.138
1.229
1.321
1.106
1.094
1.162
1.212
1.234
1.238
1.241
1.204
1.199
1.169
1.127
1.239
1.199
1.192
1.159
1.282
1.176
1.215
1.118
1.210
1.178
1.209
1.164
1.168
1.228
1.190
1.156
1.098
1.157
1.212
1.230
1.286
1.256
1.212
1.186
1.077
1.165
1.155
1.173
1.088
1.316
1.182
1.175
1.100
1.298
1.347
1.200
1.114
1.176
1.113
1.324
1.239
1.212
1.221
1.066
1.191
1.303
1.142
1.233
1.208
1.533
1.252
1.292
1.263
1.126
1.364
1.288
1.105
1.332
1.169
1.126
1.217
1.254
1.224
1.285
1.112
1.144
1.173
1.376
1.142
1.171
1.281
1.187
1.233
1.221
1.148
1.224
1.150
1.135
1.157
1.200
1.236
1.272
1.185
1.234
1.161
1.128
1.221
1.176
1.188
1.393
1.313
1.179
1.116
1.150
1.086
1.210
1.259
1.175
1.251
1.125
1.176
1.191
1.281
1.253
1.122
1.172
1.123
1.115
1.334
1.228
1.158
1.147
1.249
1.027
1.285
1.283
1.295
1.110
1.158
1.240
1.214
1.185
1.283
1.205
1.306
1.192
1.135
1.106
1.166
1.140
1.375
1.161
1.283
1.135
1.315
1.166
1.239
1.195
1.269
1.235
1.305
1.095
1.309
1.131
1.190
1.194
1.383
1.220
1.270
1.109
1.135
1.392
1.140
1.131
1.326
1.180
1.178
1.301
1.211
1.195
1.256
1.297
1.317
1.210
1.294
1.174
1.116
1.216
1.341
1.240
1.269
1.188
1.217
1.188
1.354
1.103
1.203
1.138
1.193
1.353
1.240
1.189
1.192
1.209
1.127
1.241
1.131
1.268
1.285
1.247
1.303
1.283
1.218
1.231
1.132
1.218
1.230
1.187
1.209
1.103
1.151
1.256
1.049
1.280
1.281
1.293
1.247
1.150
1.153
1.231
1.242
1.179
1.279
1.227
1.209
1.248
1.143
1.277
1.148
1.305
1.230
1.213
1.200
1.287
1.097
1.175
1.267
1.300
1.328
1.092
1.182
1.180
1.272
1.295
1.281
1.275
1.117
1.232
1.221
1.254
1.124
1.196
1.275
1.305
1.171
1.243
1.212
1.242
1.250
1.289
1.209
1.225
1.133
1.265
1.185
1.219
1.274
1.296
1.225
1.292
1.098
1.291
1.304
1.186
1.165
1.227
1.196
1.099
1.284
1.221
1.198
1.105
1.192
1.141
1.179
1.273
1.156
1.004
1.208
1.202
1.204
1.266
1.158
1.034
1.225
1.292
1.256
1.184
1.260
1.194
1.274
1.169
1.403
1.201
1.084
1.264
1.140
1.150
1.328
1.267
1.127
1.158
1.181
1.157
1.249
1.149
1.132
1.139
1.284
1.163
1.287
1.200
1.380
1.236
1.254
1.137
1.153
1.160
1.075
1.231
1.140
1.195
1.282
1.133
1.270
1.180
1.309
1.229
1.228
1.281
1.190
1.098
1.178
1.184
1.271
1.229
1.249
1.105
1.129
1.216
1.209
1.134
1.242
1.259
1.206
1.189
1.152
1.205
1.139
1.233
1.182
1.204
1.165
1.083
1.276
1.126
1.195
1.188
1.367
1.155
1.316
1.105
1.287
1.085
1.246
1.079
1.234
1.196
1.208
1.156
1.115
1.232
1.304
1.128
1.127
1.188
1.123
1.160
1.364
1.070
1.300
1.216
1.234
1.269
1.277
1.249
1.098
1.073
1.297
1.214
1.349
1.270
1.244
1.149
1.207
1.244
1.288
1.222
1.157
1.146
1.277
1.190
1.117
1.202
1.291
1.214
1.103
1.133
1.122
1.233
1.278
1.188
1.255
1.141
1.222
1.255
1.274
1.299
1.223
1.135
1.174
1.149
1.277
1.183
1.243
1.347
1.248
1.056
1.162
1.132
1.383
1.303
1.104
1.144
1.128
1.134
1.232
1.164
1.188
1.199
1.206
1.224
1.342
1.131
1.200
1.225
1.182
1.269
1.156
1.226
1.138
1.178
1.325
1.169
1.149
1.237
1.190
1.147
1.088
1.330
1.193
1.126
1.168
1.145
1.139
1.292
1.166
1.066
1.166
1.181
1.369
1.257
1.108
1.238
1.265
1.146
1.209
1.239
1.176
1.192
1.150
1.129
1.302
1.315
1.197
1.152
1.198
1.192
1.198
1.298
1.260
1.167
1.234
1.310
1.188
1.248
1.199
1.247
1.266
1.300
1.184
1.103
1.118
1.162
1.223
1.207
1.206
1.244
1.343
1.175
1.122
1.248
1.214
1.165
1.261
1.258
1.299
1.158
1.298
1.221
1.184
1.214
1.234
1.264
1.303
1.208
1.165
1.207
1.258
1.167
1.251
1.171
1.223
1.238
1.152
1.095
1.149
1.317
1.210
1.202
1.231
1.206
1.177
1.279
1.090
1.293
1.335
1.179
1.295
1.166
1.182
1.207
1.240
1.199
1.199
1.275
1.254
1.158
1.221
1.314
1.402
1.121
1.154
1.189
1.229
1.169
1.192
1.258
1.258
1.167
1.014
1.210
1.241
1.203
1.175
1.235
1.066
1.342
1.098
1.189
1.262
1.191
1.305
1.204
1.189
1.249
1.181
1.311
1.207
1.171
1.145
1.200
1.103
1.096
1.147
1.181
1.125
1.148
1.146
1.231
1.118
1.141
1.182
1.131
1.129
1.151
1.258
1.190
1.307
1.240
1.292
1.248
1.120
1.141
1.166
1.212
1.216
1.228
1.209
1.111
1.176
1.211
1.325
1.409
1.265
1.216
1.303
1.189
1.128
1.164
1.200
1.211
1.265
1.164
1.219
1.155
1.287
1.203
1.206
1.315
1.103
1.096
1.183
1.151
1.239
1.275
1.135
1.230
1.251
1.141
1.202
1.195
1.189
1.226
1.156
1.129
1.182
1.229
1.105
1.106
1.231
1.213
1.196
1.183
1.181
1.073
1.200
1.344
1.170
1.154
1.043
1.398
1.191
1.281
1.228
1.274
1.184
1.250
1.160
1.235
1.187
1.295
1.196
1.144
1.231
1.295
1.214
1.207
1.199
1.261
1.164
1.242
1.232
1.265
1.133
1.186
1.136
1.078
1.217
1.275
1.121
1.204
1.070
1.186
1.104
1.286
1.255
1.234
1.142
1.152
1.291
1.255
1.362
1.188
1.311
1.221
1.180
1.164
1.128
1.103
1.163
1.133
1.156
1.238
1.264
1.254
1.125
1.193
1.249
1.205
1.130
1.190
1.154
1.267
1.261
1.127
1.196
1.171
1.163
1.262
1.158
1.225
1.255
1.237
1.205
1.274
1.236
1.172
1.195
1.130
1.140
1.159
1.355
1.157
1.057
1.320
1.185
1.138
1.185
1.188
1.269
1.163
1.133
1.159
1.248
1.106
1.206
1.312
1.126
1.175
1.353
1.301
1.239
1.216
1.225
1.207
1.211
1.153
1.216
1.202
1.182
1.170
1.132
1.307
1.250
1.163
1.113
1.091
1.269
1.312
1.195
1.234
1.365
1.331
1.346
1.205
1.192
1.123
1.171
1.223
1.158
1.124
1.249
1.243
1.252
1.311
1.232
1.265
1.260
1.181
1.224
1.313
1.405
1.196
1.169
1.105
1.162
1.189
1.186
1.178
1.241
1.237
1.183
1.195
1.156
1.254
1.250
1.171
1.161
1.104
1.183
1.200
1.214
1.329
1.175
1.205
1.276
1.259
1.316
1.166
1.198
1.261
1.348
1.107
1.277
1.186
1.320
1.070
1.199
1.063
1.341
1.229
1.130
1.240
1.183
1.063
1.162
1.182
1.152
1.230
1.151
1.164
1.097
1.167
1.273
1.206
1.230
1.290
1.225
1.210
1.255
1.307
1.197
1.348
1.128
1.176
1.240
1.151
1.096
1.120
1.289
1.200
1.235
1.315
1.342
1.248
1.277
1.294
1.115
1.256
1.170
1.172
1.171
1.225
1.242
1.154
1.217
1.158
1.231
1.235
1.168
1.206
1.329
1.425
1.240
1.130
1.156
1.272
1.109
1.211
1.244
1.081
1.183
1.235
1.257
1.260
1.254
1.108
1.249
1.166
1.400
1.381
1.344
1.283
1.165
1.210
1.169
1.192
1.219
1.141
1.150
1.411
1.188
1.096
1.124
1.178
1.241
1.104
1.265
1.224
1.178
1.224
1.152
1.244
1.351
1.267
1.174
1.119
1.299
1.189
1.196
1.175
1.203
1.291
1.184
1.141
1.089
1.221
1.190
1.164
1.261
1.243
1.302
1.180
1.217
1.274
1.271
1.156
1.194
1.130
1.163
1.210
1.133
1.315
1.138
1.069
1.200
1.448
1.260
1.191
1.318
1.188
1.256
1.165
1.155
1.182
1.112
1.194
1.093
1.237
1.186
1.231
1.121
1.185
1.240
1.230
1.266
1.150
1.264
1.157
1.207
1.242
1.193
1.187
1.120
1.283
1.291
1.216
1.122
1.216
1.266
1.155
1.103
1.209
1.170
1.215
1.182
1.113
1.213
1.253
1.166
1.264
1.355
1.175
1.151
1.288
1.202
1.114
1.162
1.234
1.140
1.133
1.154
1.365
1.225
1.157
1.193
1.178
1.242
1.324
1.230
1.114
1.194
1.305
1.116
1.147
1.189
1.316
1.162
1.186
1.302
1.160
1.113
1.105
1.284
1.181
1.125
1.232
1.306
1.206
1.165
1.258
1.131
1.073
1.093
1.110
1.269
1.212
1.262
1.279
1.195
1.178
1.239
1.313
1.085
1.204
1.146
1.286
1.321
1.262
1.272
1.159
1.178
1.229
1.241
1.074
1.308
1.251
1.138
1.317
1.295
1.228
1.186
1.312
1.319
1.193
1.147
1.173
1.258
1.234
1.249
1.169
1.201
1.100
1.197
1.197
1.298
1.144
1.250
1.328
1.080
1.174
1.144
1.156
1.158
1.172
1.279
1.306
1.293
1.106
1.176
1.319
1.185
1.179
1.161
1.142
1.217
1.282
1.191
1.187
1.207
1.280
1.246
1.216
1.166
1.211
1.215
1.195
1.203
1.362
1.224
1.171
1.259
1.109
1.189
1.283
1.167
1.124
1.162
1.205
1.330
1.255
1.224
1.261
1.191
1.199
1.182
1.181
1.211
1.251
1.193
1.194
1.191
1.120
1.167
1.071
1.180
1.258
1.076
1.176
1.221
1.194
1.182
1.171
1.188
1.233
1.194
1.249
1.208
1.260
1.154
1.170
1.103
1.187
1.159
1.142
1.200
1.265
1.267
1.186
1.264
1.213
1.120
1.214
1.112
1.221
1.177
1.175
1.276
1.260
1.150
1.174
1.142
1.206
1.154
1.267
1.212
1.167
1.287
1.079
1.302
1.232
1.150
1.186
1.155
1.200
1.124
1.164
1.227
1.153
1.200
1.143
1.234
1.244
1.254
1.189
1.226
1.173
1.236
1.122
1.241
1.188
1.168
1.173
1.268
1.075
1.184
1.154
1.136
1.173
1.279
1.167
1.187
1.240
1.309
1.142
1.209
1.067
1.111
1.243
1.354
1.199
1.147
1.263
1.230
1.279
1.326
1.232
1.233
1.175
1.320
1.116
1.305
1.238
1.333
1.132
1.173
1.129
1.262
1.106
1.217
1.203
1.178
1.251
1.292
1.036
1.192
1.071
1.102
1.251
1.074
1.138
1.203
1.338
1.255
1.134
1.124
1.132
1.452
1.259
1.212
1.178
1.240
1.313
1.240
1.271
1.331
1.144
1.134
1.231
1.124
1.165
1.365
1.221
1.112
1.148
1.159
1.293
1.162
1.121
1.174
1.223
1.236
1.148
1.221
1.333
1.294
1.178
1.212
1.151
1.300
1.235
1.242
1.299
1.250
1.261
1.357
1.060
1.171
1.210
1.338
1.194
1.195
1.192
1.168
1.200
1.076
1.220
1.238
1.197
1.368
1.185
1.112
1.160
1.229
1.141
1.294
1.243
1.161
1.221
1.160
1.190
1.258
1.240
1.151
1.127
1.246
1.090
1.258
1.178
1.277
1.198
1.141
1.243
1.218
1.271
1.218
1.238
1.080
1.107
1.328
1.124
1.194
1.194
1.249
1.221
1.302
1.323
1.110
1.306
1.343
1.178
1.243
1.155
1.125
1.202
1.232
1.212
1.308
1.276
1.124
1.246
1.139
1.187
1.169
1.371
1.188
1.191
1.181
1.156
1.191
1.200
1.261
1.180
1.173
1.176
1.198
1.194
1.220
1.229
1.141
1.196
1.200
1.243
1.220
1.165
1.109
1.194
1.240
1.079
1.212
1.196
1.207
1.256
1.103
1.308
1.160
1.251
1.223
1.218
1.270
1.176
1.167
1.191
1.223
1.303
1.164
1.190
1.192
1.326
1.181
1.220
1.249
1.357
1.159
1.210
1.148
1.219
1.166
1.136
1.145
1.267
1.208
1.195
1.184
1.253
1.203
1.375
1.202
1.291
1.096
1.240
1.204
1.101
1.159
1.110
1.063
1.180
1.246
1.206
1.232
1.128
1.268
1.095
1.257
1.244
1.228
1.196
1.283
1.133
1.307
1.235
1.261
1.136
1.148
1.280
1.221
1.251
1.265
1.200
1.317
1.168
1.320
1.260
1.194
1.196
1.352
1.110
1.111
1.150
1.162
1.148
1.140
1.257
1.227
1.173
1.262
1.305
1.171
1.100
1.163
1.246
1.157
1.244
1.135
1.151
1.211
1.218
1.210
1.301
1.050
1.267
1.226
1.159
1.214
1.178
1.270
1.186
1.216
1.243
1.183
1.168
1.304
1.149
1.256
1.196
1.244
1.261
1.269
1.179
1.304
1.171
1.081
1.125
1.185
1.223
1.152
1.223
1.323
1.229
1.194
1.116
1.187
1.178
1.191
1.156
1.216
1.165
1.147
1.257
1.219
1.205
1.299
1.289
1.315
1.171
1.137
1.179
1.208
1.359
1.208
1.075
1.245
1.204
1.354
1.036
1.311
1.310
1.141
1.196
1.140
1.175
1.249
1.155
1.168
1.320
1.132
1.226
1.269
1.188
1.203
1.271
1.142
1.330
1.176
1.165
1.206
1.176
1.121
1.178
1.364
1.174
1.223
1.184
1.404
1.220
1.197
1.118
1.160
1.254
1.118
1.198
1.191
1.256
1.178
1.153
1.197
1.213
1.164
1.220
1.285
1.158
1.210
1.257
1.172
1.208
1.114
1.167
1.250
1.181
1.267
1.313
1.201
1.261
1.143
1.227
1.267
1.157
1.164
1.204
1.221
1.222
1.125
1.292
1.244
1.220
1.172
1.160
1.136
1.134
1.181
1.192
1.320
1.167
1.143
1.177
1.118
1.210
1.204
1.148
1.225
1.180
1.248
1.347
1.279
1.197
1.209
1.119
1.200
1.270
1.254
1.127
1.213
1.161
1.306
1.260
1.228
1.204
1.265
1.096
1.193
1.263
1.259
1.169
1.340
1.312
1.294
1.221
1.172
1.224
1.316
1.356
1.257
1.174
1.141
1.284
1.274
1.159
1.319
1.267
1.189
1.217
1.280
1.165
1.250
1.268
1.204
1.231
1.201
1.114
1.306
1.196
1.074
1.103
1.229
1.272
1.262
1.203
1.096
1.171
1.342
1.178
1.158
1.218
1.168
1.206
1.237
1.153
1.255
1.092
1.237
1.259
1.190
1.468
1.244
1.109
1.217
1.100
1.153
1.220
1.281
1.086
1.102
1.184
1.202
1.209
1.181
1.227
1.099
1.235
1.108
1.249
1.183
1.241
1.178
1.098
1.186
1.114
1.307
1.116
1.236
1.209
1.320
1.318
1.037
1.179
1.258
1.322
1.297
1.136
1.227
1.175
1.323
1.157
1.206
1.301
1.187
1.204
1.314
1.212
1.260
1.159
1.169
1.257
1.222
1.241
1.259
1.228
1.098
1.272
1.232
1.184
1.204
1.178
1.165
1.214
1.202
1.230
1.256
1.198
1.223
1.155
1.269
1.176
1.225
1.145
1.199
1.258
1.372
1.188
1.155
1.240
1.218
1.204
1.252
1.285
1.154
1.205
1.250
1.229
1.061
1.276
1.297
1.175
1.287
1.232
1.249
1.254
1.297
1.178
1.377
1.238
1.255
1.089
1.188
1.263
1.321
1.149
1.352
1.103
1.151
1.204
1.220
1.263
1.260
1.206
1.150
1.185
1.238
1.136
1.145
1.205
1.222
1.204
1.239
1.097
1.162
1.286
1.222
1.219
1.177
1.173
1.084
1.131
1.162
1.214
1.243
1.215
1.137
1.245
1.293
1.191
1.174
1.366
1.161
1.278
1.108
1.233
1.302
1.216
1.125
1.252
1.116
1.154
1.147
1.300
1.131
1.231
1.188
1.223
1.206
1.202
1.244
1.190
1.196
1.235
1.283
1.224
1.248
1.173
1.102
1.274
1.254
1.228
1.128
1.178
1.135
1.195
1.350
1.256
1.299
1.247
1.135
1.184
1.165
1.101
1.218
1.211
1.235
1.184
1.205
1.211
1.088
1.229
1.181
1.128
1.141
1.354
1.196
1.212
1.212
1.330
1.241
1.147
1.112
1.237
1.163
1.198
1.108
1.179
1.254
1.236
1.111
1.263
1.270
1.195
1.134
1.077
1.170
1.166
1.264
1.176
1.187
1.200
1.291
1.125
1.149
1.189
1.244
1.258
1.091
1.079
1.339
1.254
1.267
1.197
1.246
1.121
1.326
1.285
1.239
1.240
1.148
1.305
1.290
1.081
1.362
1.195
1.103
1.275
1.236
1.133
1.468
1.245
1.228
1.308
1.229
1.228
1.188
1.035
1.189
1.272
1.260
1.389
1.145
1.169
1.229
1.166
1.195
1.145
1.158
1.210
1.135
1.184
1.165
1.158
1.083
1.186
1.213
1.159
1.127
1.107
1.303
1.342
1.176
1.219
1.223
1.262
1.249
1.163
1.287
1.275
1.182
1.120
1.132
1.152
1.160
1.257
1.198
1.200
1.235
1.130
1.149
1.231
1.251
1.124
1.182
1.313
1.266
1.193
1.242
1.174
1.126
1.252
1.171
1.201
1.221
1.121
1.133
1.216
1.235
1.225
1.251
1.381
1.249
1.207
1.135
1.365
1.211
1.383
1.170
1.116
1.287
1.167
1.169
1.208
1.243
1.087
1.193
1.337
1.198
1.213
1.156
1.260
1.164
1.119
1.141
1.228
1.144
1.276
1.090
1.053
1.136
1.176
1.125
1.209
1.221
1.166
1.131
1.082
1.240
1.214
1.306
1.275
1.088
1.270
1.234
1.268
1.340
1.267
1.261
1.311
1.221
1.119
1.334
1.173
1.321
1.042
1.136
1.227
1.309
1.290
1.220
1.194
1.235
1.277
1.167
1.115
1.413
1.305
1.261
1.253
1.211
1.122
1.278
1.112
1.206
1.199
1.091
1.144
1.226
1.265
1.205
1.127
1.330
1.382
1.221
1.135
1.135
1.158
1.221
1.198
1.159
1.170
1.210
1.168
1.270
1.082
1.147
1.220
1.092
1.262
1.307
1.196
1.122
1.085
1.140
1.073
1.231
1.275
1.168
1.374
1.108
1.156
1.163
1.213
1.355
1.280
1.117
1.208
1.240
1.348
1.282
1.185
1.369
1.217
1.199
1.144
1.256
1.157
1.265
1.279
1.166
1.197
1.191
1.165
1.227
1.173
1.169
1.148
1.210
1.266
1.298
1.078
1.273
1.166
1.235
1.140
1.207
1.131
1.103
1.268
1.107
1.300
1.129
1.194
1.209
1.144
1.169
1.189
1.313
1.096
1.225
1.234
1.274
1.334
1.086
1.198
1.239
1.179
1.182
1.199
1.217
1.229
1.165
1.133
1.268
1.262
1.117
1.303
1.097
1.231
1.302
1.206
1.213
1.161
1.155
1.226
1.171
1.328
1.217
1.161
1.160
1.241
1.186
1.275
1.270
1.264
1.238
1.252
1.203
1.334
1.059
1.162
1.141
1.165
1.127
1.178
1.129
1.243
1.072
1.321
1.246
1.127
1.161
1.190
1.234
1.210
1.143
1.144
1.224
1.288
1.205
1.262
1.169
1.179
1.197
1.266
1.170
1.249
1.316
1.088
1.194
1.209
1.063
1.163
1.295
1.155
1.225
1.156
1.157
1.231
1.210
1.218
1.150
1.215
1.195
1.233
1.239
1.166
1.305
1.197
1.107
1.169
1.328
1.264
1.150
1.124
1.270
1.236
1.242
1.232
1.128
1.327
1.179
1.267
1.146
1.292
1.236
1.248
1.109
1.111
1.215
1.179
1.132
1.049
1.249
1.121
1.173
1.085
1.359
1.294
1.244
1.294
1.268
1.154
1.164
1.226
1.178
1.148
1.204
1.226
1.176
1.213
1.192
1.251
1.205
1.222
1.325
1.177
1.182
1.238
1.403
1.180
1.272
1.110
1.178
1.136
1.272
1.306
1.423
1.172
1.262
1.249
1.200
1.170
1.187
1.356
1.120
1.210
1.217
1.341
1.158
1.285
1.144
1.182
1.158
1.159
1.237
1.220
1.285
1.318
1.199
1.257
1.223
1.213
1.112
1.183
1.221
1.200
1.145
1.212
1.104
1.188
1.234
1.152
1.255
1.162
1.364
1.190
1.229
1.164
1.295
1.228
1.226
1.082
1.172
1.174
1.121
1.350
1.142
1.207
1.230
1.157
1.225
1.260
1.324
1.159
1.229
1.233
1.039
1.217
1.190
1.117
1.292
1.240
1.166
1.109
1.310
1.216
1.115
1.214
1.189
1.276
1.255
1.388
1.143
1.213
1.208
1.150
1.143
1.305
1.227
1.307
1.128
1.306
1.324
1.197
1.173
1.257
1.166
1.151
1.101
1.146
1.309
1.281
1.121
1.239
1.096
1.243
1.139
1.133
1.256
1.180
1.114
1.204
1.239
1.056
1.265
1.206
1.047
1.231
1.168
1.170
1.243
1.261
1.174
1.258
1.188
1.202
1.386
1.254
1.168
1.179
1.260
1.222
1.381
1.148
1.236
1.160
1.228
1.269
1.252
1.136
1.170
1.232
1.083
1.201
1.089
1.270
1.175
1.201
1.145
1.248
1.157
1.144
1.216
1.135
1.256
1.206
1.213
1.408
1.316
1.351
1.236
1.204
1.243
1.201
1.284
1.147
1.262
1.192
1.378
1.219
1.224
1.348
1.057
1.223
1.121
1.142
1.299
1.164
1.250
1.164
1.138
1.182
1.283
1.265
1.225
1.126
1.282
1.235
1.119
1.145
1.217
1.190
1.150
1.211
1.237
1.238
1.141
1.082
1.236
1.212
1.170
1.162
1.208
1.226
1.190
1.169
1.234
1.292
1.266
1.224
1.183
1.114
1.089
1.189
1.213
1.152
1.237
1.236
1.219
1.216
1.165
1.236
1.202
1.275
1.200
1.295
1.106
1.178
1.322
1.281
1.180
1.154
1.324
1.209
1.183
1.275
1.138
1.085
1.216
1.417
1.237
1.138
1.198
1.223
1.104
1.241
1.117
1.146
1.168
1.273
1.310
1.211
1.286
1.303
1.181
1.149
1.235
1.104
1.120
1.196
1.203
1.253
1.223
1.149
1.196
1.169
1.268
1.242
1.171
1.220
1.160
1.032
1.282
1.282
1.226
1.182
1.092
1.272
1.246
1.181
1.257
1.246
1.182
1.085
1.276
1.122
1.104
1.259
1.075
1.088
1.286
1.141
1.172
1.147
1.286
1.161
1.119
1.062
1.186
1.119
1.185
1.191
1.108
1.130
1.132
1.153
1.256
1.183
1.208
1.140
1.286
1.188
1.148
1.306
1.128
1.307
1.188
1.300
1.225
1.240
1.167
1.373
1.240
1.151
1.179
1.110
1.239
1.145
1.134
1.232
1.238
1.134
1.252
1.103
1.275
1.216
1.176
1.212
1.209
1.208
1.234
1.270
1.163
1.349
1.205
1.245
1.256
1.190
1.280
1.133
1.231
1.146
1.226
1.263
1.344
1.060
1.266
1.245
1.171
1.089
1.216
1.184
1.251
1.149
1.252
1.356
1.214
1.158
1.257
1.108
1.242
1.187
1.152
1.361
1.223
1.321
1.202
1.102
1.266
1.144
1.153
1.239
1.090
1.229
1.207
1.356
1.150
1.259
1.198
1.258
1.405
1.192
1.171
1.158
1.209
1.275
1.094
1.257
1.136
1.195
1.194
1.096
1.142
1.175
1.232
1.183
1.168
1.121
1.329
1.126
1.218
1.252
1.301
1.209
1.090
1.215
1.271
1.176
1.199
1.217
1.157
1.212
1.148
1.359
1.120
1.236
1.274
1.280
1.241
1.338
1.198
1.090
1.222
1.299
1.217
1.208
1.176
1.176
1.285
1.132
1.205
1.207
1.276
1.106
1.197
1.133
1.187
1.266
1.222
1.207
1.104
1.129
1.156
1.256
1.222
1.247
1.129
1.117
1.345
1.264
1.203
1.139
1.203
1.193
1.180
1.214
1.212
1.125
1.206
1.173
1.333
1.366
1.156
1.263
1.285
1.156
1.326
1.294
1.177
1.211
1.192
1.253
1.388
1.250
1.172
1.188
1.143
1.261
1.132
1.206
1.260
1.172
1.191
1.267
1.216
1.091
1.250
1.250
1.200
1.269
1.230
1.169
1.176
1.184
1.154
1.155
1.223
1.211
1.162
1.162
1.307
1.237
1.141
1.186
1.271
1.255
1.265
1.217
1.224
1.208
1.175
1.240
1.155
1.189
1.149
1.243
1.147
1.259
1.163
1.174
1.081
1.096
1.201
1.144
1.244
1.425
1.168
1.308
1.162
1.065
1.113
1.095
1.218
1.223
1.171
1.220
1.201
1.183
1.379
1.230
1.145
1.125
1.173
1.296
1.127
1.186
1.149
1.253
1.196
1.246
1.158
1.146
1.121
1.154
1.267
1.238
1.192
1.279
1.272
1.097
1.230
1.233
1.222
1.141
1.323
1.227
1.287
1.366
1.205
1.299
1.222
1.161
1.226
1.299
1.222
1.333
1.152
1.172
1.166
1.211
1.190
1.191
1.120
1.376
1.307
1.229
1.284
1.124
1.318
1.094
1.152
1.320
1.137
1.130
1.233
1.122
1.192
1.222
1.172
1.184
1.236
1.140
1.161
1.173
1.203
1.388
1.181
1.143
1.198
1.118
1.134
1.211
1.137
1.176
1.131
1.345
1.165
1.162
1.181
1.163
1.279
1.157
1.216
0.991
1.313
1.217
1.212
1.258
1.311
1.238
1.312
1.168
1.237
1.172
1.139
1.261
1.097
1.200
1.315
1.277
1.160
1.197
1.249
1.257
1.324
1.211
1.189
1.197
1.110
1.121
1.243
1.083
1.153
1.137
1.159
1.194
1.160
1.171
1.186
1.289
1.234
1.101
1.234
1.237
1.301
1.100
1.171
1.066
1.129
1.204
1.168
1.124
1.169
1.135
1.231
1.102
1.271
1.282
1.141
1.189
1.140
1.181
1.159
1.187
1.128
1.171
1.173
1.156
1.064
1.191
1.164
1.141
1.129
1.191
1.217
1.104
1.299
1.125
1.092
1.230
1.201
1.109
1.178
1.348
1.120
1.211
1.163
1.214
1.283
1.198
1.178
1.168
1.327
1.170
1.200
1.133
1.217
1.367
1.198
1.261
1.267
1.139
1.291
1.171
1.121
1.184
1.238
1.152
1.165
1.194
1.117
1.311
1.040
1.135
1.313
1.218
1.106
1.317
1.102
1.185
1.174
1.175
1.176
1.229
1.309
1.208
1.360
1.335
1.172
1.258
1.240
1.399
1.054
1.173
1.223
1.196
1.213
1.228
1.270
1.299
1.139
1.234
1.161
1.282
1.284
1.337
1.137
1.261
1.150
1.131
1.103
1.257
1.128
1.177
1.097
1.218
1.147
1.277
1.182
1.225
1.275
1.235
1.314
1.217
1.248
1.132
1.242
1.140
1.136
1.173
1.237
1.282
1.243
1.213
1.212
1.238
1.267
1.234
1.291
1.142
1.330
1.232
1.215
1.271
1.134
1.160
1.195
1.127
1.167
1.207
1.090
1.179
1.154
1.267
1.210
1.149
1.375
1.165
1.180
1.157
1.309
1.195
1.153
1.029
1.246
1.221
1.203
1.287
1.015
1.159
1.251
1.224
1.186
1.214
1.190
1.216
1.186
1.239
1.268
1.193
1.205
1.162
1.250
1.267
1.136
1.248
1.145
1.254
1.183
1.220
1.245
1.136
1.171
1.197
1.121
1.209
1.231
1.189
1.138
1.166
1.157
1.230
1.327
1.206
1.179
1.258
1.277
1.207
1.228
1.194
1.270
1.266
1.159
1.202
0.998
1.296
1.234
1.254
1.121
1.198
1.184
1.142
1.119
1.178
1.224
1.185
1.144
1.196
1.233
1.280
1.269
1.289
1.133
1.227
1.318
1.175
1.219
1.167
1.178
1.129
1.319
1.146
1.196
1.260
1.150
1.249
1.160
1.219
1.351
1.202
1.349
1.188
1.198
1.208
1.169
1.335
1.150
1.155
1.257
1.090
1.260
1.189
1.348
1.234
1.204
1.189
1.230
1.134
1.223
1.104
1.253
1.258
1.178
1.252
1.205
1.134
1.313
1.181
1.129
1.297
1.123
1.196
1.289
1.171
1.321
1.183
1.384
1.291
1.167
1.182
1.218
1.204
1.280
1.305
1.143
1.204
1.313
1.160
1.140
1.165
1.164
1.244
1.286
1.238
1.214
1.219
1.221
1.229
1.239
1.236
1.267
1.144
1.098
1.166
1.282
1.309
1.248
1.255
1.376
1.241
1.231
1.340
1.183
1.135
1.086
1.321
1.160
1.343
1.198
1.364
1.268
1.199
1.087
1.124
1.231
1.218
1.294
1.269
1.109
1.180
1.207
1.249
1.128
1.209
1.225
1.270
1.133
1.251
1.059
1.154
1.319
1.239
1.268
1.213
1.116
1.198
1.207
1.141
1.148
1.311
1.263
1.219
1.226
1.242
1.051
1.165
1.136
1.246
1.194
1.274
1.210
1.174
1.286
1.224
1.140
1.150
1.112
1.251
1.174
1.160
1.147
1.202
1.320
1.138
1.307
1.319
1.105
1.155
1.152
1.204
1.314
1.316
1.262
1.257
1.142
1.190
1.200
1.228
1.190
1.227
1.198
1.237
1.214
1.123
1.323
1.272
1.117
1.244
1.287
1.254
1.135
1.185
1.171
1.219
1.168
1.208
1.297
1.193
1.187
1.237
1.122
1.291
1.184
1.150
1.100
1.178
1.221
1.219
1.120
1.321
1.225
1.293
1.223
1.128
1.240
1.214
1.162
1.342
1.175
1.263
1.172
1.170
1.356
1.169
1.163
1.229
1.146
1.232
1.175
1.277
1.271
1.275
1.218
1.134
1.324
1.237
1.159
1.192
1.178
1.140
1.240
1.246
1.311
1.106
1.162
1.145
1.301
1.339
1.181
1.234
1.250
1.183
1.179
1.137
1.295
1.168
1.268
1.262
1.275
1.160
1.119
1.158
1.233
1.242
1.209
1.300
1.251
1.154
1.173
1.208
1.269
1.215
1.216
1.197
1.131
1.169
1.221
1.047
1.205
1.122
1.104
1.320
1.271
1.096
1.179
1.163
1.302
1.238
1.285
1.249
1.206
1.150
1.225
1.194
1.291
1.214
1.248
1.146
1.153
1.081
1.322
1.208
1.204
1.236
1.121
1.324
1.252
1.231
1.239
1.208
1.106
1.078
1.248
1.131
1.309
1.148
1.268
1.217
1.170
1.175
1.296
1.142
1.288
1.140
1.287
1.236
1.228
1.147
1.216
1.209
1.272
1.260
1.145
1.211
1.187
1.304
1.252
1.212
1.235
1.226
1.229
1.128
1.104
1.196
1.206
1.097
1.170
1.203
1.274
1.144
1.163
1.295
1.183
1.173
1.329
1.198
1.243
1.210
1.330
1.289
1.263
1.215
1.314
1.163
1.233
1.352
1.326
1.127
1.169
1.222
1.202
1.255
1.135
1.228
1.242
1.192
1.235
1.069
1.255
1.266
1.180
1.297
1.310
1.135
1.310
1.177
1.218
1.315
1.171
1.201
1.172
1.320
1.198
1.237
1.242
1.361
1.095
1.120
1.087
1.221
1.270
1.139
1.233
1.114
1.198
1.218
1.180
1.120
1.262
1.328
1.188
1.147
1.151
1.149
1.212
1.231
1.290
1.253
1.286
1.232
1.220
1.260
1.175
1.180
1.275
1.359
1.176
1.258
1.257
1.154
1.125
1.229
1.255
1.188
1.246
1.246
1.209
1.338
1.156
1.289
1.234
1.214
1.306
1.270
1.157
1.211
1.398
1.325
1.168
1.196
1.359
1.118
1.119
1.161
1.315
1.157
1.217
1.175
1.160
1.142
1.153
1.172
1.264
1.202
1.347
1.107
1.230
1.243
1.213
1.204
1.135
1.181
1.200
1.189
1.112
1.166
1.255
1.271
1.368
1.138
1.249
1.138
1.213
1.331
1.097
1.250
1.189
1.197
1.185
1.183
1.250
1.350
1.158
1.134
1.205
1.247
1.322
1.299
1.429
1.309
1.273
1.187
1.327
1.252
1.290
1.245
1.104
1.248
1.333
1.135
1.109
1.313
1.180
1.168
1.135
1.294
1.250
1.110
1.130
1.174
1.280
1.096
1.110
1.112
1.098
1.186
1.221
1.238
1.210
1.212
1.256
1.320
1.270
1.198
1.269
1.206
1.174
1.225
1.097
1.111
1.274
1.161
1.189
1.311
1.192
1.312
1.216
1.223
1.323
1.217
1.294
1.197
1.208
1.228
1.429
1.215
1.215
1.119
1.212
1.299
1.119
1.153
1.159
1.077
1.210
1.322
1.277
1.128
1.249
1.071
1.113
1.322
1.135
1.150
1.167
1.149
1.150
1.192
1.233
1.234
1.365
1.168
1.171
1.284
1.150
1.151
1.165
1.141
1.225
1.256
1.214
1.213
1.179
1.171
1.191
1.245
1.257
1.246
1.205
1.254
1.150
1.206
1.188
1.103
1.228
1.209
1.362
1.225
1.205
1.228
1.304
1.157
1.334
1.330
1.346
1.326
1.256
1.281
1.374
1.312
1.144
1.223
1.246
1.271
1.178
1.257
1.190
1.162
1.144
1.188
1.194
1.437
1.146
1.206
1.239
1.281
1.259
1.119
1.259
1.124
1.157
1.295
1.197
1.410
1.251
1.099
1.199
1.202
1.092
1.141
1.282
1.152
1.345
1.206
1.281
1.351
1.229
1.339
1.224
1.408
1.255
1.235
1.248
1.263
1.330
1.491
1.250
1.193
1.220
1.143
1.248
1.246
1.269
1.133
1.215
1.223
1.173
1.393
1.227
1.210
1.101
1.185
1.157
1.211
1.213
1.399
1.159
1.053
1.166
1.322
1.201
1.286
1.307
1.220
1.290
1.301
1.278
1.236
1.286
1.354
1.375
