1.377
1.251
1.201
1.182
1.136
1.242
1.191
1.230
1.137
1.163
1.158
1.075
1.295
1.193
1.210
1.195
1.283
1.408
1.241
1.384
1.311
1.412
1.283
1.338
1.271
1.209
1.332
1.161
1.242
1.254
1.170
1.370
1.259
1.192
1.314
1.330
1.195
1.247
1.259
1.305
1.218
1.155
1.215
1.233
1.131
1.405
1.256
1.301
1.229
1.248
1.247
1.361
1.243
1.437
1.220
1.321
1.251
1.470
1.238
1.336
1.266
1.364
1.245
1.249
1.305
1.364
1.340
1.361
1.219
1.358
1.221
1.461
1.244
1.286
1.314
1.180
1.185
1.209
1.293
1.229
1.275
1.269
1.486
1.428
1.226
1.581
1.272
1.404
1.366
1.370
1.257
1.260
1.245
1.221
1.240
1.326
1.252
1.159
1.465
1.381
1.364
1.154
1.229
1.267
1.330
1.342
1.282
1.394
1.232
1.230
1.200
1.246
1.135
1.350
1.263
1.269
1.302
1.195
1.261
1.350
1.301
1.253
1.163
1.373
1.178
1.325
1.269
1.272
1.290
1.322
1.210
1.341
1.324
1.263
1.195
1.328
1.280
1.136
1.368
1.319
1.218
1.306
1.208
1.283
1.262
1.203
1.198
1.186
1.207
1.248
1.278
1.192
1.176
1.297
1.415
1.333
1.092
1.261
1.299
1.358
1.161
1.272
1.247
1.326
1.248
1.236
1.270
1.443
1.336
1.431
1.181
1.317
1.186
1.241
1.353
1.345
1.295
1.305
1.140
1.318
1.329
1.252
1.286
1.152
1.212
1.346
1.247
1.252
1.247
1.262
1.325
1.294
1.224
1.295
1.283
1.236
1.331
1.318
1.336
1.331
1.207
1.323
1.416
1.339
1.263
1.289
1.286
1.306
1.194
1.331
1.302
1.295
1.338
1.344
1.306
1.339
1.224
1.311
1.338
1.230
1.311
1.284
1.147
1.220
1.315
1.267
1.286
1.462
1.354
1.213
1.314
1.441
1.245
1.298
1.218
1.294
1.254
1.249
1.314
1.211
1.278
1.185
1.447
1.249
1.361
1.238
1.371
1.275
1.286
1.143
1.437
1.298
1.310
1.340
1.303
1.231
1.190
1.346
1.180
1.408
1.160
1.283
1.295
1.179
1.341
1.226
1.367
1.161
1.184
1.336
1.242
1.287
1.176
1.283
1.404
1.295
1.198
1.233
1.367
1.199
1.133
1.293
1.338
1.178
1.256
1.256
1.319
1.340
1.274
1.353
1.304
1.223
1.169
1.278
1.338
1.129
1.243
1.171
1.293
1.267
1.195
1.325
1.329
1.193
1.299
1.251
1.304
1.238
1.249
1.319
1.358
1.280
1.243
1.286
1.127
1.237
1.160
1.282
1.311
1.172
1.313
1.228
1.272
1.383
1.224
1.116
1.191
1.229
1.236
1.204
1.145
1.163
1.193
1.159
1.075
1.287
1.265
1.182
1.294
1.213
1.492
1.298
1.260
1.175
1.170
1.253
1.182
1.221
1.209
1.178
1.200
1.122
1.309
1.046
1.091
1.164
1.271
1.256
1.149
1.137
1.192
1.136
1.234
1.166
1.165
1.239
1.317
1.172
1.249
1.234
1.189
1.266
1.268
1.416
1.237
1.170
1.256
1.232
1.235
1.070
1.135
1.274
1.178
1.170
1.212
1.130
1.068
1.221
1.185
1.268
1.186
1.172
1.212
1.161
1.308
1.152
1.100
1.238
1.234
1.208
1.222
1.224
1.200
1.246
1.221
1.226
1.240
1.168
1.253
1.177
1.221
1.183
1.214
1.229
1.290
1.302
1.098
1.223
1.249
1.293
1.287
1.152
1.257
1.153
1.056
1.177
1.202
1.269
1.180
1.173
1.107
1.313
1.217
1.310
1.225
1.150
1.209
1.198
1.194
1.074
1.233
1.230
1.197
1.124
1.261
1.267
1.169
1.378
1.216
1.251
1.158
1.192
1.175
1.245
1.195
1.274
1.106
1.169
1.126
1.198
1.225
1.116
1.142
1.200
1.169
1.220
1.192
1.150
1.166
1.156
1.145
1.148
1.149
1.257
1.157
1.200
1.161
1.129
1.160
1.069
1.214
1.216
1.159
1.338
1.206
1.182
1.220
1.333
1.039
1.218
1.182
1.295
1.169
1.199
1.142
1.119
1.175
1.198
1.149
1.200
1.301
1.230
1.156
1.200
1.149
1.278
1.136
1.262
1.352
1.200
1.357
1.099
1.150
1.210
1.288
1.293
1.193
1.287
1.235
1.353
1.273
1.219
1.193
1.083
1.112
1.211
1.043
1.152
1.271
1.116
1.267
1.151
1.164
1.031
1.135
1.193
1.251
1.262
1.205
1.124
1.219
1.174
1.353
1.224
1.175
1.142
1.188
1.255
1.207
1.149
1.188
1.079
1.123
1.198
1.225
1.104
1.269
1.089
1.256
1.360
1.243
1.147
1.239
1.197
1.248
1.164
1.432
1.219
1.246
1.120
1.221
1.204
1.230
1.132
1.120
1.281
1.191
1.221
1.227
1.222
1.132
1.270
1.115
1.255
1.122
1.203
1.232
1.140
1.250
1.212
1.191
1.236
1.201
1.149
1.247
1.282
1.305
1.203
1.261
1.190
1.183
1.326
1.278
1.223
1.150
1.224
1.190
1.134
1.217
1.211
1.216
1.262
1.195
1.037
1.043
1.125
1.280
1.211
1.226
1.060
1.165
1.250
1.107
1.206
1.165
1.170
1.170
1.259
1.092
1.234
1.108
1.452
1.197
1.143
1.215
1.091
1.192
1.154
1.155
1.214
1.082
1.220
1.217
1.258
1.206
1.151
1.166
1.149
1.348
1.109
1.187
1.257
1.115
1.221
1.142
1.212
1.298
1.121
1.214
1.257
1.209
1.183
1.181
1.207
1.251
1.100
1.233
1.252
1.341
1.149
1.113
1.088
1.143
1.186
1.146
1.212
1.094
1.348
1.251
1.219
1.133
1.244
1.188
1.217
1.166
1.038
1.162
1.281
1.273
1.199
1.235
1.197
1.195
1.287
1.204
1.184
1.247
1.268
1.180
1.203
1.325
1.141
1.304
1.119
1.230
1.145
1.173
1.252
1.261
1.176
1.227
1.267
1.166
1.236
1.127
1.206
1.154
1.155
1.201
1.152
1.139
1.258
1.236
1.213
1.103
1.341
1.203
1.236
1.325
1.218
1.209
1.163
1.267
1.199
1.180
1.146
1.146
1.180
1.290
1.171
1.229
1.116
1.259
1.194
1.259
1.318
1.245
1.140
1.279
1.276
1.136
1.192
1.239
1.198
1.142
1.168
1.285
1.174
1.169
1.167
1.176
1.114
1.128
1.097
1.068
1.066
1.154
1.253
1.165
1.176
1.203
1.180
1.184
1.158
1.231
1.165
1.193
1.162
1.148
1.137
1.084
1.171
1.295
1.344
1.163
1.204
1.196
1.192
1.213
1.224
1.220
1.278
1.260
1.241
1.173
1.163
1.169
1.224
1.228
1.208
1.205
1.156
1.455
1.138
1.104
1.284
1.244
1.309
1.397
1.196
1.215
1.374
1.088
1.164
1.323
1.249
1.281
1.221
1.221
1.379
1.209
1.198
1.207
1.252
1.312
1.157
1.282
1.178
1.263
1.198
1.246
1.268
1.222
1.227
1.145
1.181
1.324
1.143
1.260
1.145
1.185
1.139
1.168
1.130
1.257
1.097
1.127
1.210
1.204
1.181
1.332
1.182
1.209
1.144
1.037
1.232
1.122
1.219
1.057
1.053
1.159
1.214
1.147
1.238
1.360
1.113
1.230
1.170
1.144
1.389
1.189
1.212
1.208
1.323
1.263
1.195
1.160
1.261
1.277
1.261
1.261
1.218
1.206
1.143
1.084
1.212
1.082
1.158
1.098
1.367
1.168
1.196
1.185
1.200
1.131
1.359
1.143
1.088
1.266
1.280
1.155
1.124
1.280
1.249
1.302
1.372
1.238
1.254
1.227
1.291
1.256
1.157
1.206
1.251
1.143
1.208
1.175
1.115
1.287
1.270
1.256
1.179
1.320
1.295
1.353
1.186
1.252
1.170
1.139
1.181
1.203
1.181
1.291
1.163
1.129
1.101
1.295
1.237
1.223
1.312
1.185
1.212
1.116
1.172
1.308
1.165
1.253
1.295
1.198
1.189
1.221
1.298
1.400
1.320
1.266
1.141
1.133
1.145
1.336
1.281
1.301
1.179
1.142
1.116
1.267
1.310
1.197
1.160
1.262
1.226
1.176
1.118
1.200
1.153
1.234
1.190
1.202
1.215
1.392
1.229
1.260
1.193
1.171
1.200
1.117
1.158
1.289
1.246
1.316
1.180
1.161
1.271
1.129
1.371
1.197
1.260
1.197
1.148
1.228
1.195
1.269
1.119
1.229
1.251
1.157
1.238
1.300
1.213
1.126
1.285
1.159
1.212
1.130
1.215
1.323
1.189
1.160
1.315
1.150
1.189
1.196
1.328
1.192
1.441
