1.338
0.947
0.928
0.937
1.391
1.257
1.344
0.961
1.388
1.158
1.214
1.279
1.284
1.532
1.382
1.341
1.436
0.990
1.296
0.962
1.531
1.432
1.345
1.365
1.137
1.305
1.034
1.359
1.041
1.202
1.431
1.005
1.230
1.385
1.475
1.278
1.286
0.957
1.644
0.930
1.122
1.301
1.025
1.545
0.896
1.278
1.564
1.357
1.286
0.953
1.361
1.265
1.534
1.484
1.293
1.595
1.259
1.459
0.901
1.153
1.139
1.285
1.022
1.438
1.223
1.088
1.356
1.511
1.507
1.635
1.527
1.450
1.370
0.976
1.317
0.890
1.187
1.684
1.177
1.182
1.010
1.030
1.515
1.381
0.939
1.297
0.954
1.650
1.009
1.030
1.564
1.157
1.490
1.601
1.043
1.214
1.340
1.030
0.991
1.245
1.307
1.179
1.038
0.987
0.929
0.987
1.516
0.933
1.263
1.381
1.512
1.744
1.450
1.577
0.966
1.429
1.301
1.551
1.654
1.682
1.513
1.005
1.347
1.286
1.463
1.302
1.593
1.024
1.448
1.285
1.375
1.206
1.593
1.183
1.360
1.321
0.972
1.135
1.367
1.340
1.166
1.383
0.906
1.672
1.793
1.024
1.310
1.360
1.525
0.980
1.533
1.283
1.434
1.462
1.005
1.453
1.603
0.996
1.094
1.520
1.409
1.288
1.013
1.276
1.503
1.476
1.709
1.021
1.396
1.336
1.187
1.308
1.415
1.284
1.102
1.012
1.216
0.982
1.382
1.529
0.926
1.344
1.456
0.960
1.460
1.260
1.443
1.533
2.566
1.301
1.237
1.378
1.041
1.381
1.587
1.368
0.971
1.436
1.081
1.021
1.149
0.913
1.254
1.379
1.294
1.641
1.121
1.187
1.235
1.173
1.428
0.871
1.279
1.019
1.137
1.191
1.274
1.866
0.936
0.955
1.470
0.923
1.127
1.718
1.247
0.994
1.586
1.002
1.306
1.396
1.611
1.035
1.023
0.955
1.021
0.956
1.308
1.098
1.125
1.390
1.368
1.130
1.434
1.607
1.412
0.991
0.904
1.402
0.897
1.000
0.980
1.566
1.505
1.275
1.162
0.910
1.345
0.924
1.457
1.587
1.243
1.536
1.576
1.188
1.553
1.311
1.232
0.951
1.255
1.556
1.582
0.924
1.665
1.380
1.070
1.279
0.958
1.140
1.248
1.266
1.292
1.416
0.925
0.889
1.566
1.347
1.377
1.831
1.379
1.675
1.368
1.167
0.920
1.273
1.466
1.461
1.104
1.011
1.325
1.370
1.225
1.090
1.380
1.299
1.497
1.280
0.980
1.313
1.576
1.477
1.480
1.022
1.348
1.208
1.490
0.915
1.750
1.624
1.486
1.112
1.405
1.502
1.435
1.302
1.002
1.673
1.022
0.874
0.947
1.383
1.106
1.082
0.819
1.211
0.994
1.128
1.440
1.113
1.072
1.433
0.866
1.265
1.567
0.949
0.910
0.923
1.036
1.031
0.863
1.482
1.692
1.140
1.448
1.332
1.345
1.107
1.386
1.336
0.924
0.949
1.417
1.355
1.185
1.159
1.226
1.456
0.884
1.083
0.954
1.585
1.203
1.154
0.910
0.958
1.223
1.514
1.003
1.223
1.425
1.581
1.285
1.355
0.971
1.116
1.050
0.892
0.905
1.201
1.315
1.161
1.026
0.996
1.265
1.783
1.515
1.590
1.300
1.113
1.004
1.183
1.289
1.342
1.273
1.232
1.558
1.278
1.264
1.618
1.171
1.193
1.347
0.959
1.217
1.397
1.266
0.970
0.875
1.311
1.092
1.554
1.045
1.240
1.021
0.914
1.117
1.333
1.737
0.922
1.496
1.220
1.221
1.281
0.932
1.452
1.083
0.993
1.466
1.172
0.860
0.984
1.297
0.996
1.468
1.319
1.016
1.353
1.303
1.265
0.867
1.478
0.905
1.105
0.925
1.329
1.427
0.989
1.438
0.965
1.129
1.289
1.436
1.267
1.408
0.899
0.989
1.599
1.333
0.931
1.138
0.969
1.123
1.074
1.404
1.439
1.509
0.881
1.409
1.661
1.510
1.025
1.479
0.983
1.387
1.395
1.398
1.141
0.956
1.273
1.332
1.404
1.450
1.353
1.134
1.518
0.965
1.195
1.493
1.446
0.991
1.001
1.426
1.055
0.958
1.394
1.444
1.256
1.409
0.999
1.448
0.922
0.938
1.100
1.061
1.493
1.017
1.060
1.001
1.274
1.312
1.348
0.982
1.540
1.581
0.928
0.967
1.036
1.045
1.048
1.475
1.153
1.514
1.449
0.980
1.508
1.022
1.137
1.497
0.745
1.085
0.856
1.361
0.824
1.256
1.459
0.858
1.157
1.462
1.193
1.118
1.165
1.076
1.272
1.083
1.234
0.817
0.969
1.534
1.003
1.406
1.263
1.092
1.125
1.547
1.276
0.992
1.157
1.359
1.581
0.920
1.355
1.012
0.810
1.128
0.897
0.855
1.412
1.263
1.177
0.924
1.210
1.365
1.079
0.925
1.231
1.231
1.164
1.382
1.190
1.346
1.252
1.342
1.271
1.255
1.673
1.572
1.107
1.220
1.042
1.107
1.372
0.911
1.342
1.109
1.440
1.109
0.925
0.870
1.282
1.436
1.227
1.279
1.372
1.467
1.007
1.210
1.119
1.259
0.984
1.603
1.335
0.944
1.296
1.498
1.256
0.931
1.003
1.163
1.294
1.386
1.087
0.896
0.965
1.498
1.644
1.424
1.212
1.380
1.058
1.027
0.941
1.244
0.957
1.515
1.513
1.311
1.421
1.421
1.450
1.094
1.175
0.971
1.439
1.324
1.154
1.224
1.482
0.936
1.136
0.993
0.966
1.309
1.507
1.038
1.242
1.337
1.477
1.278
1.097
1.603
1.109
1.078
0.984
1.328
1.466
1.566
0.958
0.964
1.144
1.389
1.236
1.143
0.897
1.038
1.001
1.357
1.593
1.122
0.949
1.352
1.465
1.303
1.568
0.865
1.238
1.056
1.196
1.200
1.296
1.503
1.362
0.928
1.493
1.510
1.300
0.937
1.088
1.244
1.467
1.416
1.082
1.096
0.742
1.429
0.925
1.475
1.361
1.241
1.007
1.023
1.398
0.866
1.011
0.980
1.402
1.286
1.057
1.125
1.330
1.290
1.391
1.457
0.999
1.350
1.455
1.577
1.470
1.400
1.153
1.397
1.301
1.028
1.258
1.390
1.026
1.278
1.083
1.335
0.917
0.981
1.282
1.040
1.013
1.420
1.456
1.427
0.963
1.215
1.201
1.654
1.220
1.361
0.842
1.568
1.254
1.526
1.306
1.336
1.591
1.160
1.006
1.479
0.930
1.219
1.203
1.257
1.092
1.731
1.283
1.520
1.475
0.948
1.141
1.349
1.123
0.958
1.405
1.259
1.229
0.881
0.866
1.318
0.917
1.411
1.279
1.356
0.999
1.317
0.898
1.566
1.018
0.919
1.373
1.512
1.332
0.909
1.408
1.009
0.936
1.220
0.969
0.916
1.126
1.297
1.067
1.485
1.102
0.950
0.912
1.545
1.468
1.265
0.885
1.394
1.116
1.359
1.246
1.202
0.995
1.017
1.391
1.543
1.278
0.996
1.382
1.259
0.914
1.545
1.491
1.580
1.372
1.283
1.380
1.303
1.377
1.441
1.314
1.214
1.298
1.084
1.212
0.936
1.378
1.067
1.403
0.928
1.368
1.594
1.042
1.143
1.407
1.172
1.377
1.188
1.085
1.241
1.023
1.135
0.941
1.451
1.099
1.316
1.128
1.727
1.747
1.375
1.019
1.269
1.083
1.473
1.116
1.307
1.313
1.465
0.896
1.116
1.108
1.067
1.154
1.452
1.325
1.764
0.901
1.452
0.978
1.459
0.919
1.143
1.462
1.300
1.337
1.148
1.368
1.033
0.880
1.346
1.502
1.417
1.178
1.639
1.346
1.182
1.758
1.189
1.368
1.268
1.018
1.430
1.326
1.501
1.164
1.089
1.321
1.117
1.403
1.140
1.509
1.222
1.406
1.410
1.480
1.224
1.483
1.037
1.560
1.559
1.553
1.142
1.063
1.398
1.382
1.302
1.192
1.475
0.985
1.026
1.245
1.076
1.385
1.433
1.248
1.148
1.249
1.189
1.368
1.242
1.309
1.055
1.528
1.197
1.213
0.932
1.445
1.058
1.281
1.501
1.012
0.967
1.392
1.061
1.415
1.553
1.387
1.349
1.162
1.665
0.871
1.660
1.285
1.238
1.496
1.303
1.204
0.997
0.924
0.874
0.939
1.043
1.072
1.373
0.889
1.268
1.223
1.274
1.881
1.552
1.460
1.513
1.047
0.962
1.205
1.018
1.469
1.534
1.335
0.977
0.888
1.422
0.936
1.017
1.293
1.337
0.822
1.442
1.305
0.945
1.528
1.438
0.976
1.012
1.383
1.235
0.882
0.981
1.091
