1.154
1.201
1.210
1.237
1.246
1.292
1.288
1.421
1.174
1.236
1.253
1.236
1.220
1.227
1.256
1.521
1.145
1.224
1.222
1.279
1.254
1.215
1.401
1.246
1.251
1.200
1.207
1.148
1.290
1.204
1.187
1.266
1.181
1.195
1.216
1.231
1.365
1.155
1.250
1.230
1.293
1.296
1.306
1.262
1.132
1.262
1.326
1.190
1.211
1.227
1.169
1.146
1.214
1.237
1.372
1.234
1.136
1.223
1.198
1.207
1.194
1.255
1.218
1.296
1.157
1.208
1.202
1.158
1.332
1.434
1.290
1.260
1.240
1.221
1.184
1.169
1.265
1.265
1.350
1.198
1.104
1.178
1.258
1.129
1.300
1.229
1.238
1.338
1.092
1.147
1.262
1.270
1.257
1.130
1.127
1.305
1.171
1.317
1.195
1.310
1.266
1.166
1.210
1.303
1.242
1.211
1.171
1.262
1.294
1.241
1.240
1.461
1.202
1.222
1.251
1.243
1.247
1.265
1.304
1.270
1.194
1.248
1.250
1.196
1.148
1.189
1.308
1.208
1.232
1.268
1.208
1.288
1.312
1.307
1.255
1.295
1.199
1.177
1.395
1.125
1.294
1.331
1.366
1.271
1.210
1.227
1.309
1.383
1.294
1.268
1.203
1.278
1.198
1.138
1.368
1.290
1.393
1.348
1.206
1.106
1.183
1.220
1.187
1.292
1.289
1.309
1.177
1.165
1.193
1.287
1.286
1.193
1.386
1.224
1.222
1.306
1.175
1.137
1.110
1.155
1.289
1.256
1.374
1.211
1.298
1.260
1.275
1.321
1.261
1.300
1.319
1.206
1.205
1.187
1.239
1.332
1.226
1.320
1.248
1.244
1.241
1.247
1.117
1.254
1.189
1.222
1.248
1.166
1.199
1.322
1.248
1.102
1.272
1.275
1.311
1.513
1.172
1.147
1.162
1.182
1.140
1.269
1.270
1.194
1.263
1.253
1.277
1.234
1.219
1.227
1.162
1.118
1.296
1.300
1.266
1.224
1.324
1.316
1.298
1.261
1.165
1.248
1.186
1.144
1.228
1.277
1.265
1.258
1.272
1.226
1.315
1.334
1.209
1.216
1.258
1.207
1.250
1.244
1.123
1.252
1.318
1.246
1.306
1.391
1.262
1.244
1.163
1.191
1.202
1.331
1.302
1.175
1.263
1.302
1.146
1.280
1.290
1.341
1.169
1.266
1.223
1.121
1.280
1.298
1.241
1.194
1.336
1.297
1.272
1.284
1.161
1.134
1.227
1.300
1.199
1.255
1.383
1.287
1.213
1.241
1.281
1.229
1.292
1.093
1.271
1.392
1.226
1.256
1.272
1.239
1.275
1.289
1.288
1.183
1.288
1.286
1.248
1.304
1.208
1.242
1.282
1.145
1.191
1.178
1.257
1.362
1.171
1.281
1.340
1.124
1.124
1.297
1.268
1.272
1.244
1.210
1.325
1.185
1.179
1.284
1.238
1.224
1.115
1.177
1.244
1.226
1.193
1.233
1.295
1.188
1.271
1.195
1.313
1.176
1.085
1.167
1.259
1.119
1.275
1.163
1.189
1.245
1.350
1.301
1.257
1.246
1.225
1.234
1.258
1.132
1.215
1.258
1.163
1.266
1.264
1.247
1.293
1.393
1.254
1.111
1.282
1.220
1.195
1.416
1.197
1.291
1.203
1.327
1.312
1.311
1.260
1.305
1.313
1.203
1.254
1.304
1.177
1.236
1.364
1.197
1.274
1.168
1.200
1.200
1.296
1.278
1.291
1.273
1.239
1.288
1.308
1.280
1.215
1.233
1.188
1.305
1.410
1.217
1.200
1.183
1.255
1.255
1.255
1.255
1.213
1.247
1.392
1.264
1.279
1.367
1.209
1.207
1.258
1.204
1.173
1.246
1.229
1.358
1.324
1.072
1.186
1.309
1.272
1.188
1.111
1.193
1.193
1.367
1.253
1.342
1.206
1.177
1.188
1.146
1.310
1.320
1.215
1.352
1.405
1.160
1.220
1.275
1.218
1.305
1.393
1.256
1.190
1.183
1.226
1.298
1.233
1.275
1.233
1.307
1.285
1.228
1.192
1.175
1.272
1.357
1.395
1.222
1.252
1.255
1.149
1.244
1.236
1.150
1.331
1.167
1.224
1.311
1.152
1.147
1.231
1.182
1.191
1.153
1.224
1.186
1.370
1.407
1.268
1.323
1.304
1.265
1.202
1.170
1.333
1.221
1.241
1.189
1.076
1.358
1.260
1.382
1.274
1.088
1.216
1.329
1.291
1.349
1.310
1.296
1.200
1.233
1.223
1.289
1.272
1.069
1.246
1.304
1.286
1.266
1.344
1.312
1.179
1.219
1.325
1.307
1.234
1.331
1.223
1.248
1.290
1.271
1.269
1.174
1.183
1.240
1.240
1.263
1.212
1.318
1.279
1.326
1.411
1.229
1.130
1.138
1.376
1.485
1.195
1.269
1.311
1.160
1.172
1.405
1.237
1.318
1.276
1.265
1.418
1.376
1.205
1.273
1.335
1.262
1.198
1.241
1.315
1.273
1.159
1.290
1.295
1.177
1.136
1.238
1.242
1.376
1.223
1.265
1.335
1.182
1.164
1.082
1.265
1.175
1.199
1.283
1.101
1.275
1.266
1.249
1.161
1.218
1.260
1.194
1.185
1.087
1.204
1.198
1.157
1.290
1.254
1.197
1.176
1.396
1.243
1.331
1.176
1.261
1.314
1.317
1.217
1.317
1.292
1.268
1.275
1.222
1.259
1.146
1.153
1.211
1.198
1.277
1.392
1.112
1.286
1.227
1.307
1.113
1.238
1.381
1.146
1.279
1.153
1.191
1.207
1.133
1.303
1.236
1.261
1.286
1.192
1.211
1.336
1.252
1.285
1.155
1.454
1.064
1.066
1.234
1.165
1.202
1.286
1.271
1.395
1.175
1.114
1.179
1.144
1.166
1.259
1.321
1.187
1.230
1.191
1.327
1.215
1.240
1.315
1.312
1.537
1.291
1.294
1.191
1.214
1.190
1.331
1.274
1.234
1.297
1.311
1.184
1.222
1.221
1.335
1.287
1.367
1.183
1.241
1.247
1.316
1.142
1.102
1.440
1.172
1.326
1.158
1.185
1.157
1.170
1.284
1.260
1.163
1.240
1.167
1.335
1.297
1.308
1.205
1.299
1.289
1.137
1.247
1.420
1.245
1.226
1.335
1.222
1.276
1.183
1.305
1.121
1.214
1.267
1.183
1.391
1.180
1.251
1.199
1.272
1.290
1.328
1.417
1.238
1.131
1.219
1.318
1.357
1.222
1.161
1.178
1.253
1.376
1.313
1.294
1.176
1.391
1.294
1.264
1.318
1.238
1.320
1.202
1.313
1.257
1.288
1.145
1.253
1.281
1.199
1.242
1.266
1.281
1.338
1.296
1.208
1.299
1.205
1.355
1.273
1.248
1.218
1.400
1.286
1.179
1.227
1.248
1.311
1.411
1.249
1.233
1.250
1.171
1.239
1.306
1.272
1.241
1.192
1.323
1.326
1.083
1.188
1.177
1.181
1.224
1.215
1.279
1.166
1.330
1.250
1.310
1.235
1.241
1.216
1.263
1.286
1.165
1.237
1.369
1.280
1.295
1.312
1.241
1.295
1.365
1.212
1.252
1.163
1.357
1.294
1.279
1.218
1.204
1.173
1.238
1.225
1.201
1.244
1.298
1.280
1.317
1.178
1.147
1.197
1.335
1.274
1.341
1.361
1.227
1.210
1.133
1.361
1.229
1.240
1.301
1.268
1.344
1.448
1.312
1.211
1.177
1.308
1.170
1.290
1.223
1.225
1.274
1.284
1.273
1.258
1.334
1.286
1.276
1.220
1.278
1.301
1.214
1.288
1.210
1.289
1.171
1.256
1.203
1.267
1.160
1.310
1.244
1.291
1.295
1.326
1.169
1.340
1.256
1.275
1.175
1.139
1.239
1.118
1.180
1.321
1.251
1.281
1.156
1.272
1.182
1.311
1.196
1.401
1.301
1.200
1.226
1.387
1.227
1.265
1.375
1.223
1.202
1.232
1.267
1.226
1.217
1.176
1.300
1.235
1.288
1.217
1.391
1.190
1.359
1.285
1.193
1.196
1.200
1.145
1.199
1.360
1.280
1.319
1.319
1.173
1.331
1.126
1.311
1.182
1.274
1.147
1.328
1.216
1.292
1.216
1.197
1.223
1.184
1.330
1.185
1.238
1.298
1.331
1.230
1.229
1.177
1.239
1.357
1.213
1.137
1.325
1.189
1.365
1.262
1.085
1.288
1.327
1.201
1.342
1.222
1.233
1.155
1.186
1.250
1.197
1.212
1.155
1.186
1.281
1.268
1.501
1.177
1.164
1.176
1.226
1.315
1.214
1.222
1.250
1.130
1.209
1.244
1.153
1.381
1.250
1.134
1.330
1.333
1.326
1.176
1.172
1.286
1.253
1.294
1.159
1.213
1.274
1.275
1.263
1.150
1.216
1.176
1.252
1.207
1.258
1.284
1.265
1.174
1.222
1.325
1.201
1.305
1.352
1.274
1.234
1.309
1.205
1.216
1.212
1.299
1.216
1.225
1.396
1.345
1.136
1.333
1.144
1.251
1.248
1.279
1.134
1.237
1.279
1.159
1.318
1.202
1.170
1.337
1.287
1.264
1.177
1.127
1.286
1.296
1.218
1.235
1.197
1.202
1.097
1.228
1.286
1.341
1.327
1.259
1.090
1.172
1.096
1.352
1.263
1.184
1.231
1.138
1.226
1.295
1.181
1.132
1.254
1.266
1.317
1.128
1.349
1.166
1.287
1.226
1.242
1.311
1.303
1.199
1.219
1.282
1.195
1.210
1.239
1.217
1.185
1.100
1.315
1.232
1.212
1.309
1.293
1.203
1.083
1.188
1.302
1.276
1.232
1.244
1.189
1.231
1.219
1.116
1.165
1.205
1.298
1.293
1.217
1.180
1.115
1.277
1.317
1.214
1.300
1.178
1.220
1.180
1.179
1.195
1.188
1.426
1.334
1.177
1.257
1.234
1.249
1.300
1.263
1.353
1.265
1.272
1.250
1.261
1.265
1.189
1.403
1.302
1.376
1.464
1.124
1.336
1.255
1.165
1.224
1.187
1.278
1.286
1.265
1.311
1.408
1.207
1.288
1.179
1.192
1.271
1.294
1.267
1.269
1.182
1.230
1.197
1.250
1.221
1.169
1.183
1.242
1.299
1.202
1.399
1.189
1.145
1.289
1.112
1.149
1.296
1.441
1.327
1.176
1.335
1.347
1.205
1.231
1.203
1.248
1.223
1.355
1.138
1.122
1.325
1.337
1.275
1.271
1.223
1.354
1.163
1.297
1.317
1.223
1.389
1.263
1.172
1.192
1.236
1.235
1.241
1.210
1.434
1.145
1.380
1.242
1.238
1.174
1.255
1.251
1.358
1.325
1.228
1.303
1.143
1.113
1.288
1.238
1.348
1.237
1.366
1.357
1.185
1.322
1.355
1.233
1.196
1.205
1.237
1.229
1.187
1.233
1.182
1.249
1.305
1.142
1.188
1.318
1.281
1.354
1.355
1.255
1.149
1.229
1.312
1.226
1.338
1.169
1.218
1.270
1.189
1.246
1.187
1.263
1.319
1.247
1.323
1.311
1.223
1.274
1.208
1.350
1.319
1.271
1.387
1.288
1.132
1.164
1.288
1.220
1.277
1.213
1.286
1.213
1.273
1.231
1.304
1.258
1.260
1.185
1.329
1.262
1.206
1.208
1.204
1.174
1.217
1.134
1.243
1.200
1.275
1.144
1.291
1.304
1.134
1.222
1.198
1.249
1.274
1.161
1.194
1.227
1.267
1.191
1.260
1.396
1.281
1.129
1.237
1.247
1.138
1.189
1.258
1.255
1.264
1.108
1.320
1.247
1.214
1.150
1.239
1.328
1.176
1.264
1.395
1.152
1.432
1.233
1.238
1.278
1.106
1.206
1.232
1.439
1.281
1.126
1.187
1.206
1.228
1.130
1.357
1.226
1.293
1.212
1.193
1.267
1.491
1.493
1.285
1.260
1.230
1.216
1.127
1.367
1.165
1.267
1.277
1.243
1.205
1.146
1.215
1.131
1.223
1.189
1.236
1.236
1.248
1.083
1.274
1.205
1.317
1.253
1.325
1.153
1.157
1.248
1.184
1.196
1.263
1.136
1.308
1.202
1.375
1.327
1.226
1.061
1.334
1.292
1.233
1.157
1.351
1.227
1.371
1.260
1.428
1.109
1.235
1.319
1.289
1.084
1.199
1.202
1.232
1.287
1.287
1.346
1.351
1.125
1.272
1.247
1.186
1.216
1.302
1.320
1.153
1.223
1.196
1.385
1.264
1.223
1.287
1.181
1.130
1.393
1.312
1.159
1.147
1.238
1.228
1.346
1.224
1.462
1.278
1.262
1.131
1.199
1.168
1.266
1.115
1.177
1.321
1.170
1.309
1.033
1.196
1.175
1.161
1.163
1.201
1.308
1.177
1.309
1.176
1.263
1.238
1.299
1.284
1.316
1.205
1.207
1.241
1.230
1.121
1.208
1.353
1.332
1.215
1.208
1.236
1.257
1.249
1.319
1.146
1.248
1.206
1.364
1.282
1.235
1.318
1.267
1.280
1.225
1.248
1.290
1.291
1.337
1.242
1.274
1.165
1.183
1.281
1.284
1.291
1.121
1.245
1.211
1.297
1.316
1.127
1.134
1.312
1.322
1.408
1.315
1.259
1.168
1.368
1.148
1.297
1.181
1.271
1.208
1.254
1.242
1.272
1.314
1.159
1.264
1.299
1.278
1.374
1.279
1.217
1.258
1.188
1.162
1.255
1.239
1.230
1.285
1.236
1.200
1.260
1.163
1.214
1.230
1.331
1.281
1.235
1.236
1.277
1.339
1.281
1.379
1.176
1.146
1.292
1.226
1.239
1.187
1.323
1.384
1.283
1.253
1.194
1.188
1.322
1.387
1.346
1.349
1.220
1.237
1.119
1.274
1.248
1.152
1.205
1.237
1.223
1.311
1.231
1.238
1.248
1.157
1.365
1.253
1.203
1.275
1.275
1.186
1.340
1.174
1.159
1.255
1.269
1.228
1.397
1.329
1.205
1.179
1.275
1.311
1.205
1.252
1.340
1.385
1.196
1.302
1.296
1.364
1.264
1.274
1.240
1.391
1.165
1.250
1.237
1.176
1.238
1.291
1.109
1.251
1.228
1.260
1.187
1.305
1.267
1.240
1.230
1.299
1.301
1.288
1.346
1.180
1.338
1.193
1.311
1.343
1.233
1.274
1.219
1.193
1.184
1.229
1.126
1.267
1.150
1.187
1.215
1.140
1.240
1.354
1.257
1.253
1.301
1.226
1.263
1.355
1.244
1.222
1.255
1.181
1.150
1.391
1.090
1.156
1.324
1.271
1.169
1.225
1.192
1.205
1.245
1.331
1.177
1.251
1.185
1.372
1.226
1.274
1.293
1.250
1.231
1.211
1.194
1.225
1.226
1.364
1.229
1.227
1.287
1.135
1.155
1.289
1.144
1.275
1.218
1.303
1.253
1.304
1.288
1.207
1.341
1.222
1.223
1.225
1.244
1.440
1.282
1.197
1.198
1.444
1.268
1.357
1.215
1.243
1.175
1.495
1.199
1.297
1.183
1.108
1.309
1.187
1.316
1.321
1.260
1.279
1.187
1.231
1.180
1.349
1.222
1.224
1.204
1.179
1.176
1.221
1.337
1.268
1.284
1.367
1.433
1.351
1.286
1.331
1.092
1.288
1.245
1.193
1.347
1.291
1.069
1.188
1.265
1.178
1.244
1.298
1.143
1.318
1.219
1.337
1.250
1.268
1.371
1.364
1.159
1.334
1.207
1.441
1.152
1.163
1.272
1.150
1.276
1.185
1.188
1.270
1.261
1.143
1.314
1.278
1.237
1.331
1.233
1.221
1.230
1.202
1.298
1.275
1.189
1.246
1.221
1.257
1.255
1.273
1.315
1.339
1.140
1.135
1.187
1.275
1.295
1.274
1.252
1.181
1.204
1.189
1.330
1.141
1.335
1.237
1.268
1.340
1.345
1.181
1.227
1.256
1.215
1.367
1.368
1.304
1.238
1.290
1.186
1.182
1.160
1.271
1.274
1.143
1.157
1.160
1.241
1.247
1.168
1.332
1.262
1.272
1.228
1.254
1.305
1.243
1.376
1.362
1.296
1.279
1.411
1.183
1.406
1.217
1.307
1.331
1.389
1.285
1.264
1.234
1.239
1.277
1.208
1.203
1.324
1.422
1.163
1.205
1.226
1.109
1.235
1.246
1.212
1.280
1.315
1.142
1.199
1.268
1.329
1.223
1.359
1.272
1.256
1.223
1.256
1.311
1.204
1.316
1.283
1.270
1.269
1.197
1.277
1.248
1.260
1.166
1.345
1.267
1.253
1.247
1.202
1.190
1.266
1.245
1.122
1.337
1.405
1.233
1.322
1.316
1.267
1.311
1.218
1.186
1.166
1.305
1.247
1.197
1.111
1.276
1.180
1.254
1.412
1.223
1.179
1.204
1.190
1.176
1.238
1.250
1.298
1.303
1.271
1.360
1.177
1.225
1.223
1.159
1.179
1.151
1.214
1.138
1.195
1.220
1.250
1.280
1.263
1.351
1.260
1.241
1.307
1.453
1.211
1.262
1.316
1.345
1.249
1.227
1.125
1.198
1.364
1.269
1.319
1.251
1.291
1.205
1.269
1.152
1.300
1.177
1.364
1.289
1.196
1.325
1.217
1.140
1.299
1.133
1.328
1.279
1.191
1.255
1.151
1.364
1.198
1.229
1.299
1.213
1.344
1.260
1.216
1.158
1.278
1.157
1.275
1.401
1.321
1.235
1.331
1.258
1.158
1.308
1.243
1.180
1.202
1.305
1.288
1.178
1.204
1.226
1.326
1.199
1.196
1.218
1.176
1.241
1.242
1.121
1.283
1.259
1.238
1.127
1.366
1.420
1.159
1.417
1.317
1.291
1.132
1.213
1.132
1.197
1.266
1.154
1.216
1.223
1.297
1.278
1.211
1.141
1.292
1.175
1.293
1.309
1.274
1.432
1.213
1.175
1.213
1.208
1.208
1.385
1.299
1.250
1.163
1.299
1.187
1.244
1.158
1.140
1.235
1.267
1.257
1.367
1.143
1.207
1.257
1.203
1.266
1.320
1.101
1.375
1.199
1.205
1.234
1.184
1.291
1.263
1.273
1.198
1.183
1.328
1.170
1.221
1.202
1.237
1.279
1.254
1.212
1.209
1.124
1.207
1.266
1.143
1.231
1.336
1.314
1.255
1.155
1.162
1.286
1.269
1.241
1.407
1.232
1.196
1.223
1.230
1.300
1.274
1.293
1.055
1.168
1.213
1.166
1.262
1.202
1.289
1.337
1.146
1.245
1.294
1.154
1.218
1.136
1.186
1.246
1.369
1.303
1.302
1.383
1.217
1.360
1.237
1.266
1.229
1.291
1.192
1.167
1.152
1.397
1.098
1.214
1.165
1.326
1.453
1.226
1.353
1.229
1.159
1.234
1.130
1.185
1.096
1.148
1.217
1.325
1.231
1.278
1.353
1.217
1.152
1.256
1.205
1.229
1.199
1.319
1.249
1.278
1.301
1.121
1.352
1.240
1.194
1.383
1.240
1.280
1.211
1.195
1.295
1.258
1.216
1.215
1.274
1.285
1.164
1.339
1.214
1.272
1.321
1.211
1.245
1.209
1.325
1.286
1.325
1.253
1.231
1.292
1.127
1.256
1.138
1.223
1.262
1.299
1.322
1.245
1.227
1.174
1.320
1.216
1.253
1.174
1.182
1.226
1.187
1.257
1.180
1.278
1.226
1.231
1.202
1.130
1.426
1.160
1.239
1.217
1.188
1.273
1.222
1.255
1.247
1.175
1.251
1.223
1.216
1.133
1.237
1.224
1.191
1.265
1.343
1.353
1.282
1.370
1.372
1.242
1.263
1.145
1.219
1.217
1.148
1.097
1.228
1.239
1.263
1.183
1.143
1.194
1.199
1.290
1.167
1.225
1.222
1.139
1.310
1.297
1.258
1.102
1.071
1.189
1.197
1.239
1.220
1.260
1.228
1.197
1.219
1.308
1.092
1.176
1.183
1.390
1.234
1.224
1.196
1.202
1.206
1.244
1.125
1.275
1.153
1.300
1.279
1.192
1.326
1.253
1.144
1.228
1.132
1.181
1.162
1.301
1.149
1.375
1.099
1.229
1.081
1.221
1.297
1.210
1.297
1.192
1.274
1.230
1.243
1.284
1.209
1.170
1.295
1.326
1.264
1.256
1.203
1.253
1.256
1.353
1.104
1.162
1.173
1.201
1.143
1.109
1.112
1.310
1.260
1.414
1.080
1.139
1.208
1.312
1.194
1.347
1.302
1.145
1.161
1.198
1.104
1.400
1.130
1.168
1.201
1.097
1.257
1.153
1.245
1.166
1.133
1.225
1.304
1.247
1.232
1.198
1.232
1.247
1.181
1.130
1.256
1.209
1.338
1.184
1.160
1.162
1.178
1.213
1.249
1.342
1.300
1.138
1.170
1.211
1.239
1.207
1.226
1.111
1.237
1.278
1.305
1.320
1.178
1.202
1.274
1.220
1.194
1.229
1.281
1.281
1.225
1.301
1.193
1.304
1.261
1.096
1.380
1.282
1.182
1.305
1.108
1.313
1.256
1.172
1.202
1.261
1.221
1.257
1.195
1.358
1.300
1.307
1.209
1.266
1.201
1.190
1.189
1.114
1.245
1.185
1.182
1.158
1.272
1.225
1.398
1.234
1.249
1.123
1.218
1.327
1.298
1.326
1.218
1.072
1.258
1.120
1.213
1.316
1.279
1.273
1.243
1.181
1.212
1.209
1.307
1.182
1.123
1.230
1.120
1.137
1.397
1.211
1.215
1.237
1.106
1.187
1.160
1.198
1.184
1.188
1.259
1.197
1.262
1.110
1.197
1.263
1.241
1.157
1.331
1.165
1.187
1.225
1.245
1.299
1.313
1.250
1.203
1.171
1.265
1.235
1.172
1.177
1.260
1.145
1.191
1.194
1.202
1.334
1.093
1.126
1.322
1.260
1.256
1.098
1.229
1.140
1.199
1.167
1.263
1.256
1.213
1.159
1.139
1.217
1.178
1.261
1.172
1.170
1.283
1.094
1.192
1.242
1.189
1.253
1.307
1.251
1.249
1.174
1.299
1.273
1.257
1.202
1.228
1.095
1.208
1.253
1.084
1.242
1.220
1.180
1.240
1.328
1.258
1.261
1.202
1.284
1.219
1.288
1.186
1.162
1.278
1.139
1.344
1.200
1.210
1.239
1.141
1.115
1.426
1.349
1.235
1.411
1.178
1.144
1.230
1.166
1.121
1.146
1.080
1.225
1.220
1.220
1.145
1.105
1.217
1.281
1.261
1.196
1.346
1.226
1.127
1.324
1.195
1.087
1.273
1.278
1.224
1.250
1.352
1.154
1.190
1.253
1.223
1.172
1.253
1.349
1.060
1.189
1.259
1.204
1.297
1.286
1.116
1.180
1.386
1.157
1.214
1.269
1.137
1.130
1.346
1.269
1.172
1.074
1.311
1.194
1.091
1.248
1.301
1.310
1.249
1.340
1.133
1.192
1.283
1.245
1.223
1.127
1.214
1.206
1.179
1.178
1.158
1.145
1.138
1.292
1.243
1.160
1.277
1.297
1.126
1.232
1.174
1.180
1.239
1.191
1.130
1.170
1.368
1.184
1.238
1.155
1.206
1.187
1.232
1.254
1.107
1.205
1.270
1.187
1.120
1.377
1.211
1.365
1.216
1.203
1.175
1.242
1.147
1.249
1.257
1.202
1.134
1.218
1.208
1.237
1.160
1.121
1.198
1.257
1.211
1.177
1.207
1.131
1.282
1.177
1.132
1.165
1.223
1.149
1.294
1.208
1.181
1.203
1.161
1.161
1.125
1.323
1.196
1.092
1.196
1.271
1.153
1.358
1.245
1.263
1.230
1.205
1.148
1.143
1.181
1.214
1.248
1.219
1.138
1.197
1.322
1.129
1.067
1.284
1.123
1.130
1.188
1.181
1.181
1.304
1.203
1.225
1.241
1.255
1.273
1.325
1.211
1.278
1.241
1.120
1.353
1.168
1.373
1.171
1.166
1.239
1.169
1.166
1.289
1.198
1.254
1.253
1.154
1.282
1.156
1.264
1.265
1.189
1.194
1.167
1.246
1.335
1.245
1.193
1.302
1.200
1.308
1.355
1.243
1.256
1.176
1.143
1.375
1.124
1.352
1.202
1.347
1.270
1.250
1.237
1.137
1.207
1.080
1.211
1.241
1.322
1.287
1.334
1.194
1.327
1.162
1.273
1.163
1.185
1.241
1.116
1.287
1.312
1.154
1.306
1.206
1.216
1.154
1.264
1.209
1.327
1.248
1.136
1.265
1.203
1.140
1.218
1.323
1.317
1.097
1.257
1.219
1.290
1.200
1.127
1.228
1.304
1.171
1.245
1.236
1.180
1.194
1.505
1.161
1.361
1.249
1.264
1.270
1.189
1.262
1.217
1.224
1.178
1.228
1.084
1.354
1.291
1.194
1.207
1.149
1.202
1.159
1.307
1.277
1.162
1.252
1.211
1.164
1.248
1.170
1.189
1.124
1.217
1.222
1.173
1.181
1.364
1.218
1.315
1.291
1.255
1.264
1.199
1.230
1.167
1.261
1.253
1.415
1.189
1.203
1.219
1.244
1.206
1.253
1.282
1.215
1.172
1.244
1.158
1.186
1.130
1.268
1.260
1.197
1.209
1.210
1.074
1.289
1.222
1.128
1.303
1.281
1.133
1.230
1.183
1.129
1.291
1.201
1.206
1.185
1.226
1.173
1.193
1.292
1.080
1.242
1.234
1.241
1.304
1.128
1.192
1.189
1.137
1.177
1.337
1.193
1.105
1.121
1.292
1.352
1.206
1.168
1.152
1.224
1.284
1.263
1.124
1.187
1.182
1.075
1.230
1.148
1.217
1.096
1.239
1.292
1.215
1.296
1.183
1.266
1.275
1.193
1.271
1.218
1.297
1.204
1.216
1.214
1.179
1.198
1.188
1.123
1.303
1.301
1.254
1.271
1.252
1.222
1.203
1.222
1.322
1.199
1.237
1.167
1.191
1.161
1.192
1.294
1.238
1.244
1.295
1.230
1.178
1.212
1.163
1.265
1.180
1.293
1.197
1.157
1.174
1.196
1.344
1.209
1.232
1.154
1.209
1.186
1.266
1.169
1.317
1.119
1.118
1.268
1.158
1.338
1.273
1.270
1.127
1.184
1.262
1.283
1.187
1.239
1.208
1.238
1.269
1.206
1.227
1.259
1.263
1.263
1.262
1.202
1.070
1.130
1.153
1.296
1.160
1.233
1.102
1.228
1.328
1.183
1.239
1.319
1.420
1.196
1.325
1.169
1.124
1.246
1.154
1.400
1.137
1.041
1.172
1.136
1.173
1.259
1.214
1.130
1.064
1.103
1.284
1.135
1.295
1.232
1.199
1.355
1.176
1.217
1.291
1.190
1.280
1.160
1.183
1.161
1.204
1.278
1.136
1.315
1.155
1.348
1.231
1.259
1.149
1.228
1.262
1.361
1.134
1.122
1.259
1.062
1.279
1.219
1.160
1.218
1.285
1.272
1.154
1.219
1.263
1.182
1.310
1.219
1.184
1.157
1.304
1.201
1.222
1.169
1.210
1.232
1.170
1.121
1.287
1.151
1.011
1.165
1.094
1.172
1.042
1.334
1.231
1.181
1.206
1.111
1.219
1.172
1.188
1.202
1.098
1.185
1.335
1.210
1.266
1.193
1.212
1.227
1.173
1.280
1.343
1.194
1.156
1.153
1.273
1.116
1.209
1.097
1.246
1.252
1.114
1.284
1.316
1.188
1.236
1.281
1.273
1.265
1.261
1.305
1.160
1.138
1.246
1.244
1.327
1.245
1.232
1.298
1.344
1.160
1.320
1.132
1.242
1.170
1.137
1.245
1.252
1.253
1.137
1.240
1.242
1.170
1.265
1.208
1.278
1.170
1.228
1.078
1.279
1.164
1.140
1.239
1.267
1.284
1.180
1.137
1.213
1.317
1.207
1.261
1.303
1.337
1.189
1.307
1.215
1.191
1.187
1.246
1.181
1.165
1.238
1.273
1.251
1.243
1.116
1.160
1.110
1.136
1.146
1.113
1.109
1.228
1.224
1.251
1.226
1.266
1.210
1.403
1.180
1.200
1.240
1.270
1.103
1.199
1.311
1.223
1.154
1.197
1.261
1.160
1.229
1.189
1.360
1.191
1.190
1.319
1.118
1.218
1.191
1.316
1.141
1.286
1.240
1.210
1.134
1.162
1.286
1.277
1.167
1.208
1.153
1.322
1.163
1.218
1.168
1.244
1.283
1.176
1.198
1.130
1.284
1.241
1.231
1.126
1.325
1.312
1.395
1.246
1.094
1.294
1.357
1.262
1.208
1.237
1.285
1.349
1.273
1.347
1.165
1.158
1.145
1.348
1.174
1.168
1.182
1.322
1.211
1.276
1.205
1.151
1.276
1.181
1.246
1.306
1.189
1.132
1.287
1.226
1.253
1.201
1.310
1.106
1.224
1.164
1.309
1.189
1.289
1.314
1.239
1.301
1.156
1.165
1.235
1.290
1.180
1.250
1.177
1.087
1.158
1.343
1.174
1.208
1.294
1.164
1.229
1.300
1.226
1.212
1.323
1.163
1.288
1.262
1.174
1.167
1.134
1.159
1.204
1.208
1.155
1.147
1.239
1.282
1.109
1.167
1.232
1.156
1.175
1.214
1.146
1.253
1.143
1.274
1.184
1.189
1.206
1.270
1.179
1.121
1.128
1.433
1.259
1.197
1.089
1.279
1.264
1.160
1.143
1.177
1.157
1.182
1.300
1.216
1.121
1.262
1.296
1.203
1.209
1.233
1.134
1.247
1.090
1.153
1.226
1.198
1.203
1.165
1.198
1.208
1.143
1.292
1.274
1.174
1.367
1.169
1.089
1.178
1.224
1.260
1.212
1.218
1.198
1.213
1.169
1.198
1.260
1.198
1.201
1.303
1.208
1.200
1.190
1.279
1.171
1.262
1.096
1.215
1.240
1.245
1.203
1.192
1.139
1.190
1.287
1.239
1.072
1.179
1.133
1.169
1.211
1.245
1.302
1.258
1.246
1.203
1.161
1.248
1.233
1.135
1.221
1.210
1.295
1.152
1.235
1.209
1.072
1.129
1.257
1.165
1.235
1.121
1.307
1.196
1.194
1.219
1.157
1.157
1.166
1.228
1.039
1.165
1.223
1.290
1.209
1.145
1.216
1.177
1.175
1.250
1.208
1.361
1.214
1.233
1.174
1.172
1.261
1.112
1.182
1.101
1.286
1.177
1.173
1.283
1.192
1.126
1.177
1.441
1.310
1.208
1.177
1.146
1.252
1.436
1.352
1.255
1.196
1.174
1.233
1.217
1.268
1.144
1.118
1.169
1.228
1.134
1.252
1.162
1.146
1.117
1.151
1.221
1.200
1.165
1.296
1.390
1.235
1.188
1.215
1.139
1.117
1.189
1.249
1.238
1.110
1.216
1.280
1.251
1.266
1.277
1.162
1.178
1.288
1.197
1.103
1.137
1.135
1.180
1.170
1.212
1.266
1.335
1.325
1.106
1.226
1.266
1.236
1.261
1.349
1.124
1.198
1.128
1.318
1.169
1.325
1.251
1.250
1.303
1.172
1.262
1.143
1.150
1.259
1.161
1.349
1.102
1.247
1.226
1.239
1.117
1.309
1.112
1.152
1.202
1.218
1.378
1.102
1.278
1.073
1.163
1.175
1.199
1.253
1.188
1.044
1.420
1.252
1.154
1.189
1.218
1.139
1.229
1.103
1.339
1.231
1.230
1.148
1.240
1.209
1.236
1.133
1.236
1.309
1.256
1.262
1.279
1.215
1.243
1.271
1.229
1.239
1.233
1.119
1.181
1.287
1.225
1.164
1.139
1.227
1.291
1.184
1.197
1.294
1.187
1.170
1.210
1.258
1.110
1.202
1.222
1.167
1.324
1.161
1.192
1.390
1.225
1.164
1.166
1.274
1.165
1.190
1.286
1.274
1.167
1.402
1.201
1.187
1.176
1.159
1.223
1.208
1.102
1.174
1.237
1.200
1.169
1.411
1.160
1.114
1.153
1.198
1.445
1.296
1.342
1.299
1.262
1.259
1.204
1.116
1.221
1.197
1.176
1.154
1.265
1.238
1.171
1.231
1.262
1.183
1.209
1.131
1.195
1.178
1.185
1.195
1.311
1.177
1.298
1.343
1.213
1.212
1.265
1.124
1.197
1.270
1.060
1.202
1.221
1.168
1.188
1.154
1.195
1.066
1.132
1.174
1.251
1.210
1.202
1.230
1.372
1.107
1.285
1.234
1.146
1.319
1.246
1.130
1.298
1.197
1.201
1.156
1.263
1.138
1.382
1.157
1.202
1.222
1.141
1.210
1.252
1.197
1.300
1.208
1.179
1.192
1.146
1.229
1.120
1.202
1.121
1.227
1.218
1.126
1.423
1.046
1.196
1.125
1.356
1.244
1.204
1.237
1.256
1.166
1.187
1.196
1.175
1.179
1.192
1.190
1.347
1.323
1.200
1.215
1.244
1.042
1.163
1.228
1.284
1.259
1.199
1.218
1.231
1.147
1.250
1.202
1.115
1.349
1.262
1.160
1.141
1.287
1.297
1.166
1.123
1.088
1.313
1.239
1.194
1.314
1.192
1.277
1.211
1.294
1.167
1.212
1.253
1.195
1.174
1.233
1.284
1.217
1.145
1.211
1.263
1.300
1.264
1.156
1.165
1.091
1.163
1.224
1.123
1.227
1.231
1.114
1.152
1.169
1.224
1.112
1.165
1.218
1.330
1.230
1.259
1.256
1.188
1.159
1.146
1.392
1.174
1.336
1.279
1.107
1.380
1.194
1.163
1.176
1.249
1.221
1.129
1.199
1.145
1.321
1.283
1.208
1.197
1.294
1.235
1.164
1.209
1.299
1.257
1.153
1.124
1.429
1.308
1.117
1.277
1.193
1.179
1.210
1.243
1.302
1.241
1.198
1.169
1.137
1.270
1.238
1.097
1.335
1.344
1.067
1.281
1.207
1.128
1.245
1.201
1.278
1.308
1.204
1.175
1.185
1.373
1.233
1.242
1.176
1.231
1.217
1.162
1.240
1.095
1.252
1.211
1.128
1.237
1.373
1.207
1.168
1.248
1.313
1.180
1.139
1.361
1.229
1.257
1.277
1.224
1.186
1.191
1.238
1.227
1.215
1.337
1.180
1.192
1.326
1.301
1.170
1.162
1.174
1.216
1.178
1.136
1.158
1.152
1.133
1.270
1.151
1.057
1.265
1.265
1.287
1.211
1.252
1.184
1.172
1.177
1.128
1.194
1.273
1.234
1.139
1.204
1.123
1.112
1.235
1.140
1.103
1.154
1.179
1.246
1.099
1.176
1.332
1.195
1.235
1.253
1.186
1.078
1.227
1.185
1.205
1.186
1.098
1.360
1.267
1.126
1.203
1.227
1.334
1.091
1.329
1.157
1.189
1.264
1.333
1.212
1.095
1.183
1.173
1.150
1.164
1.249
1.189
1.262
1.166
1.336
1.280
1.192
1.395
1.270
1.251
1.239
1.188
1.189
1.314
1.231
1.199
1.206
1.076
1.152
1.237
1.180
1.120
1.369
1.161
1.192
1.157
1.298
1.220
1.248
1.148
1.222
1.287
1.088
1.149
1.227
1.355
1.213
1.241
1.200
1.160
1.148
1.201
1.347
1.181
1.374
1.203
1.181
1.305
1.284
1.134
1.117
1.216
1.236
1.212
1.228
1.245
1.216
1.288
1.236
1.164
1.193
1.217
1.173
1.273
1.268
1.160
1.101
1.170
1.223
1.222
1.263
1.160
1.213
1.205
1.276
1.126
1.143
1.254
1.176
1.248
1.177
1.207
1.237
1.287
1.208
1.148
1.203
1.251
1.293
1.231
1.157
1.194
1.285
1.257
1.252
1.263
1.209
1.106
1.210
1.197
1.261
1.084
1.199
1.215
1.357
1.160
1.249
1.323
1.240
1.287
1.202
1.201
1.133
1.224
1.203
1.262
1.253
1.186
1.249
1.102
1.166
1.196
1.263
1.176
1.172
1.161
1.284
1.124
1.265
1.311
1.092
1.159
1.215
1.137
1.163
1.241
1.103
1.326
1.317
1.171
1.340
1.213
1.259
1.328
1.140
1.268
1.278
1.228
1.335
1.186
1.208
1.212
1.343
1.122
1.159
1.080
1.150
1.226
1.371
1.186
1.148
1.203
1.150
1.286
1.208
1.231
1.216
1.259
1.246
1.014
1.137
1.342
1.168
1.229
1.190
1.246
1.089
1.173
1.310
1.183
1.211
1.264
1.267
1.141
1.105
1.178
1.270
1.187
1.125
1.327
1.250
1.077
1.346
1.170
1.219
1.163
1.143
1.244
1.219
1.152
1.191
1.273
1.238
1.223
1.175
1.086
1.232
1.166
1.219
1.206
1.262
1.115
1.139
1.224
1.114
1.208
1.180
1.062
1.138
1.347
1.225
1.271
1.222
1.288
1.245
1.215
1.232
1.136
1.124
1.145
1.210
1.366
1.237
1.142
1.215
1.228
1.128
1.091
1.346
1.141
1.255
1.244
1.204
1.109
1.211
1.161
1.249
1.279
1.194
1.354
1.229
1.104
1.237
1.150
1.078
1.291
1.215
1.197
1.363
1.253
1.183
1.282
1.269
1.152
1.121
1.272
1.170
1.213
1.254
1.268
1.178
1.127
1.056
1.208
1.246
1.293
1.160
1.260
1.343
1.295
1.294
1.143
1.317
1.197
1.217
1.149
1.265
1.149
1.257
1.188
1.290
1.269
1.095
1.188
1.217
1.054
1.100
1.206
1.226
1.204
1.190
1.192
1.088
1.142
1.220
1.185
1.160
1.216
1.162
1.339
1.187
1.248
1.131
1.167
1.119
1.204
1.158
1.211
1.164
1.132
1.165
1.232
1.256
1.335
1.286
1.113
1.366
1.070
1.256
1.321
1.180
1.268
1.212
1.212
1.213
1.228
1.159
1.195
1.264
1.160
1.362
1.191
1.174
1.247
1.186
1.103
1.136
1.283
1.258
1.183
1.226
1.183
1.320
1.235
1.172
1.161
1.129
1.290
1.256
1.221
1.260
1.243
1.206
1.268
1.158
1.212
1.211
1.125
1.207
1.145
1.267
1.343
1.131
1.199
1.342
1.206
1.291
1.194
1.204
1.045
1.278
1.177
1.294
1.217
1.178
1.310
1.119
1.287
1.218
1.301
1.350
1.228
1.219
1.199
1.219
1.338
1.158
1.308
1.203
1.250
1.259
1.251
1.164
1.285
1.077
1.370
1.126
1.144
1.064
1.190
1.096
1.325
1.315
1.218
1.173
1.203
1.259
1.188
1.169
1.207
1.290
1.212
1.237
1.153
1.183
1.237
1.185
1.200
1.185
1.187
1.216
1.334
1.279
1.204
1.078
1.223
1.169
1.194
1.241
1.239
1.232
1.302
1.061
1.149
1.234
1.096
1.303
1.128
1.179
1.249
1.264
1.159
1.181
1.277
1.346
1.181
1.118
1.165
1.235
1.393
1.195
1.228
1.269
1.104
1.380
1.242
1.308
1.141
1.149
1.317
1.141
1.230
1.280
1.104
1.299
1.155
1.069
1.203
1.149
1.170
1.144
1.107
1.013
1.224
1.145
1.197
1.134
1.224
1.255
1.124
1.108
1.223
1.158
1.273
1.110
1.196
1.270
1.218
1.293
1.290
1.038
1.253
1.272
1.182
1.312
1.269
1.320
1.172
1.245
1.096
1.271
1.190
1.105
1.198
1.247
1.148
1.193
1.147
1.266
1.224
1.246
1.187
1.100
1.199
1.136
1.231
1.123
1.245
1.126
1.132
1.241
1.169
1.275
1.230
1.202
1.088
1.103
1.190
1.069
1.070
1.215
1.168
1.271
1.282
1.199
1.333
1.168
1.216
1.189
1.208
1.211
1.224
1.180
1.256
1.118
1.161
1.166
1.156
1.175
1.239
1.158
1.262
1.291
1.202
1.249
1.159
1.200
1.254
1.323
1.181
1.209
1.322
1.254
1.201
1.148
1.193
1.040
1.151
1.299
1.316
1.195
1.155
1.187
1.259
1.181
1.373
1.165
1.193
1.219
1.178
1.175
1.175
1.176
1.190
1.211
1.122
1.117
1.198
1.231
1.128
1.180
1.108
1.327
1.228
1.220
1.215
1.067
1.187
1.115
1.203
1.212
1.147
1.232
1.204
1.292
1.176
1.114
1.219
1.147
1.253
1.188
1.211
1.200
1.272
1.218
1.139
1.231
1.346
1.153
1.194
1.130
1.191
1.217
1.329
1.207
1.285
1.161
1.325
1.172
1.204
1.167
1.105
1.210
1.137
1.297
1.227
1.306
1.100
1.152
1.261
1.180
1.347
1.220
1.107
1.200
1.254
1.208
1.197
1.162
1.127
1.251
1.237
1.281
1.278
1.229
1.159
1.070
1.178
1.136
1.186
1.159
1.284
1.324
1.236
1.183
1.146
1.168
1.081
1.158
1.357
1.187
1.225
1.175
1.211
1.206
1.221
1.055
1.232
1.256
1.151
1.185
1.069
1.163
1.143
1.151
1.170
1.210
1.092
1.195
1.106
1.136
1.191
1.275
1.149
1.277
1.274
1.200
1.299
1.197
1.227
1.142
1.161
1.225
1.116
1.211
1.226
1.237
1.176
1.194
1.222
1.094
1.195
1.136
1.112
1.256
1.324
1.303
1.253
1.278
1.290
1.280
1.279
1.175
1.171
1.169
1.136
1.199
1.147
1.229
1.288
1.257
1.175
1.142
1.071
1.049
1.133
1.239
1.376
1.182
1.194
1.126
1.279
1.160
1.188
1.223
1.210
1.110
1.317
1.199
1.374
1.468
1.243
1.234
1.184
1.218
1.186
1.253
1.134
1.162
1.192
1.225
1.104
1.084
1.338
1.173
1.321
1.318
1.192
1.288
1.163
1.185
1.276
1.157
1.170
1.195
1.150
1.197
1.258
1.203
1.197
1.091
1.162
1.186
1.152
1.236
1.205
1.205
1.205
1.333
1.367
1.167
1.144
1.156
1.232
1.249
1.329
1.249
1.359
1.332
1.044
1.078
1.140
1.297
1.170
1.190
1.189
1.130
1.144
1.131
1.163
1.217
1.176
1.136
1.302
1.187
1.258
1.276
1.081
1.301
1.211
1.245
1.338
1.236
1.249
1.172
1.117
1.177
1.217
1.197
1.136
1.156
1.197
1.359
1.261
1.197
1.183
1.144
1.184
1.166
1.096
1.156
1.192
1.175
1.110
1.379
1.316
1.172
1.111
1.170
1.197
1.155
1.241
1.268
1.168
1.177
1.284
1.264
1.370
1.288
1.221
1.217
1.054
1.216
1.274
1.099
1.183
1.154
1.194
1.281
1.235
1.326
1.098
1.233
1.126
1.209
1.268
1.436
1.176
1.184
1.156
1.141
1.288
1.298
1.172
1.384
1.223
1.193
1.142
1.222
1.197
1.394
1.196
1.256
1.079
1.199
1.115
1.185
1.131
1.137
1.278
1.070
1.113
1.191
1.155
1.290
1.231
1.205
1.238
1.146
1.293
1.171
1.341
1.303
1.129
1.196
1.251
1.203
1.162
1.217
1.203
1.358
1.331
1.151
1.225
1.202
1.203
1.243
1.176
1.193
1.247
1.243
1.180
1.230
1.073
1.203
1.191
1.144
1.353
1.197
1.191
1.188
1.206
1.156
1.190
1.181
1.190
1.124
1.265
1.196
1.123
1.160
1.336
1.171
1.059
1.198
1.213
1.193
1.141
1.249
1.022
1.192
1.334
1.206
1.119
1.232
1.141
1.176
1.194
1.098
1.209
1.157
1.293
1.285
1.089
1.206
1.237
1.002
1.226
1.033
1.117
1.239
1.303
1.220
1.215
1.254
1.282
1.371
1.180
1.319
1.254
1.265
1.210
1.279
1.262
1.237
1.357
1.186
1.141
1.227
1.120
1.134
1.157
1.101
1.150
1.188
1.294
1.111
1.170
1.211
1.151
1.374
1.194
1.211
1.217
1.172
1.201
1.230
1.206
1.141
1.252
1.277
0.982
1.281
1.229
1.336
1.168
1.130
1.113
1.160
1.137
1.112
1.235
1.188
1.224
1.168
1.139
1.246
1.125
1.188
1.148
1.136
1.313
1.092
1.091
1.237
1.169
1.185
1.216
1.303
1.180
1.160
1.220
1.189
1.186
1.225
1.257
1.263
1.207
1.107
1.306
1.316
1.226
1.258
1.176
1.078
1.337
1.228
1.374
1.259
1.181
1.268
1.330
1.189
1.118
1.078
1.236
1.161
1.128
1.238
1.111
1.270
1.103
1.180
1.174
1.196
1.245
1.225
1.166
1.269
1.253
1.163
1.273
1.097
1.169
1.128
1.308
1.108
1.247
1.327
1.269
1.123
1.174
1.120
1.328
1.228
1.240
1.197
1.128
1.283
1.197
1.228
1.153
1.250
1.249
1.229
1.198
1.258
1.084
1.154
1.190
1.244
1.230
1.144
1.245
1.311
1.127
1.258
1.075
1.139
1.160
1.274
1.181
1.323
1.201
1.213
1.196
1.220
1.178
1.138
1.252
1.155
1.148
1.161
1.217
1.260
1.295
1.256
1.264
1.162
1.164
1.176
1.096
1.164
1.157
1.164
1.217
1.167
1.115
1.154
1.192
1.182
1.333
1.229
1.250
1.244
1.274
1.169
1.180
1.251
1.220
1.231
1.246
1.256
1.219
1.190
1.080
1.290
1.161
1.181
1.263
1.121
1.105
1.217
1.242
1.227
1.236
1.102
1.295
1.332
1.114
1.219
1.201
1.140
1.180
1.161
1.271
1.219
1.084
1.211
1.204
1.290
1.206
1.236
1.148
1.236
1.141
1.119
1.237
1.298
1.191
1.238
1.121
1.175
1.202
1.193
1.273
1.191
1.229
1.188
1.176
1.148
1.182
1.249
1.285
1.136
1.133
1.156
1.037
1.115
1.316
1.166
1.229
1.343
1.133
1.125
1.278
1.212
1.268
1.222
1.146
1.181
1.308
1.084
1.286
1.336
1.071
1.205
1.201
1.136
1.221
1.171
1.124
1.162
1.179
1.222
1.112
1.216
1.160
1.228
1.154
1.151
1.297
1.246
1.176
1.183
1.209
1.216
1.176
1.215
1.261
1.301
1.138
1.156
1.083
1.183
1.241
1.318
1.204
1.014
1.082
1.218
1.202
1.129
1.225
1.346
1.254
1.264
1.234
1.173
1.150
1.422
1.289
1.167
1.230
1.262
1.177
1.154
1.222
1.216
1.135
1.129
1.124
1.181
1.235
1.177
1.193
1.177
1.198
1.104
1.240
1.259
1.142
1.187
1.210
1.162
1.154
1.168
1.122
1.123
1.391
1.175
1.313
1.243
1.121
1.220
1.366
1.175
1.198
1.241
1.259
1.386
1.257
1.291
1.186
1.209
1.260
1.343
1.266
1.109
1.159
1.370
1.329
1.109
1.093
1.177
1.168
1.163
1.137
1.250
1.267
1.169
1.199
1.289
1.231
1.255
1.150
1.159
1.265
1.295
1.188
1.084
1.207
1.141
1.169
1.171
1.191
1.209
1.205
1.241
1.186
1.098
1.072
1.112
1.151
1.236
1.211
1.102
1.194
1.210
1.209
1.196
1.144
1.166
1.192
1.215
1.259
1.183
1.161
1.321
1.161
1.224
1.233
1.103
1.176
1.251
1.273
1.119
1.074
1.293
1.109
1.140
1.363
1.147
1.197
1.214
1.181
1.154
1.236
1.135
1.226
1.196
1.165
1.242
1.066
1.212
1.235
1.209
1.208
1.171
1.161
1.125
1.231
1.155
1.222
1.254
1.270
1.158
1.205
1.246
1.196
1.125
1.229
1.271
1.222
1.300
1.111
1.242
1.128
1.168
1.304
1.287
1.196
1.272
1.250
1.312
1.058
1.191
1.210
1.176
1.200
1.160
1.166
1.148
1.243
1.190
1.160
1.315
1.297
1.213
1.213
1.285
1.215
1.222
1.329
1.072
1.244
1.302
1.083
1.097
1.156
1.200
1.073
1.183
1.348
1.188
1.224
1.218
1.241
1.234
1.166
1.110
1.293
1.163
1.316
1.197
1.151
1.248
1.169
1.276
1.166
1.220
1.274
1.235
1.337
1.271
1.266
1.210
1.409
1.186
1.221
1.382
1.141
1.186
1.240
1.293
1.231
1.329
1.122
1.150
1.181
1.215
1.347
1.292
1.243
1.272
1.300
1.239
1.257
1.258
1.209
1.138
1.298
1.287
1.159
1.247
1.204
1.171
1.214
1.209
1.240
1.163
1.294
1.224
1.244
1.184
1.152
1.055
1.213
1.288
1.234
1.324
1.265
1.152
1.297
1.198
1.401
1.183
1.249
1.205
1.195
1.168
1.244
1.134
1.154
1.127
1.387
1.269
1.175
1.252
1.175
1.280
1.211
1.183
1.251
1.288
1.229
1.156
1.132
1.156
1.213
1.333
1.313
1.173
1.085
1.145
1.177
1.304
1.023
1.222
1.209
1.226
1.163
1.189
1.168
1.217
1.230
1.156
1.188
1.246
1.348
1.345
1.198
1.161
1.193
1.155
1.176
1.306
1.231
1.203
1.135
1.228
1.249
1.191
1.227
1.254
1.188
1.133
1.227
1.163
1.291
1.274
1.217
1.011
1.209
1.092
1.304
1.240
1.267
1.190
1.127
1.209
1.181
1.183
1.265
1.372
1.196
1.103
1.156
1.176
1.180
1.330
1.143
1.182
1.185
1.186
1.187
1.274
1.177
1.181
1.238
1.184
1.192
1.331
1.219
1.165
1.110
1.169
1.167
1.083
1.312
1.016
1.082
1.207
1.243
1.202
1.109
0.996
1.278
1.344
1.277
1.152
1.197
1.196
1.179
1.164
1.180
1.130
1.151
1.272
1.190
1.151
1.124
1.207
1.159
1.149
1.222
1.310
1.147
1.210
1.200
1.159
1.331
1.219
1.166
1.170
1.225
1.267
1.222
1.144
1.267
1.315
1.171
1.203
1.169
1.191
1.234
1.136
1.387
1.148
1.082
1.229
1.184
1.185
1.184
1.333
1.218
1.300
1.119
1.229
1.165
1.187
1.249
1.220
1.264
1.206
1.128
1.204
1.188
1.183
1.069
1.103
1.222
1.299
1.180
1.272
1.242
1.134
1.138
1.151
1.238
1.181
1.241
1.217
1.120
1.233
1.223
1.363
1.152
1.132
1.214
1.185
1.208
1.159
1.216
1.129
1.182
1.377
1.132
1.099
1.170
1.319
1.236
1.199
1.148
1.205
1.157
1.212
1.321
1.359
1.139
1.186
1.209
1.258
1.157
1.187
1.203
1.252
1.240
1.274
1.218
1.155
1.249
1.200
1.218
1.262
1.243
1.162
1.159
1.208
1.268
1.201
1.275
1.343
1.158
1.253
1.231
1.359
1.256
1.132
1.145
1.115
1.200
1.213
1.255
1.208
1.235
1.176
1.168
1.192
1.116
1.310
1.122
1.332
1.133
1.153
1.246
1.142
1.252
1.212
1.349
1.422
1.282
1.273
1.207
1.162
1.230
1.251
1.173
1.163
1.254
1.272
1.340
1.235
1.249
1.253
1.231
1.183
1.191
1.192
1.187
1.340
1.245
1.165
1.245
1.162
1.200
1.205
1.206
1.187
1.151
1.325
1.327
1.323
1.292
1.198
1.103
1.231
1.255
1.216
1.135
1.192
1.225
1.107
1.098
1.256
1.286
1.057
1.154
1.175
1.100
1.211
1.281
1.205
1.180
1.127
1.261
1.075
1.315
1.241
1.263
1.374
1.182
1.305
1.138
1.110
1.171
1.269
1.113
1.349
1.242
1.102
1.179
1.335
1.126
1.080
1.128
1.186
1.249
1.249
1.150
1.175
1.211
1.245
1.135
1.213
1.232
1.205
1.224
1.195
1.230
1.196
1.316
1.119
1.356
1.332
1.211
1.169
1.167
1.248
1.169
1.279
1.259
1.239
1.184
1.205
1.276
1.173
1.355
1.296
1.153
1.379
1.255
1.243
1.297
1.081
1.228
1.163
1.277
1.315
1.237
1.178
1.144
1.314
1.035
1.096
1.186
1.198
1.165
1.120
1.176
1.225
1.276
1.287
1.159
1.161
1.235
1.088
1.198
1.244
1.174
1.127
1.296
1.387
1.273
1.193
1.216
1.109
1.174
1.116
1.158
1.157
1.247
1.271
1.045
1.243
1.213
1.258
1.274
1.089
1.125
1.240
1.226
1.131
1.159
1.308
1.200
1.115
1.292
1.285
1.110
1.128
1.215
1.233
1.126
1.231
1.196
1.190
1.194
1.114
1.097
1.144
1.141
1.115
1.090
1.268
1.327
1.300
1.163
1.189
1.113
1.245
1.228
1.212
1.280
1.201
1.138
1.218
1.312
1.252
1.260
1.075
1.168
1.269
1.180
1.158
1.162
1.098
1.223
1.081
1.316
1.176
1.322
1.148
1.275
1.307
1.255
1.114
1.201
1.321
1.146
1.086
1.218
1.140
1.164
1.212
1.350
1.150
1.431
1.263
1.266
1.157
1.239
1.165
1.279
1.281
1.221
1.324
1.137
1.107
1.139
1.279
1.135
1.239
1.241
1.079
1.273
1.323
1.329
1.314
1.069
1.160
1.267
1.161
1.443
1.103
1.207
1.081
1.131
1.235
1.212
1.319
1.136
1.182
1.202
1.108
1.308
1.109
1.138
1.314
1.158
1.120
1.205
1.319
1.189
1.245
1.240
1.221
1.241
1.212
1.283
1.219
1.190
1.263
1.261
1.096
1.105
1.181
1.209
1.187
1.174
1.099
1.326
1.177
1.255
1.195
1.307
1.159
1.256
1.079
1.175
1.222
1.224
1.134
1.121
1.288
1.187
1.197
1.154
1.079
1.100
1.171
1.131
1.240
1.179
1.202
1.154
1.131
1.196
1.312
1.300
1.366
1.282
1.210
1.199
1.285
1.213
1.117
1.247
1.205
1.234
1.282
1.257
1.270
1.246
1.205
1.341
1.146
1.174
1.331
1.300
1.357
1.244
1.090
1.172
1.223
1.327
1.166
1.186
1.197
1.200
1.220
1.157
1.126
1.167
1.113
1.243
1.256
1.293
1.206
1.061
1.340
1.359
1.213
1.216
1.237
1.374
1.173
1.204
1.318
1.133
1.263
1.234
1.169
1.206
1.317
1.283
1.119
1.236
1.202
1.242
1.181
1.281
1.188
1.145
1.398
1.218
1.262
1.270
1.206
1.148
1.053
1.193
1.257
1.072
1.204
1.324
1.150
1.174
1.105
1.232
1.279
1.238
1.172
1.099
1.182
1.323
1.229
1.248
1.177
1.167
1.193
1.223
1.125
1.265
1.291
1.071
1.190
1.281
1.230
1.256
1.183
1.223
1.136
1.212
1.144
1.264
1.266
1.206
1.208
1.179
1.256
1.250
1.227
1.260
1.180
1.239
1.257
1.277
1.159
1.214
1.179
1.222
1.215
1.156
1.293
1.324
1.217
1.219
1.280
1.123
1.237
1.218
1.188
1.039
1.209
1.141
1.174
1.310
1.320
1.146
1.295
1.214
1.184
1.138
1.114
1.317
1.226
1.305
1.288
1.140
1.177
1.142
1.292
1.157
1.172
1.175
1.279
1.213
1.196
1.113
1.354
1.221
1.171
1.268
1.209
1.252
1.188
1.298
1.289
1.199
1.185
1.161
1.135
1.161
1.169
1.177
1.244
1.169
1.257
1.204
1.215
1.247
1.269
1.262
1.245
1.248
1.274
1.158
1.157
1.223
1.193
1.188
1.210
1.262
1.234
1.064
1.138
1.190
1.180
1.136
1.411
1.200
1.141
1.290
1.115
1.247
1.145
1.262
1.159
1.235
1.257
1.180
1.097
1.204
1.185
1.242
1.230
1.212
1.296
1.110
1.126
1.193
1.314
1.202
1.193
1.208
1.164
1.303
1.185
1.123
1.123
1.142
1.171
1.397
1.279
1.194
1.337
1.381
1.195
1.224
1.205
1.179
1.356
1.262
1.098
1.137
1.217
1.217
1.283
1.319
1.243
1.233
1.153
1.187
1.109
1.284
1.178
1.194
1.193
1.221
1.154
1.111
1.173
1.165
1.139
1.195
1.132
1.207
1.193
1.291
1.145
1.185
1.134
1.180
1.265
1.224
1.151
1.320
1.370
1.205
1.178
1.303
1.191
1.173
1.215
1.259
1.184
1.304
1.151
1.305
1.170
1.190
1.280
1.304
1.249
1.243
1.081
1.149
1.157
1.192
1.369
1.237
1.182
1.194
1.236
1.319
1.059
1.188
1.258
1.236
1.306
1.231
1.267
1.141
1.163
1.214
1.233
1.438
1.115
1.113
1.210
1.125
1.241
1.336
1.232
1.169
1.275
1.173
1.281
1.209
1.107
1.221
1.154
1.106
1.164
1.181
1.271
1.191
1.151
1.207
1.308
1.115
1.084
1.172
1.105
1.269
1.212
1.236
1.262
1.171
1.118
1.172
1.338
1.217
1.287
1.184
1.077
1.143
1.242
1.132
1.191
1.083
1.161
1.226
1.217
1.153
1.242
1.279
1.207
1.157
1.238
1.163
1.203
1.242
1.184
1.194
1.262
1.226
1.235
1.358
1.229
1.259
1.251
1.108
1.184
1.123
1.206
1.251
1.269
1.141
1.050
1.262
1.272
1.198
1.153
1.306
1.246
1.141
1.171
1.167
1.081
1.213
1.199
1.166
1.113
1.286
1.241
1.103
1.171
1.229
1.184
1.176
1.233
1.243
1.147
1.217
1.165
1.294
1.174
1.208
1.135
1.193
1.097
1.288
1.247
1.118
1.200
1.182
1.184
1.052
1.273
1.242
1.144
1.163
1.306
1.189
1.140
1.244
1.257
1.155
1.221
1.131
1.248
1.291
1.316
1.110
1.187
1.176
1.122
1.252
1.168
1.161
1.109
1.210
1.287
1.227
1.225
1.261
1.270
1.189
1.142
1.121
1.181
1.135
1.204
1.519
1.184
1.174
1.190
1.231
1.366
1.311
1.220
1.183
1.306
1.151
1.158
1.195
1.293
1.155
1.225
1.135
1.234
1.183
1.213
1.202
1.163
1.301
1.255
1.248
1.148
1.239
1.222
1.330
1.353
1.205
1.302
1.158
1.096
1.319
1.264
1.353
1.250
1.158
1.280
1.259
1.186
1.244
1.142
1.137
1.236
1.265
1.212
1.244
1.103
1.137
1.317
1.231
1.129
1.192
1.217
1.257
1.212
1.131
1.174
1.191
1.142
1.312
1.145
1.269
1.270
1.231
1.141
1.274
1.190
1.226
1.222
1.280
1.125
1.110
1.166
1.138
1.148
1.230
1.254
1.211
1.150
1.206
1.224
1.237
1.207
1.168
1.235
1.251
1.122
1.207
1.237
1.226
1.325
1.210
1.298
1.144
1.100
1.159
1.260
1.215
1.254
1.154
1.199
1.206
1.224
1.192
1.186
1.159
1.189
1.204
1.121
1.117
1.185
1.144
1.175
1.221
1.152
1.291
1.191
1.162
1.244
1.306
1.176
1.215
1.193
1.186
1.242
1.250
1.225
1.083
1.303
1.288
1.251
1.105
1.255
1.226
1.250
1.293
1.203
1.261
1.131
1.203
1.187
1.308
1.180
1.245
1.352
1.266
1.302
1.300
1.149
1.181
1.153
1.161
1.255
1.217
1.196
1.141
1.290
1.122
1.260
1.163
1.250
1.373
1.359
1.123
1.037
1.223
1.195
1.201
1.224
1.413
1.242
1.229
1.225
1.218
1.188
1.185
1.188
1.158
1.124
1.169
1.201
1.170
1.116
1.134
1.388
1.206
1.191
1.271
1.253
1.230
1.239
1.233
1.026
1.124
1.258
1.254
1.263
1.185
1.275
1.173
1.263
1.294
1.212
1.139
1.315
1.287
1.138
1.181
1.240
1.205
1.250
1.149
1.132
1.280
1.305
1.126
1.175
1.196
1.128
1.282
1.284
1.242
1.144
1.053
1.198
1.177
1.203
1.098
1.188
1.160
1.160
1.099
1.082
1.228
1.363
1.387
1.196
1.166
1.235
1.120
1.304
1.320
1.247
1.183
1.226
1.196
1.120
1.237
1.275
1.222
1.261
1.136
1.223
1.229
1.119
1.173
1.164
1.358
1.153
1.166
1.026
1.362
1.298
1.173
1.275
1.224
1.180
1.226
1.147
1.211
1.098
1.196
1.275
1.278
1.240
1.130
1.258
1.210
1.131
1.171
1.276
1.171
1.373
1.182
1.155
1.224
1.280
1.247
1.209
1.086
1.166
1.208
1.221
1.221
1.147
1.241
1.240
1.198
1.178
1.194
1.324
1.026
1.132
1.344
1.100
1.205
1.284
1.259
1.212
1.397
1.221
1.195
1.108
1.266
1.312
1.348
1.190
1.165
1.163
1.175
1.179
1.183
1.234
1.236
1.246
1.108
1.213
1.229
1.131
1.139
1.337
1.142
1.275
1.348
1.172
1.232
1.323
1.266
1.187
1.326
1.092
1.200
1.148
1.153
1.170
1.257
1.240
1.181
1.271
1.201
1.127
1.276
1.250
1.191
1.131
1.168
1.076
1.292
1.231
1.206
1.114
1.216
1.184
1.153
1.194
1.314
1.201
1.116
1.206
1.157
1.184
1.251
1.263
1.211
1.228
1.186
1.184
1.207
1.208
1.204
1.189
1.200
1.168
1.232
1.142
1.185
1.134
1.245
1.288
1.137
1.224
1.233
1.252
1.087
1.139
1.333
1.246
1.270
1.087
1.234
1.138
1.220
1.203
1.185
1.204
1.135
1.244
1.172
1.322
1.256
1.294
1.236
1.048
1.301
1.171
1.141
1.187
1.210
1.104
1.233
1.218
1.197
1.268
1.260
1.158
1.263
1.191
1.227
1.141
1.260
1.168
1.265
1.143
1.209
1.200
1.300
1.133
1.212
1.155
1.209
1.206
1.211
1.181
1.132
1.255
1.252
1.114
1.182
1.150
1.242
1.271
1.276
1.103
1.124
1.232
1.026
1.304
1.208
1.267
1.110
1.242
1.165
1.262
1.272
1.322
1.127
1.128
1.154
1.274
1.278
1.183
1.276
1.136
1.132
1.194
1.199
1.148
1.180
1.261
1.124
1.164
1.171
1.255
1.276
1.194
1.224
1.093
1.188
1.248
1.166
1.243
1.217
1.291
1.226
1.272
1.240
1.131
1.198
1.125
1.183
1.204
1.170
1.204
1.155
1.332
1.224
1.266
1.195
1.214
1.151
1.165
1.210
1.183
1.191
1.192
1.132
1.212
1.178
1.143
1.161
1.256
1.129
1.316
1.255
1.198
1.269
1.276
1.322
1.188
1.151
1.241
1.140
1.115
1.318
1.140
1.088
1.194
1.233
1.256
1.149
1.131
1.357
1.284
1.188
1.159
1.243
1.159
1.280
1.242
1.218
1.283
1.278
1.239
1.230
1.108
1.275
1.221
1.173
1.128
1.112
1.275
1.237
1.211
1.172
1.047
1.169
1.124
1.095
1.136
1.249
1.165
1.060
1.120
1.081
1.061
1.264
1.228
1.055
1.274
1.070
1.182
1.093
1.305
1.201
1.156
1.224
1.306
1.224
1.284
1.163
1.257
1.185
1.387
1.304
1.297
1.261
1.301
1.149
1.199
1.268
1.242
1.333
1.237
1.221
1.260
1.148
1.256
1.163
1.130
1.152
1.281
1.087
1.159
1.187
1.192
1.146
1.190
1.265
1.224
1.271
1.237
1.133
1.286
1.175
1.285
1.110
1.189
1.274
1.164
1.222
1.194
1.165
1.186
1.185
1.274
1.130
1.132
1.135
1.221
1.179
1.243
1.298
1.141
1.391
1.075
1.243
1.196
1.154
1.137
1.271
1.219
1.195
1.249
1.112
1.167
1.190
1.103
1.181
1.252
1.153
1.153
1.187
1.243
1.162
1.222
1.176
1.247
1.217
1.087
1.261
1.245
1.040
1.234
1.265
1.304
1.190
1.213
1.220
1.223
1.328
1.312
1.218
1.229
1.427
1.166
1.239
1.326
1.190
1.186
1.187
1.220
1.183
1.247
1.206
1.210
1.283
1.114
1.173
1.159
1.276
1.185
1.127
1.219
1.279
1.169
1.163
1.255
1.404
1.218
1.237
1.269
1.400
1.237
1.127
1.212
1.267
1.245
1.296
1.311
1.176
1.204
1.283
1.326
1.211
1.331
1.296
1.366
1.240
1.117
1.231
1.095
1.174
1.166
1.137
1.210
1.099
1.244
1.360
1.194
1.162
1.223
1.109
1.238
1.268
1.126
1.206
1.129
1.244
1.119
1.115
1.203
1.203
1.196
1.217
1.265
1.126
1.221
1.193
1.129
1.226
1.157
1.075
1.145
1.236
1.205
1.341
1.235
1.170
1.179
1.173
1.240
1.140
1.286
1.191
1.070
1.202
1.235
1.184
1.211
1.164
1.106
1.263
1.116
1.293
1.184
1.258
1.269
1.237
1.227
1.160
1.223
1.325
1.264
1.180
1.182
1.155
1.119
1.260
1.156
1.200
1.232
1.131
1.222
1.241
1.239
1.140
1.115
1.252
1.180
1.173
1.163
1.299
1.297
1.284
1.115
1.170
1.212
1.116
1.228
1.139
1.242
1.298
1.182
1.166
1.193
1.073
1.127
1.225
1.249
1.212
1.207
1.165
1.202
1.140
1.298
1.148
1.212
1.196
1.207
1.156
1.160
1.136
1.187
1.316
1.189
1.194
1.189
1.066
1.134
1.181
1.215
1.299
1.131
1.331
1.179
1.319
1.415
1.224
1.121
1.179
1.108
1.283
1.298
1.274
1.345
1.307
1.142
1.113
1.268
1.245
1.233
1.231
1.361
1.344
1.155
1.295
1.340
1.155
1.110
1.140
1.349
1.249
1.174
1.312
1.121
1.149
1.236
1.166
1.150
1.080
1.239
1.286
1.233
1.124
1.168
1.119
1.148
1.330
1.084
1.235
1.132
1.180
1.143
1.124
1.324
1.268
1.150
1.262
1.098
1.268
1.417
1.094
1.161
1.239
1.265
1.271
1.251
1.265
1.130
1.279
1.174
1.133
1.169
1.211
1.271
1.128
1.175
1.156
1.155
1.165
1.199
1.191
1.197
1.134
1.213
1.273
1.116
1.137
1.212
1.140
1.197
1.280
1.428
1.194
1.160
1.230
1.319
1.215
1.123
1.221
1.159
1.171
1.160
1.201
1.265
1.266
1.366
1.155
1.236
1.254
1.271
1.310
1.108
1.245
1.136
1.218
1.238
1.249
1.413
1.229
1.186
1.328
1.118
1.161
1.133
1.152
1.139
1.210
1.177
1.292
1.068
1.267
1.088
1.233
1.083
1.265
1.229
1.268
1.239
1.238
1.373
1.248
1.236
1.207
1.135
1.122
1.154
1.297
1.262
1.126
1.234
1.179
1.161
1.140
1.169
1.150
1.196
1.229
1.208
1.206
1.143
1.281
1.304
1.235
1.238
1.276
1.255
1.224
1.312
1.355
1.197
1.116
1.256
1.091
1.310
1.128
1.254
1.270
1.238
1.195
1.153
1.222
1.157
1.105
1.181
1.194
1.111
1.147
1.282
1.272
1.321
1.178
1.242
1.204
1.155
1.206
1.243
1.180
1.310
1.246
1.174
1.201
1.246
1.282
1.215
1.152
1.110
1.005
1.298
1.179
1.213
1.394
1.036
1.142
1.157
1.213
1.304
1.241
1.196
1.316
1.146
1.119
1.164
1.290
1.220
1.227
1.312
1.235
1.259
1.111
1.182
1.255
1.256
1.286
1.208
1.191
1.128
1.325
1.129
1.125
1.276
1.131
1.211
1.160
1.194
1.211
1.173
1.108
1.231
1.117
1.192
1.252
1.274
1.167
1.317
1.239
1.173
1.243
1.148
1.368
1.142
1.181
1.152
1.333
1.207
1.165
1.297
1.243
1.290
1.159
1.203
1.117
1.293
1.118
1.247
1.224
1.371
1.128
1.156
1.167
1.171
1.358
1.172
1.241
1.082
1.155
1.267
1.097
1.127
1.266
1.384
1.108
1.185
1.189
1.291
1.202
1.208
1.359
1.076
1.281
1.167
1.233
1.226
1.107
1.210
1.177
1.124
1.159
1.181
1.134
1.351
1.288
1.187
1.239
1.268
1.307
1.154
1.191
1.241
1.202
1.266
1.218
1.191
1.097
1.171
1.248
1.214
1.121
1.293
1.294
1.125
1.172
1.200
1.207
1.181
1.092
1.387
1.163
1.104
1.182
1.178
1.204
1.205
1.265
1.248
1.202
1.064
1.215
1.211
1.094
1.104
1.236
1.193
1.245
1.219
1.261
1.342
1.316
1.164
1.243
1.079
1.311
1.084
1.282
1.232
1.069
1.152
1.221
1.208
1.187
1.282
1.173
1.261
1.196
1.172
1.213
1.131
1.215
1.255
1.170
1.156
1.395
1.166
1.301
1.287
1.046
1.179
1.190
1.155
1.209
1.167
1.203
1.276
1.223
1.194
1.128
1.199
1.358
1.220
1.278
1.292
1.230
1.094
1.173
1.219
1.107
1.218
1.244
1.128
1.167
1.211
1.099
1.319
1.232
1.162
1.254
1.168
1.216
1.206
1.191
1.201
1.329
1.209
1.200
1.311
1.141
1.181
1.308
1.219
1.164
1.237
1.130
1.309
1.252
1.123
1.146
1.137
1.187
1.235
1.220
1.250
1.206
1.164
1.088
1.211
1.205
1.206
1.236
1.165
1.227
1.145
1.260
1.217
1.238
1.250
1.139
1.230
1.287
1.273
1.090
1.291
1.263
1.240
1.164
1.308
1.245
1.163
1.163
1.207
1.342
1.126
1.318
1.160
1.103
1.055
1.160
1.267
1.289
1.235
1.180
1.172
1.162
1.323
1.105
1.269
1.198
1.358
1.253
1.249
1.402
1.195
1.209
1.282
1.202
1.325
1.205
1.172
1.136
1.304
1.141
1.276
1.123
1.219
1.163
1.199
1.215
1.227
1.214
1.353
1.282
1.228
1.260
1.251
1.289
1.257
1.193
1.157
1.175
1.230
1.155
1.214
1.163
1.332
1.177
1.248
1.189
1.338
1.236
1.233
1.180
1.159
1.283
1.242
1.299
1.216
1.205
1.269
1.324
1.118
1.230
1.324
1.247
1.274
1.233
1.291
1.262
1.229
1.170
1.213
1.335
1.360
1.271
1.225
1.317
1.303
1.137
1.291
1.131
1.246
1.294
1.232
1.149
1.284
1.300
1.286
1.167
1.403
1.133
1.234
1.225
1.260
1.222
1.195
1.217
1.241
1.195
1.274
1.132
1.361
1.250
1.180
1.256
1.271
1.094
1.257
1.258
1.270
1.253
1.258
1.277
1.091
1.197
1.285
1.254
1.251
1.127
1.186
1.337
1.059
1.314
1.298
1.216
1.179
1.165
1.224
1.183
1.154
1.211
1.317
1.178
1.218
1.211
1.330
1.278
1.157
1.205
1.247
1.173
1.192
1.160
1.297
1.429
1.337
1.260
1.153
1.346
1.300
1.522
1.353
1.215
1.313
1.145
1.222
1.252
1.184
1.101
1.282
1.373
1.209
1.158
1.376
1.228
1.163
1.226
1.215
1.066
1.143
1.292
1.236
1.283
1.335
1.318
1.126
1.185
1.152
1.224
1.092
1.368
1.139
1.209
1.236
1.244
1.217
1.171
1.263
1.318
1.278
1.307
1.345
1.196
1.321
1.390
1.279
1.170
1.202
1.322
1.252
1.178
1.290
1.224
1.283
1.345
1.303
1.264
1.265
1.219
1.304
1.104
1.310
1.081
1.168
1.242
1.308
1.216
1.188
1.225
1.177
1.201
1.280
1.217
1.330
1.318
1.218
1.176
1.166
1.189
1.323
1.234
1.355
1.116
1.288
1.208
1.161
1.213
1.110
1.315
1.217
1.189
1.238
1.459
1.230
1.230
1.282
1.227
1.251
1.199
1.172
1.262
1.218
1.314
1.275
1.285
1.129
1.257
1.372
1.306
1.340
1.285
1.351
1.214
1.220
1.232
1.324
1.256
1.249
1.139
1.222
1.036
1.259
1.317
1.348
1.162
1.212
1.254
1.181
