1.600
1.803
0.183
0.970
1.835
1.412
1.454
1.716
0.989
1.153
1.261
1.200
0.972
1.401
0.917
1.367
1.331
1.401
1.245
1.437
1.039
1.106
1.435
1.497
1.039
1.402
0.921
1.499
1.487
1.187
1.087
1.531
1.319
1.682
0.934
1.631
1.166
1.105
1.664
1.169
1.513
1.294
1.388
1.312
1.273
1.112
1.000
1.008
1.580
1.535
1.063
1.470
1.570
1.292
1.414
1.290
1.229
1.030
1.038
1.118
1.558
0.960
1.534
1.235
1.121
1.295
1.515
1.482
1.462
1.346
1.403
0.957
1.320
1.417
1.224
0.937
1.357
0.905
1.363
1.315
1.471
1.258
1.716
0.906
1.355
1.111
1.544
0.944
1.279
1.223
1.567
1.633
1.225
1.299
1.250
1.054
1.195
1.226
1.374
1.681
1.040
1.388
0.967
1.553
1.382
0.896
1.026
1.554
1.435
1.257
1.923
0.992
1.089
0.949
1.034
0.975
1.018
1.033
1.444
1.257
1.406
1.397
1.091
1.080
1.470
0.945
1.573
1.498
1.019
1.662
1.679
1.719
1.786
1.632
1.421
0.930
1.537
1.472
1.505
1.765
1.371
1.314
1.168
1.184
1.063
0.977
1.647
0.981
1.351
1.296
1.339
1.375
1.167
1.426
1.511
1.439
1.521
0.946
1.154
1.040
1.238
1.256
1.033
1.224
1.479
1.443
1.034
1.664
1.394
1.754
1.404
0.868
1.398
1.110
1.438
1.378
1.079
1.054
1.491
1.215
1.228
0.935
0.926
0.932
1.171
0.913
1.575
1.611
0.987
0.915
1.393
1.286
1.441
2.084
2.073
1.626
1.287
1.432
1.212
1.253
1.336
1.299
1.015
0.976
1.350
0.948
0.953
1.488
0.975
0.878
0.995
1.424
0.917
1.049
1.537
1.278
1.470
1.400
1.651
1.026
1.523
1.490
1.391
0.915
1.064
1.534
1.082
0.977
1.494
1.655
1.112
1.317
1.105
1.042
1.349
1.289
1.496
1.064
0.994
1.773
1.396
1.274
1.252
1.232
1.205
1.028
1.214
1.528
1.185
1.002
1.321
1.588
0.947
1.234
1.329
1.510
1.329
1.524
1.010
0.965
1.567
1.031
1.656
1.289
1.364
1.294
1.440
1.093
1.124
1.166
1.559
1.067
1.370
1.043
1.183
0.945
1.043
1.578
1.142
1.450
1.529
1.437
0.899
1.445
1.339
1.349
1.583
1.467
1.432
1.014
1.297
1.371
1.729
1.046
0.963
1.290
0.965
1.570
1.489
1.100
0.936
1.465
1.200
1.247
1.657
0.976
1.311
0.964
1.247
1.480
1.457
1.536
1.367
1.449
1.389
1.172
1.445
1.340
1.762
1.502
1.364
1.317
1.455
0.999
1.255
1.498
1.484
1.223
1.543
1.060
1.026
0.973
1.091
0.941
1.195
1.280
1.440
1.363
1.349
1.538
0.894
1.426
1.661
0.904
1.041
1.588
1.267
1.248
1.443
1.544
1.485
1.011
1.256
1.447
1.441
1.577
1.527
1.044
1.454
1.367
0.990
1.610
1.071
1.662
1.478
1.029
1.864
0.882
1.118
1.326
1.675
1.239
0.920
1.158
1.238
1.227
1.510
1.319
1.364
1.277
1.143
1.545
1.346
1.266
1.491
1.415
1.029
0.984
1.343
1.477
1.063
1.196
1.054
0.972
0.937
0.997
1.010
1.604
0.892
0.936
1.538
0.946
1.311
0.888
1.363
1.343
1.202
1.168
1.260
1.534
1.101
1.561
1.455
1.155
1.498
1.008
0.923
1.538
1.040
0.932
0.988
1.076
0.984
1.416
1.380
1.067
0.962
1.449
1.180
1.051
1.720
0.937
1.521
1.376
0.932
1.074
1.209
2.900
1.365
1.022
1.388
0.994
1.528
1.294
1.272
0.923
1.480
1.418
1.296
0.892
1.344
1.480
1.385
1.199
1.460
1.354
1.532
0.946
1.164
0.881
1.046
1.496
1.186
1.408
1.468
1.517
1.166
0.983
1.236
0.947
1.640
1.561
1.482
0.979
1.358
0.981
1.417
1.840
0.907
0.877
1.305
1.087
1.327
1.367
1.228
1.437
1.678
1.543
1.268
1.335
1.077
1.314
1.053
0.816
1.327
1.575
1.672
1.030
1.286
1.226
1.358
1.198
0.877
1.388
1.220
1.189
1.315
1.503
1.203
1.324
0.921
1.311
1.415
0.924
1.137
1.013
1.343
1.251
0.926
1.289
1.455
1.369
0.951
0.893
1.026
1.462
1.007
1.095
1.328
1.708
1.438
1.558
1.467
0.970
1.089
0.925
1.561
1.206
1.579
1.073
1.476
1.128
1.477
1.150
1.377
1.324
1.630
1.246
1.555
1.228
1.517
0.969
1.184
1.454
0.987
0.909
0.899
0.926
1.310
0.971
1.256
0.932
1.007
1.355
1.439
1.382
1.388
1.269
1.628
1.224
1.305
1.295
1.506
1.376
1.187
1.266
1.544
1.258
1.215
1.271
1.465
1.205
1.270
1.119
1.135
0.901
1.229
1.271
1.378
1.171
1.271
0.932
1.042
1.600
0.904
0.836
1.272
1.174
1.264
1.477
0.966
0.871
1.065
0.953
0.886
1.022
1.268
1.037
1.005
1.413
0.977
1.789
1.444
1.314
0.979
1.101
1.326
0.886
1.013
1.221
1.190
1.353
1.426
1.174
1.191
1.430
1.444
1.335
1.333
0.937
0.960
1.415
1.262
1.178
1.308
1.379
0.966
0.998
1.046
0.958
1.063
0.887
1.368
1.168
0.950
1.437
0.954
1.540
1.102
1.371
0.940
1.578
1.170
0.891
1.395
1.336
1.181
0.942
1.233
1.470
1.637
1.642
1.185
1.363
1.073
1.435
1.469
1.311
1.367
1.306
1.404
1.428
1.361
1.179
1.550
1.276
1.241
1.433
1.180
1.525
1.590
0.909
0.874
1.030
1.173
1.300
0.928
0.880
1.508
1.376
1.054
1.523
1.460
1.383
1.319
0.947
1.273
1.071
1.356
1.052
0.969
1.154
1.435
1.195
1.542
1.515
1.302
1.367
1.320
1.050
1.039
1.275
1.150
1.482
1.094
0.977
1.574
1.387
1.318
1.094
1.170
1.251
1.529
1.169
0.916
1.260
0.920
0.903
1.108
1.614
1.351
1.173
1.286
1.437
0.968
1.283
1.552
1.325
1.206
0.897
1.634
1.297
1.601
1.471
1.380
1.335
1.307
1.468
1.324
1.460
1.440
0.879
1.574
0.964
1.046
0.906
1.252
1.170
1.069
1.151
1.016
1.054
1.381
1.026
1.621
1.148
1.315
1.007
1.264
1.111
1.372
0.997
1.123
1.248
1.248
1.685
1.176
1.414
1.290
1.446
1.524
1.311
0.968
1.282
1.615
0.942
1.394
0.886
1.011
1.502
1.545
1.307
1.352
1.626
1.319
1.212
0.912
1.330
1.248
1.174
1.148
1.040
0.953
0.917
0.973
1.100
1.446
1.392
1.449
1.301
1.308
1.226
1.156
1.045
1.608
1.493
1.082
0.960
1.314
1.304
0.965
1.198
0.921
1.609
1.572
1.723
1.616
0.994
1.535
1.178
1.208
0.972
1.269
1.422
0.920
1.033
1.347
1.116
0.895
1.143
1.113
1.289
0.952
0.842
1.064
1.049
1.222
0.888
1.429
1.534
1.277
0.942
1.484
1.572
1.528
0.917
1.250
1.830
1.310
1.435
1.464
1.153
1.674
1.506
1.167
1.664
1.281
1.334
1.099
1.126
1.402
1.393
1.549
1.491
1.310
1.434
1.395
1.480
1.167
1.165
1.403
1.243
0.949
1.415
0.951
1.431
1.319
1.324
1.033
1.291
1.447
1.702
0.980
1.521
0.924
0.977
1.698
1.150
1.382
1.567
1.330
1.053
1.370
1.405
1.385
1.796
1.699
1.341
1.336
1.036
1.269
0.939
1.491
0.945
1.228
1.021
1.012
0.975
1.006
1.590
1.623
1.248
1.185
1.037
1.125
1.408
1.842
1.278
0.904
0.953
1.271
1.205
0.988
1.393
1.276
1.054
1.226
1.321
0.924
1.227
1.575
1.234
1.224
1.391
0.994
1.284
1.444
0.936
1.374
1.276
1.346
1.305
1.033
1.425
1.000
1.411
1.428
1.430
0.946
0.943
1.596
1.421
1.253
1.095
1.570
1.385
1.266
1.200
0.952
0.944
1.651
0.898
1.618
1.431
1.412
1.313
1.559
1.490
1.209
1.473
1.484
1.563
1.289
1.551
1.335
1.399
1.512
1.828
1.392
1.442
1.186
1.193
1.153
0.883
1.508
1.434
1.339
0.954
1.224
0.975
0.985
0.899
1.007
1.280
1.036
1.166
1.315
1.481
1.093
0.895
0.951
1.361
1.003
1.529
0.889
1.480
1.122
0.968
0.930
1.297
0.971
1.796
1.277
1.515
1.396
1.485
1.221
1.299
1.261
0.988
1.046
1.429
0.861
1.335
0.944
1.300
1.315
1.476
1.799
1.350
1.370
1.555
1.182
1.006
1.102
1.076
1.455
1.278
1.190
1.297
1.256
1.238
1.289
0.924
1.350
1.476
1.179
1.042
1.264
1.040
1.015
0.944
1.171
1.032
1.327
0.991
0.970
1.079
1.428
1.746
1.224
1.418
1.042
0.961
1.110
1.006
0.909
1.486
1.095
1.018
1.151
1.083
1.000
1.014
1.339
1.207
1.228
1.897
0.992
1.280
0.959
1.056
1.349
1.170
0.931
1.305
1.444
1.313
1.127
1.393
0.951
1.612
0.912
1.070
1.501
1.392
1.248
1.374
1.385
1.150
1.535
1.697
1.166
1.333
1.218
1.425
1.040
0.924
1.198
1.416
1.508
1.162
1.627
1.508
1.077
1.240
1.595
1.160
1.226
1.547
1.386
1.522
1.306
1.241
1.512
1.221
1.607
1.401
1.360
1.084
1.445
1.250
0.979
1.506
1.627
1.321
1.019
0.949
1.505
1.488
1.475
1.658
1.408
1.230
1.320
1.502
1.365
1.294
0.914
1.450
1.046
0.912
1.378
1.238
1.077
1.124
1.053
0.895
1.407
1.250
1.346
0.935
1.376
1.005
0.923
1.232
1.471
1.602
1.625
1.498
1.781
0.903
1.088
1.051
1.335
1.488
1.130
0.956
1.341
1.298
1.281
1.120
0.929
1.466
1.484
1.164
1.354
1.013
1.401
1.246
1.379
1.353
1.556
1.613
1.211
1.242
0.944
1.416
1.527
1.175
1.315
1.150
1.318
1.023
1.227
1.201
1.184
0.945
1.085
1.384
1.272
1.375
1.410
1.568
1.379
0.976
1.002
1.379
1.341
1.227
1.272
1.328
0.971
1.496
0.968
1.322
1.208
1.032
1.331
1.285
1.148
0.969
0.939
1.684
1.097
1.296
1.467
1.190
1.213
1.221
1.008
1.500
1.637
1.409
1.007
0.972
1.176
1.298
1.414
1.680
1.425
1.353
1.308
1.174
1.342
0.879
0.967
1.467
1.383
1.577
1.016
1.470
0.936
1.297
1.371
1.508
0.884
1.502
0.996
1.051
1.029
1.253
1.272
0.930
1.035
1.022
0.942
1.593
1.587
1.505
0.973
1.152
1.002
1.594
1.510
1.316
1.273
0.968
1.536
1.390
1.607
1.028
1.266
0.910
1.036
1.358
0.927
1.316
1.607
0.968
0.894
1.135
0.935
1.260
1.154
1.557
0.874
0.982
1.505
1.259
0.966
1.182
1.455
1.250
1.451
1.084
1.605
1.466
1.094
1.518
1.314
1.394
1.414
0.977
1.102
1.204
1.352
1.020
0.899
1.033
1.547
1.736
1.228
0.976
1.298
1.423
0.973
1.324
1.103
1.543
1.211
1.405
1.591
0.972
1.418
1.551
1.405
1.276
1.549
1.277
1.321
1.352
1.091
0.901
1.418
0.951
1.135
1.729
1.471
0.957
1.339
1.063
1.229
0.922
0.964
1.360
0.931
1.491
1.235
1.471
0.955
1.300
1.456
1.317
1.096
1.506
1.485
1.372
1.881
0.991
1.443
1.512
0.899
0.942
1.256
1.492
1.662
1.240
1.195
0.941
1.578
1.052
0.968
1.395
0.940
0.989
0.931
1.368
1.368
1.077
1.212
1.191
1.297
1.442
1.024
1.378
1.256
1.393
0.985
0.890
1.411
0.985
1.422
0.976
1.461
1.410
0.940
1.150
1.373
0.988
1.336
1.513
1.813
1.296
1.060
0.925
1.329
1.437
1.336
1.475
1.032
1.194
1.170
1.582
1.198
1.075
1.226
0.951
1.306
1.492
1.310
1.165
1.697
1.126
1.114
1.221
0.928
0.941
1.277
1.374
1.540
1.236
1.029
0.967
1.739
1.098
0.952
1.221
1.107
0.928
1.106
1.407
1.225
0.997
1.733
1.256
1.550
1.167
1.593
1.397
1.029
1.387
1.204
1.647
1.143
1.443
0.966
1.521
1.215
1.729
1.506
1.435
1.278
1.295
1.591
0.963
1.218
1.157
1.012
0.926
1.477
0.894
1.535
1.296
1.144
1.673
1.151
1.163
1.324
1.062
1.444
0.986
1.532
1.035
1.024
1.448
1.330
1.018
1.590
1.607
1.008
1.388
1.401
1.181
1.238
1.043
1.032
1.011
1.482
1.449
1.523
1.534
1.018
1.035
1.034
0.971
1.472
1.539
1.412
1.448
0.958
1.409
1.405
1.126
1.399
1.228
1.489
1.016
1.122
1.011
1.304
1.333
1.021
1.115
0.944
1.479
1.512
0.906
0.982
1.247
1.792
1.504
1.452
1.039
1.236
1.595
0.956
1.391
1.029
1.173
1.405
0.879
1.587
1.288
0.989
1.204
1.313
0.957
1.216
1.420
1.632
1.387
1.259
1.550
0.861
1.136
1.258
1.001
0.988
1.458
1.255
1.447
1.051
1.175
1.256
1.232
1.154
1.242
1.458
0.912
1.189
1.225
0.958
1.631
1.332
1.596
1.466
1.381
1.021
1.334
1.110
1.531
1.008
1.452
1.270
1.018
1.334
1.074
1.289
1.042
1.599
0.968
1.431
1.257
1.348
1.580
1.216
0.985
0.953
1.556
0.973
1.389
1.173
1.592
1.017
1.385
1.203
0.927
0.955
0.945
1.435
0.994
1.418
1.100
1.139
1.536
1.373
1.279
0.980
0.950
1.245
1.387
1.378
1.021
0.980
1.460
1.528
1.439
1.143
1.054
1.262
1.402
1.505
1.759
1.324
1.064
1.647
1.462
1.247
1.248
1.434
1.365
1.334
1.305
1.393
1.090
1.553
0.921
1.297
1.318
1.377
1.373
0.930
1.503
1.407
1.506
1.402
1.339
0.935
1.382
1.361
1.285
1.479
0.962
1.493
1.289
1.371
1.145
0.968
1.430
1.586
1.381
1.037
0.992
1.355
1.344
0.926
1.128
1.401
1.063
0.961
1.435
0.894
1.204
1.195
0.930
0.965
1.035
1.382
1.314
0.900
1.048
1.393
0.950
1.104
1.220
1.390
1.276
1.334
1.014
1.583
0.987
1.113
1.008
1.609
0.965
1.565
1.752
1.383
0.941
1.328
1.350
1.246
1.588
1.319
1.135
1.259
1.119
1.007
1.449
1.486
1.282
1.211
1.676
1.912
1.376
1.604
1.078
1.637
1.106
1.050
1.415
0.934
1.462
1.511
1.888
1.556
1.121
1.638
1.399
1.182
1.048
1.149
1.246
1.098
0.963
1.091
1.002
1.614
1.474
1.397
1.392
1.479
1.245
1.423
1.007
1.535
1.002
1.431
1.234
1.375
1.253
1.518
1.415
1.019
1.604
1.339
1.200
1.250
1.298
1.196
1.053
0.907
1.341
1.576
1.236
1.493
1.390
1.630
1.063
1.499
1.299
1.405
1.366
1.122
1.500
1.480
1.185
0.906
1.021
0.897
1.689
1.245
0.883
1.344
1.455
1.074
1.274
0.911
0.953
1.338
0.888
0.998
1.190
1.054
1.478
0.994
1.258
1.474
1.450
1.544
1.051
1.059
1.496
1.058
1.314
1.720
1.287
1.471
1.238
1.066
1.347
1.328
1.388
0.945
1.559
1.520
0.958
1.278
1.708
1.655
1.253
1.304
1.214
1.388
1.354
1.443
1.060
1.576
1.250
0.914
1.095
1.353
1.299
1.313
1.468
1.326
1.196
1.625
1.411
1.288
1.331
1.512
1.408
1.084
1.265
0.978
1.566
0.930
1.319
0.910
1.314
1.504
1.065
1.881
1.254
1.343
0.951
0.919
0.957
1.077
1.013
1.254
0.947
1.051
0.920
1.620
1.347
1.615
1.465
1.435
1.448
1.270
0.981
1.268
1.794
1.417
1.172
1.207
1.325
1.058
1.117
1.241
0.986
1.326
1.318
1.402
1.513
1.089
1.028
1.560
1.022
1.189
1.617
1.515
1.217
1.269
1.564
1.236
1.461
1.005
1.373
1.343
1.285
1.056
1.338
1.349
0.980
1.278
1.246
1.552
1.421
0.998
1.665
1.102
1.296
1.407
1.172
1.306
1.107
1.401
1.173
1.503
0.918
1.191
1.241
1.330
0.919
1.105
1.183
1.241
1.462
0.888
1.100
1.248
1.517
1.565
1.114
1.049
1.452
1.090
1.710
0.886
1.483
1.440
1.294
1.389
1.452
1.085
1.295
1.637
1.548
1.506
0.910
1.117
0.088
1.711
0.890
1.239
1.150
1.569
0.978
1.356
1.290
1.015
1.729
1.379
0.976
1.293
1.455
0.959
1.003
1.186
1.536
0.944
0.965
1.134
1.230
1.406
1.436
1.447
0.881
1.186
1.267
1.376
1.002
0.989
1.009
1.045
1.156
1.428
1.086
1.313
1.284
0.957
0.931
1.507
0.966
1.515
1.378
1.225
1.100
1.408
1.262
1.361
1.374
1.096
1.279
