1374.180 956.461 16.949
1374.180 957.930 16.965
1374.180 958.152 16.965
1374.180 961.051 17.012
1374.180 961.121 17.012
1374.180 961.508 17.039
1374.180 961.641 17.039
1374.180 962.121 17.055
1374.180 962.441 17.055
1374.180 962.750 17.062
1374.180 962.805 17.062
1374.180 963.465 17.262
1374.180 963.789 17.344
1374.180 964.105 17.344
1374.180 964.223 17.344
1374.180 964.742 17.473
1374.180 964.797 17.473
1374.180 965.008 17.480
1374.180 965.008 17.480
1374.180 965.137 17.480
1374.180 965.152 17.480
1374.180 965.301 17.480
1374.180 965.316 17.480
1374.180 965.484 17.480
1374.180 965.496 17.480
1374.180 965.867 17.488
1374.180 965.949 17.488
1374.180 966.004 17.488
1374.180 966.258 17.582
1374.180 966.285 17.586
1374.180 966.297 17.586
1374.180 966.488 17.586
1374.180 966.512 17.586
1374.180 966.578 17.586
1374.180 966.602 17.586
1374.180 966.766 17.586
1374.180 966.828 17.586
1374.180 966.859 17.586
1374.180 966.863 17.586
1374.180 967.129 17.586
1374.180 967.164 17.586
1374.180 967.527 17.586
1374.180 967.555 17.586
1374.180 967.562 17.586
1374.180 967.566 17.586
1374.180 967.703 17.590
1374.180 967.707 17.590
1374.180 967.777 17.590
1374.180 967.820 17.590
1374.180 967.922 17.594
1374.180 967.930 17.594
1374.180 968.004 17.594
1374.180 968.020 17.594
1374.180 968.070 17.594
1374.180 968.070 17.594
1374.180 968.191 17.594
1374.180 968.203 17.594
1374.180 968.297 17.594
1374.180 968.316 17.594
1374.180 968.391 17.594
1374.180 968.406 17.594
1374.180 968.543 17.598
1374.180 968.598 17.598
1374.180 968.625 17.602
1374.180 968.625 17.602
1374.180 968.648 17.602
1374.180 968.668 17.602
1374.180 968.734 17.602
1374.180 968.746 17.602
1374.180 968.754 17.602
1374.180 968.758 17.602
1374.180 969.172 17.602
1374.180 969.172 17.602
1374.180 969.215 17.602
1374.180 969.219 17.602
1374.180 969.320 17.605
1374.180 969.328 17.605
1374.180 969.398 17.605
1374.180 969.398 17.605
1374.180 969.547 17.609
1374.180 969.562 17.609
1374.180 969.793 17.613
1374.180 969.793 17.613
1374.180 969.867 17.613
1374.180 969.879 17.613
1374.180 969.922 17.613
1374.180 970.016 17.633
1374.180 970.035 17.633
1374.180 970.043 17.633
1374.180 970.234 17.637
1374.180 970.234 17.637
1374.180 970.320 17.637
1374.180 970.320 17.637
1374.180 970.336 17.637
1374.180 970.359 17.637
1374.180 970.438 17.637
1374.180 970.438 17.637
1374.180 970.492 17.637
1374.180 970.516 17.637
1374.180 970.762 17.648
1374.180 970.801 17.648
1374.180 970.836 17.648
1374.180 970.836 17.648
1374.180 970.879 17.648
1374.180 970.906 17.648
1374.180 970.961 17.648
1374.180 970.996 17.648
1374.180 971.129 17.648
1374.180 971.145 17.648
1374.180 971.172 17.648
1374.180 971.188 17.648
1374.180 971.445 17.656
1374.180 971.516 17.656
1374.180 971.543 17.656
1374.180 971.555 17.656
1374.180 971.746 17.656
1374.180 971.770 17.656
1374.180 971.840 17.656
1374.180 971.844 17.656
1374.180 971.945 17.656
1374.180 971.957 17.656
1374.180 972.016 17.656
1374.180 972.152 17.656
1374.180 972.164 17.656
1374.180 972.164 17.656
1374.180 972.195 17.656
1374.180 972.230 17.656
1374.180 972.242 17.656
1374.180 972.324 17.656
1374.180 972.363 17.664
1374.180 972.391 17.664
1374.180 972.457 17.664
1374.180 972.465 17.664
1374.180 972.512 17.664
1374.180 972.594 17.664
1374.180 972.707 17.664
1374.180 972.727 17.664
1374.180 972.746 17.664
1374.180 972.777 17.664
1374.180 972.789 17.664
1374.180 972.805 17.664
1374.180 972.812 17.664
1374.180 973.086 17.664
1374.180 973.086 17.664
1374.180 973.141 17.668
1374.180 973.203 17.668
1374.180 973.230 17.668
1374.180 973.230 17.668
1374.180 973.230 17.668
1374.180 973.363 17.668
1374.180 973.367 17.668
1374.180 973.379 17.668
1374.180 973.383 17.668
1374.180 973.398 17.668
1374.180 973.543 17.668
1374.180 973.543 17.668
1374.180 973.543 17.668
1374.180 973.543 17.668
1374.180 973.551 17.668
1374.180 973.570 17.668
1374.180 973.668 17.668
1374.180 973.672 17.668
1374.180 973.672 17.668
1374.180 973.730 17.668
1374.180 973.848 17.668
1374.180 973.863 17.668
1374.180 973.879 17.668
1374.180 973.879 17.668
1374.180 973.891 17.668
1374.180 973.906 17.668
1374.180 973.949 17.668
1374.180 973.949 17.668
1374.180 974.000 17.668
1374.180 974.027 17.668
1374.180 974.062 17.672
1374.180 974.188 17.672
1374.180 974.188 17.672
1374.180 974.199 17.672
1374.180 974.211 17.672
1374.180 974.215 17.672
1374.180 974.219 17.672
1374.180 974.219 17.672
1374.180 974.227 17.672
1374.180 974.320 17.672
1374.180 974.332 17.672
1374.180 974.344 17.672
1374.180 974.367 17.672
1374.180 974.621 17.672
1374.180 974.621 17.672
1374.180 974.625 17.672
1374.180 974.625 17.672
1374.180 974.758 17.672
1374.180 974.770 17.672
1374.180 974.770 17.672
1374.180 974.770 17.672
1374.180 974.801 17.672
1374.180 974.852 17.672
1374.180 975.055 17.672
1374.180 975.055 17.672
1374.180 975.277 17.672
1374.180 975.305 17.672
1374.180 975.332 17.672
1374.180 975.531 17.672
1374.180 975.531 17.672
1374.180 975.531 17.672
1374.180 975.570 17.672
1374.180 975.621 17.672
1374.180 975.641 17.672
1374.180 975.641 17.672
1374.180 975.656 17.672
1374.180 975.699 17.672
1374.180 975.719 17.672
1374.180 975.730 17.672
1374.180 975.758 17.672
1374.180 975.836 17.672
1374.180 975.836 17.672
1374.180 975.852 17.672
1374.180 975.852 17.672
1374.180 975.852 17.672
1374.180 975.992 17.672
1374.180 975.992 17.672
1374.180 975.992 17.672
1374.180 976.062 17.672
1374.180 976.074 17.672
1374.180 976.113 17.672
1374.180 976.141 17.672
1374.180 976.141 17.672
1374.180 976.141 17.672
1374.180 976.176 17.672
1374.180 976.293 17.672
1374.180 976.293 17.672
1374.180 976.293 17.672
1374.180 976.320 17.672
1374.180 976.344 17.672
1374.180 976.363 17.672
1374.180 976.379 17.672
1374.180 976.391 17.672
1374.180 976.402 17.672
1374.180 976.402 17.672
1374.180 976.430 17.672
1374.180 976.430 17.672
1374.180 976.430 17.672
1374.180 976.430 17.672
1374.180 976.453 17.672
1374.180 976.453 17.672
1374.180 976.453 17.672
1374.180 976.516 17.672
1374.180 976.520 17.672
1374.180 976.742 17.672
1374.180 976.746 17.672
1374.180 976.906 17.672
1374.180 976.910 17.672
1374.180 977.051 17.672
1374.180 977.113 17.672
1374.180 977.113 17.672
1374.180 977.238 17.676
1374.180 977.246 17.676
1374.180 977.266 17.676
1374.180 977.277 17.676
1374.180 977.277 17.676
1374.180 977.281 17.676
1374.180 977.301 17.676
1374.180 977.301 17.676
1374.180 977.305 17.676
1374.180 977.309 17.676
1374.180 977.309 17.676
1374.180 977.324 17.676
1374.180 977.324 17.676
1374.180 977.332 17.676
1374.180 977.340 17.676
1374.180 977.344 17.676
1374.180 977.441 17.676
1374.180 977.441 17.676
1374.180 977.477 17.676
1374.180 977.477 17.676
1374.180 977.535 17.676
1374.180 977.559 17.680
1374.180 977.578 17.680
1374.180 977.578 17.680
1374.180 977.594 17.680
1374.180 977.598 17.680
1374.180 977.598 17.680
1374.180 977.656 17.680
1374.180 977.656 17.680
1374.180 977.660 17.680
1374.180 977.664 17.680
1374.180 977.664 17.680
1374.180 977.672 17.680
1374.180 977.672 17.680
1374.180 977.676 17.680
1374.180 977.676 17.680
1374.180 977.691 17.680
1374.180 977.691 17.680
1374.180 977.699 17.680
1374.180 977.719 17.680
1374.180 977.719 17.680
1374.180 977.785 17.680
1374.180 977.785 17.680
1374.180 977.809 17.680
1374.180 977.871 17.680
1374.180 977.871 17.680
1374.180 977.906 17.680
1374.180 977.910 17.680
1374.180 977.914 17.680
1374.180 977.934 17.680
1374.180 977.934 17.680
1374.180 977.934 17.680
1374.180 977.938 17.680
1374.180 977.953 17.680
1374.180 977.969 17.680
1374.180 977.969 17.680
1374.180 978.004 17.680
1374.180 978.004 17.680
1374.180 978.023 17.680
1374.180 978.051 17.680
1374.180 978.055 17.680
1374.180 978.145 17.680
1374.180 978.145 17.680
1374.180 978.148 17.680
1374.180 978.230 17.680
1374.180 978.234 17.680
1374.180 978.234 17.680
1374.180 978.250 17.680
1374.180 978.250 17.680
1374.180 978.316 17.680
1374.180 978.438 17.680
1374.180 978.438 17.680
1374.180 978.453 17.680
1374.180 978.457 17.680
1374.180 978.461 17.680
1374.180 978.461 17.680
1374.180 978.484 17.680
1374.180 978.488 17.680
1374.180 978.516 17.680
1374.180 978.516 17.680
1374.180 978.516 17.680
1374.180 978.559 17.680
1374.180 978.562 17.680
1374.180 978.641 17.680
1374.180 978.652 17.680
1374.180 978.656 17.680
1374.180 978.668 17.680
1374.180 978.680 17.680
1374.180 978.680 17.680
1374.180 978.680 17.680
1374.180 978.680 17.680
1374.180 978.691 17.680
1374.180 978.691 17.680
1374.180 978.691 17.680
1374.180 978.691 17.680
1374.180 978.738 17.680
1374.180 978.742 17.680
1374.180 978.789 17.680
1374.180 978.832 17.680
1374.180 978.832 17.680
1374.180 978.844 17.680
1374.180 979.066 17.680
1374.180 979.070 17.680
1374.180 979.074 17.680
1374.180 979.160 17.680
1374.180 979.164 17.680
1374.180 979.203 17.680
1374.180 979.203 17.680
1374.180 979.203 17.680
1374.180 979.203 17.680
1374.180 979.223 17.680
1374.180 979.418 17.680
1374.180 979.457 17.680
1374.180 979.457 17.680
1374.180 979.461 17.680
1374.180 979.535 17.680
1374.180 979.535 17.680
1374.180 979.535 17.680
1374.180 979.535 17.680
1374.180 979.535 17.680
1374.180 979.562 17.680
1374.180 979.566 17.680
1374.180 979.672 17.680
1374.180 979.676 17.680
1374.180 979.730 17.680
1374.180 979.758 17.680
1374.180 979.758 17.680
1374.180 979.762 17.680
1374.180 979.797 17.680
1374.180 979.812 17.680
1374.180 979.812 17.680
1374.180 979.812 17.680
1374.180 979.824 17.680
1374.180 979.824 17.680
1374.180 979.859 17.680
1374.180 979.859 17.680
1374.180 979.863 17.680
1374.180 979.863 17.680
1374.180 979.875 17.680
1374.180 979.879 17.680
1374.180 979.887 17.680
1374.180 979.887 17.680
1374.180 979.887 17.680
1374.180 979.898 17.680
1374.180 979.914 17.680
1374.180 979.914 17.680
1374.180 979.922 17.680
1374.180 979.922 17.680
1374.180 979.949 17.680
1374.180 979.969 17.680
1374.180 979.973 17.680
1374.180 979.977 17.680
1374.180 979.984 17.680
1374.180 979.984 17.680
1374.180 979.996 17.680
1374.180 979.996 17.680
1374.180 980.059 17.680
1374.180 980.066 17.680
1374.180 980.066 17.680
1374.180 980.066 17.680
1374.180 980.070 17.680
1374.180 980.070 17.680
1374.180 980.215 17.680
1374.180 980.215 17.680
1374.180 980.215 17.680
1374.180 980.215 17.680
1374.180 980.391 17.680
1374.180 980.391 17.680
1374.180 980.391 17.680
1374.180 980.461 17.680
1374.180 980.469 17.680
1374.180 980.469 17.680
1374.180 980.500 17.680
1374.180 980.500 17.680
1374.180 980.500 17.680
1374.180 980.531 17.680
1374.180 980.531 17.680
1374.180 980.531 17.680
1374.180 980.535 17.680
1374.180 980.535 17.680
1374.180 980.539 17.680
1374.180 980.555 17.680
1374.180 980.555 17.680
1374.180 980.555 17.680
1374.180 980.566 17.680
1374.180 980.578 17.680
1374.180 980.578 17.680
1374.180 980.598 17.680
1374.180 980.598 17.680
1374.180 980.844 17.680
1374.180 980.844 17.680
1374.180 980.844 17.680
1374.180 980.871 17.680
1374.180 980.871 17.680
