1230.172 854.230 16.922
1230.172 855.039 16.938
1230.172 856.133 17.004
1230.172 857.395 17.023
1230.172 858.355 17.039
1230.172 859.086 17.043
1230.172 859.660 17.043
1230.172 859.844 17.066
1230.172 859.938 17.066
1230.172 860.047 17.074
1230.172 860.195 17.074
1230.172 860.859 17.266
1230.172 861.020 17.270
1230.172 861.594 17.422
1230.172 861.598 17.422
1230.172 861.641 17.422
1230.172 861.730 17.422
1230.172 861.879 17.422
1230.172 862.047 17.426
1230.172 862.047 17.426
1230.172 862.160 17.430
1230.172 862.195 17.430
1230.172 862.363 17.430
1230.172 862.555 17.430
1230.172 862.668 17.430
1230.172 862.738 17.430
1230.172 862.758 17.430
1230.172 862.785 17.430
1230.172 863.262 17.555
1230.172 863.473 17.559
1230.172 863.566 17.559
1230.172 863.570 17.559
1230.172 863.625 17.559
1230.172 863.676 17.559
1230.172 863.699 17.559
1230.172 863.828 17.559
1230.172 863.867 17.559
1230.172 863.875 17.559
1230.172 863.883 17.559
1230.172 864.125 17.590
1230.172 864.156 17.590
1230.172 864.176 17.590
1230.172 864.320 17.590
1230.172 864.367 17.590
1230.172 864.371 17.590
1230.172 864.465 17.590
1230.172 864.484 17.590
1230.172 864.504 17.590
1230.172 864.586 17.590
1230.172 864.586 17.590
1230.172 864.652 17.590
1230.172 864.695 17.594
1230.172 864.801 17.594
1230.172 864.824 17.594
1230.172 864.824 17.594
1230.172 864.910 17.594
1230.172 865.016 17.594
1230.172 865.035 17.594
1230.172 865.164 17.598
1230.172 865.195 17.598
1230.172 865.242 17.602
1230.172 865.242 17.602
1230.172 865.492 17.602
1230.172 865.512 17.602
1230.172 865.551 17.602
1230.172 865.691 17.602
1230.172 865.691 17.602
1230.172 865.789 17.602
1230.172 865.863 17.602
1230.172 865.977 17.609
1230.172 866.148 17.617
1230.172 866.156 17.617
1230.172 866.172 17.617
1230.172 866.246 17.617
1230.172 866.418 17.617
1230.172 866.449 17.617
1230.172 866.453 17.617
1230.172 866.504 17.617
1230.172 866.504 17.617
1230.172 866.609 17.637
1230.172 866.863 17.637
1230.172 866.871 17.637
1230.172 866.871 17.637
1230.172 866.965 17.637
1230.172 866.969 17.637
1230.172 867.008 17.637
1230.172 867.008 17.637
1230.172 867.008 17.637
1230.172 867.445 17.645
1230.172 867.500 17.645
1230.172 867.531 17.652
1230.172 867.535 17.652
1230.172 867.570 17.652
1230.172 867.570 17.652
1230.172 867.582 17.652
1230.172 867.590 17.652
1230.172 867.605 17.652
1230.172 867.719 17.652
1230.172 867.746 17.652
1230.172 867.750 17.652
1230.172 867.754 17.652
1230.172 867.828 17.652
1230.172 867.871 17.652
1230.172 867.871 17.652
1230.172 868.035 17.656
1230.172 868.035 17.656
1230.172 868.090 17.656
1230.172 868.109 17.656
1230.172 868.121 17.656
1230.172 868.137 17.656
1230.172 868.176 17.656
1230.172 868.176 17.656
1230.172 868.195 17.656
1230.172 868.281 17.656
1230.172 868.320 17.656
1230.172 868.332 17.656
1230.172 868.371 17.656
1230.172 868.371 17.656
1230.172 868.371 17.656
1230.172 868.477 17.656
1230.172 868.480 17.656
1230.172 868.484 17.656
1230.172 868.527 17.656
1230.172 868.527 17.656
1230.172 868.586 17.656
1230.172 868.586 17.656
1230.172 868.676 17.656
1230.172 868.727 17.660
1230.172 868.820 17.660
1230.172 868.891 17.660
1230.172 869.043 17.660
1230.172 869.043 17.660
1230.172 869.055 17.660
1230.172 869.195 17.660
1230.172 869.195 17.660
1230.172 869.215 17.660
1230.172 869.219 17.660
1230.172 869.219 17.660
1230.172 869.371 17.660
1230.172 869.469 17.660
1230.172 869.727 17.664
1230.172 869.738 17.664
1230.172 869.773 17.664
1230.172 869.777 17.664
1230.172 869.801 17.664
1230.172 869.867 17.664
1230.172 869.867 17.664
1230.172 869.938 17.664
1230.172 869.938 17.664
1230.172 870.043 17.664
1230.172 870.043 17.664
1230.172 870.086 17.664
1230.172 870.109 17.664
1230.172 870.113 17.664
1230.172 870.113 17.664
1230.172 870.125 17.664
1230.172 870.207 17.664
1230.172 870.266 17.664
1230.172 870.363 17.664
1230.172 870.531 17.668
1230.172 870.531 17.668
1230.172 870.586 17.668
1230.172 870.586 17.668
1230.172 870.602 17.668
1230.172 870.832 17.668
1230.172 870.844 17.668
1230.172 870.953 17.668
1230.172 870.953 17.668
1230.172 870.953 17.668
1230.172 870.961 17.668
1230.172 870.961 17.668
1230.172 871.000 17.668
1230.172 871.012 17.668
1230.172 871.012 17.668
1230.172 871.031 17.668
1230.172 871.031 17.668
1230.172 871.055 17.668
1230.172 871.059 17.668
1230.172 871.059 17.668
1230.172 871.094 17.668
1230.172 871.203 17.668
1230.172 871.203 17.668
1230.172 871.207 17.668
1230.172 871.227 17.668
1230.172 871.250 17.668
1230.172 871.254 17.668
1230.172 871.270 17.668
1230.172 871.273 17.668
1230.172 871.273 17.668
1230.172 871.273 17.668
1230.172 871.551 17.668
1230.172 871.578 17.668
1230.172 871.590 17.668
1230.172 871.613 17.668
1230.172 871.613 17.668
1230.172 871.676 17.668
1230.172 871.703 17.668
1230.172 871.703 17.668
1230.172 871.855 17.668
1230.172 871.871 17.668
1230.172 871.875 17.672
1230.172 871.875 17.672
1230.172 871.875 17.672
1230.172 871.949 17.672
1230.172 871.949 17.672
1230.172 871.949 17.672
1230.172 871.973 17.672
1230.172 872.016 17.672
1230.172 872.105 17.672
1230.172 872.254 17.672
1230.172 872.254 17.672
1230.172 872.312 17.672
1230.172 872.340 17.672
1230.172 872.469 17.672
1230.172 872.469 17.672
1230.172 872.469 17.672
1230.172 872.719 17.676
1230.172 872.719 17.676
1230.172 872.719 17.676
1230.172 872.719 17.676
1230.172 872.844 17.676
1230.172 872.848 17.676
1230.172 872.848 17.676
1230.172 872.852 17.676
1230.172 872.859 17.676
1230.172 873.012 17.676
1230.172 873.012 17.676
1230.172 873.012 17.676
1230.172 873.016 17.676
1230.172 873.102 17.676
1230.172 873.102 17.676
1230.172 873.102 17.676
1230.172 873.102 17.676
1230.172 873.105 17.676
1230.172 873.105 17.676
1230.172 873.191 17.676
1230.172 873.191 17.676
1230.172 873.301 17.676
1230.172 873.301 17.676
1230.172 873.301 17.676
1230.172 873.348 17.676
1230.172 873.359 17.676
1230.172 873.426 17.676
1230.172 873.426 17.676
1230.172 873.496 17.676
1230.172 873.496 17.676
1230.172 873.500 17.676
1230.172 873.500 17.676
1230.172 873.590 17.676
1230.172 873.758 17.676
1230.172 873.797 17.676
1230.172 873.797 17.676
1230.172 873.797 17.676
1230.172 873.797 17.676
1230.172 873.797 17.676
1230.172 873.914 17.676
1230.172 873.914 17.676
1230.172 873.914 17.676
1230.172 873.918 17.676
1230.172 873.980 17.676
1230.172 873.984 17.676
1230.172 873.984 17.676
1230.172 873.984 17.676
1230.172 874.000 17.676
1230.172 874.078 17.676
1230.172 874.078 17.676
1230.172 874.078 17.676
1230.172 874.082 17.676
1230.172 874.367 17.676
1230.172 874.375 17.676
1230.172 874.375 17.676
1230.172 874.375 17.676
1230.172 874.504 17.676
1230.172 874.504 17.676
1230.172 874.504 17.676
1230.172 874.512 17.676
1230.172 874.512 17.676
1230.172 874.516 17.676
1230.172 874.516 17.676
1230.172 874.516 17.676
1230.172 874.516 17.676
1230.172 874.516 17.676
1230.172 874.551 17.676
1230.172 874.555 17.676
1230.172 874.555 17.676
1230.172 874.559 17.676
1230.172 874.617 17.676
1230.172 874.617 17.676
1230.172 874.648 17.676
1230.172 874.648 17.676
1230.172 874.648 17.676
1230.172 874.676 17.676
1230.172 874.680 17.676
1230.172 874.762 17.676
1230.172 874.762 17.676
1230.172 874.801 17.676
1230.172 874.805 17.676
1230.172 874.805 17.676
1230.172 874.805 17.676
1230.172 874.805 17.676
1230.172 874.805 17.676
1230.172 874.957 17.676
1230.172 874.957 17.676
1230.172 874.961 17.676
1230.172 874.961 17.676
1230.172 875.031 17.676
1230.172 875.055 17.676
1230.172 875.059 17.676
1230.172 875.105 17.676
1230.172 875.211 17.676
1230.172 875.211 17.676
1230.172 875.211 17.676
1230.172 875.211 17.676
1230.172 875.211 17.676
1230.172 875.227 17.676
1230.172 875.227 17.676
1230.172 875.227 17.676
1230.172 875.242 17.676
1230.172 875.242 17.676
1230.172 875.266 17.676
1230.172 875.266 17.676
1230.172 875.270 17.676
1230.172 875.270 17.676
1230.172 875.273 17.676
1230.172 875.320 17.676
1230.172 875.375 17.676
1230.172 875.383 17.676
1230.172 875.492 17.680
1230.172 875.496 17.680
1230.172 875.496 17.680
1230.172 875.672 17.680
1230.172 875.672 17.680
1230.172 875.715 17.680
1230.172 875.715 17.680
1230.172 875.781 17.680
1230.172 875.781 17.680
1230.172 875.781 17.680
1230.172 875.781 17.680
1230.172 875.852 17.680
1230.172 875.852 17.680
1230.172 875.859 17.680
1230.172 875.871 17.680
1230.172 875.887 17.680
1230.172 875.887 17.680
1230.172 875.895 17.680
1230.172 875.895 17.680
1230.172 875.902 17.680
1230.172 875.918 17.680
1230.172 875.938 17.680
1230.172 875.953 17.680
1230.172 875.953 17.680
1230.172 875.953 17.680
1230.172 875.957 17.680
1230.172 876.039 17.680
1230.172 876.070 17.680
1230.172 876.070 17.680
1230.172 876.070 17.680
1230.172 876.070 17.680
1230.172 876.117 17.680
1230.172 876.121 17.680
1230.172 876.125 17.680
1230.172 876.234 17.680
1230.172 876.242 17.680
1230.172 876.242 17.680
1230.172 876.242 17.680
1230.172 876.242 17.680
1230.172 876.281 17.680
1230.172 876.281 17.680
1230.172 876.281 17.680
1230.172 876.285 17.680
1230.172 876.285 17.680
1230.172 876.316 17.680
1230.172 876.316 17.680
1230.172 876.316 17.680
1230.172 876.328 17.680
1230.172 876.348 17.680
1230.172 876.359 17.680
1230.172 876.371 17.680
1230.172 876.371 17.680
1230.172 876.410 17.680
1230.172 876.418 17.680
1230.172 876.492 17.680
1230.172 876.492 17.680
1230.172 876.504 17.680
1230.172 876.504 17.680
