797.887 549.715 16.922
797.887 550.855 16.949
797.887 551.500 16.980
797.887 552.492 17.008
797.887 552.637 17.012
797.887 552.863 17.012
797.887 553.051 17.023
797.887 553.172 17.023
797.887 553.215 17.023
797.887 553.551 17.051
797.887 553.629 17.051
797.887 553.742 17.066
797.887 553.852 17.066
797.887 554.160 17.266
797.887 554.188 17.266
797.887 554.387 17.266
797.887 554.414 17.266
797.887 554.449 17.277
797.887 554.520 17.277
797.887 554.703 17.277
797.887 554.809 17.281
797.887 554.816 17.281
797.887 554.844 17.281
797.887 555.297 17.449
797.887 555.352 17.449
797.887 555.371 17.449
797.887 555.453 17.449
797.887 555.504 17.449
797.887 555.508 17.449
797.887 555.512 17.449
797.887 555.723 17.453
797.887 555.770 17.453
797.887 555.809 17.453
797.887 555.816 17.453
797.887 555.836 17.453
797.887 555.879 17.453
797.887 556.402 17.492
797.887 556.668 17.586
797.887 556.676 17.590
797.887 556.684 17.590
797.887 556.734 17.594
797.887 556.750 17.594
797.887 556.781 17.594
797.887 556.793 17.594
797.887 556.801 17.594
797.887 556.809 17.594
797.887 556.824 17.594
797.887 556.883 17.594
797.887 556.934 17.594
797.887 556.957 17.594
797.887 556.957 17.594
797.887 557.070 17.594
797.887 557.094 17.594
797.887 557.117 17.594
797.887 557.121 17.594
797.887 557.180 17.594
797.887 557.191 17.594
797.887 557.418 17.613
797.887 557.430 17.613
797.887 557.434 17.613
797.887 557.477 17.613
797.887 557.535 17.613
797.887 557.539 17.613
797.887 557.637 17.613
797.887 557.652 17.613
797.887 557.672 17.613
797.887 557.703 17.613
797.887 557.742 17.613
797.887 557.746 17.613
797.887 557.773 17.613
797.887 557.848 17.617
797.887 557.848 17.617
797.887 557.875 17.617
797.887 557.906 17.617
797.887 557.949 17.617
797.887 557.953 17.617
797.887 558.016 17.617
797.887 558.035 17.621
797.887 558.059 17.621
797.887 558.285 17.637
797.887 558.309 17.637
797.887 558.430 17.637
797.887 558.469 17.637
797.887 558.508 17.637
797.887 558.535 17.637
797.887 558.562 17.637
797.887 558.590 17.637
797.887 558.645 17.637
797.887 558.652 17.637
797.887 558.660 17.637
797.887 558.691 17.637
797.887 558.727 17.637
797.887 558.762 17.637
797.887 558.875 17.648
797.887 558.875 17.648
797.887 558.875 17.648
797.887 558.914 17.648
797.887 558.922 17.648
797.887 558.922 17.648
797.887 558.953 17.648
797.887 558.973 17.648
797.887 558.992 17.648
797.887 559.023 17.648
797.887 559.027 17.648
797.887 559.086 17.648
797.887 559.086 17.648
797.887 559.117 17.648
797.887 559.117 17.648
797.887 559.129 17.648
797.887 559.129 17.648
797.887 559.137 17.648
797.887 559.141 17.648
797.887 559.199 17.648
797.887 559.199 17.648
797.887 559.219 17.648
797.887 559.293 17.656
797.887 559.320 17.656
797.887 559.336 17.656
797.887 559.340 17.656
797.887 559.391 17.656
797.887 559.402 17.656
797.887 559.441 17.656
797.887 559.445 17.656
797.887 559.453 17.656
797.887 559.605 17.656
797.887 559.609 17.656
797.887 559.625 17.656
797.887 559.668 17.656
797.887 559.668 17.656
797.887 559.688 17.656
797.887 559.723 17.656
797.887 559.871 17.656
797.887 559.875 17.656
797.887 559.875 17.656
797.887 559.895 17.656
797.887 559.898 17.656
797.887 560.027 17.656
797.887 560.027 17.656
797.887 560.035 17.656
797.887 560.035 17.656
797.887 560.051 17.656
797.887 560.062 17.656
797.887 560.078 17.656
797.887 560.090 17.656
797.887 560.191 17.656
797.887 560.191 17.656
797.887 560.211 17.656
797.887 560.250 17.656
797.887 560.281 17.660
797.887 560.285 17.660
797.887 560.371 17.668
797.887 560.391 17.668
797.887 560.594 17.668
797.887 560.758 17.668
797.887 560.766 17.668
797.887 560.766 17.668
797.887 560.773 17.668
797.887 560.773 17.668
797.887 560.793 17.668
797.887 560.793 17.668
797.887 560.793 17.668
797.887 560.926 17.668
797.887 560.934 17.668
797.887 560.938 17.668
797.887 560.949 17.668
797.887 560.977 17.668
797.887 560.977 17.668
797.887 560.988 17.668
797.887 560.992 17.668
797.887 561.000 17.668
797.887 561.008 17.668
797.887 561.012 17.668
797.887 561.012 17.668
797.887 561.020 17.668
797.887 561.039 17.668
797.887 561.039 17.668
797.887 561.133 17.668
797.887 561.133 17.668
797.887 561.137 17.668
797.887 561.156 17.668
797.887 561.156 17.668
797.887 561.160 17.668
797.887 561.164 17.668
797.887 561.277 17.668
797.887 561.320 17.668
797.887 561.336 17.672
797.887 561.336 17.672
797.887 561.422 17.672
797.887 561.426 17.672
797.887 561.434 17.672
797.887 561.527 17.672
797.887 561.527 17.672
797.887 561.613 17.672
