941.898 651.129 16.883
941.898 653.078 16.984
941.898 653.750 16.988
941.898 654.223 17.023
941.898 654.324 17.023
941.898 654.715 17.035
941.898 655.074 17.059
941.898 655.449 17.062
941.898 655.484 17.062
941.898 655.566 17.062
941.898 655.625 17.062
941.898 655.785 17.070
941.898 655.875 17.070
941.898 656.051 17.070
941.898 656.570 17.266
941.898 657.148 17.434
941.898 657.164 17.434
941.898 657.227 17.438
941.898 657.262 17.438
941.898 657.309 17.438
941.898 657.406 17.438
941.898 657.473 17.441
941.898 657.609 17.441
941.898 657.637 17.441
941.898 657.852 17.449
941.898 658.016 17.457
941.898 658.016 17.457
941.898 658.059 17.465
941.898 658.059 17.465
941.898 658.262 17.469
941.898 658.281 17.469
941.898 658.316 17.469
941.898 658.449 17.469
941.898 658.512 17.469
941.898 658.516 17.469
941.898 658.703 17.469
941.898 658.727 17.469
941.898 658.977 17.562
941.898 659.008 17.562
941.898 659.012 17.562
941.898 659.059 17.562
941.898 659.332 17.594
941.898 659.332 17.594
941.898 659.359 17.594
941.898 659.367 17.594
941.898 659.371 17.594
941.898 659.422 17.594
941.898 659.422 17.594
941.898 659.445 17.594
941.898 659.461 17.594
941.898 659.602 17.598
941.898 659.660 17.598
941.898 659.727 17.598
941.898 659.727 17.598
941.898 659.836 17.598
941.898 659.836 17.598
941.898 659.859 17.598
941.898 659.859 17.598
941.898 659.910 17.598
941.898 659.980 17.598
941.898 660.047 17.617
941.898 660.047 17.617
941.898 660.121 17.617
941.898 660.137 17.617
941.898 660.145 17.617
941.898 660.145 17.617
941.898 660.449 17.617
941.898 660.672 17.617
941.898 660.699 17.617
941.898 660.746 17.617
941.898 660.766 17.617
941.898 660.766 17.617
941.898 660.801 17.617
941.898 660.816 17.617
941.898 660.855 17.617
941.898 660.855 17.617
941.898 661.059 17.625
941.898 661.184 17.625
941.898 661.184 17.625
941.898 661.184 17.625
941.898 661.223 17.625
941.898 661.223 17.625
941.898 661.293 17.625
941.898 661.293 17.625
941.898 661.320 17.625
941.898 661.363 17.625
941.898 661.398 17.625
941.898 661.410 17.625
941.898 661.598 17.637
941.898 661.598 17.637
941.898 661.730 17.637
941.898 661.746 17.637
941.898 661.812 17.641
941.898 661.859 17.645
941.898 661.863 17.645
941.898 661.988 17.645
941.898 662.012 17.652
941.898 662.047 17.652
941.898 662.047 17.652
941.898 662.148 17.652
941.898 662.156 17.652
941.898 662.254 17.652
941.898 662.258 17.652
941.898 662.277 17.652
941.898 662.293 17.652
941.898 662.316 17.652
941.898 662.316 17.652
941.898 662.480 17.652
941.898 662.484 17.652
941.898 662.488 17.652
941.898 662.500 17.652
941.898 662.555 17.656
941.898 662.566 17.656
941.898 662.695 17.656
941.898 662.812 17.656
941.898 662.891 17.656
941.898 662.898 17.656
941.898 662.898 17.656
941.898 662.910 17.656
941.898 663.113 17.656
941.898 663.113 17.656
941.898 663.121 17.656
941.898 663.188 17.656
941.898 663.188 17.656
941.898 663.195 17.656
941.898 663.289 17.656
941.898 663.289 17.656
941.898 663.316 17.656
941.898 663.387 17.656
941.898 663.391 17.656
941.898 663.508 17.656
941.898 663.602 17.656
941.898 663.602 17.656
941.898 663.629 17.656
941.898 663.629 17.656
941.898 663.656 17.656
941.898 663.656 17.656
941.898 663.660 17.660
941.898 663.664 17.660
941.898 663.664 17.660
941.898 663.766 17.660
941.898 663.770 17.660
941.898 663.770 17.660
941.898 663.797 17.660
941.898 663.820 17.660
941.898 663.879 17.660
941.898 663.895 17.660
941.898 663.953 17.660
941.898 664.168 17.660
941.898 664.258 17.660
941.898 664.258 17.660
941.898 664.258 17.660
941.898 664.277 17.660
941.898 664.332 17.660
941.898 664.363 17.660
941.898 664.363 17.660
941.898 664.363 17.660
941.898 664.520 17.664
941.898 664.520 17.664
941.898 664.539 17.664
941.898 664.613 17.668
941.898 664.613 17.668
941.898 664.613 17.668
941.898 664.613 17.668
941.898 664.656 17.668
941.898 664.656 17.668
941.898 664.656 17.668
941.898 664.656 17.668
941.898 664.723 17.668
941.898 664.723 17.668
941.898 664.750 17.668
941.898 664.836 17.668
941.898 665.047 17.668
941.898 665.047 17.668
941.898 665.047 17.668
941.898 665.047 17.668
941.898 665.047 17.668
941.898 665.055 17.668
941.898 665.059 17.668
941.898 665.059 17.668
941.898 665.059 17.668
941.898 665.062 17.668
941.898 665.062 17.668
941.898 665.062 17.668
941.898 665.086 17.668
941.898 665.109 17.672
941.898 665.148 17.672
941.898 665.148 17.672
941.898 665.148 17.672
941.898 665.148 17.672
941.898 665.148 17.672
941.898 665.156 17.672
941.898 665.156 17.672
941.898 665.156 17.672
941.898 665.184 17.672
941.898 665.184 17.672
941.898 665.184 17.672
941.898 665.184 17.672
941.898 665.227 17.672
941.898 665.227 17.672
941.898 665.254 17.672
941.898 665.258 17.672
941.898 665.273 17.672
941.898 665.352 17.672
941.898 665.359 17.672
941.898 665.359 17.672
941.898 665.406 17.672
941.898 665.406 17.672
941.898 665.410 17.672
941.898 665.410 17.672
941.898 665.512 17.672
941.898 665.512 17.672
941.898 665.512 17.672
941.898 665.535 17.672
941.898 665.547 17.672
941.898 665.547 17.672
941.898 665.582 17.672
941.898 665.582 17.672
941.898 665.668 17.672
941.898 665.668 17.672
941.898 665.672 17.672
941.898 665.672 17.672
941.898 665.723 17.672
941.898 665.730 17.672
941.898 665.758 17.672
941.898 665.766 17.672
941.898 665.766 17.672
941.898 665.766 17.672
941.898 665.773 17.672
941.898 665.773 17.672
941.898 665.773 17.672
941.898 665.836 17.672
941.898 666.008 17.672
941.898 666.039 17.672
941.898 666.043 17.672
941.898 666.082 17.672
941.898 666.082 17.672
941.898 666.105 17.672
941.898 666.105 17.672
941.898 666.195 17.676
941.898 666.195 17.676
941.898 666.195 17.676
941.898 666.281 17.676
941.898 666.383 17.676
941.898 666.387 17.676
941.898 666.430 17.676
941.898 666.430 17.676
941.898 666.496 17.676
941.898 666.539 17.676
941.898 666.539 17.676
941.898 666.547 17.676
941.898 666.547 17.676
941.898 666.574 17.676
941.898 666.656 17.676
941.898 666.660 17.676
941.898 666.668 17.676
941.898 666.680 17.676
