1086.156 758.832 17.566
1086.156 761.121 17.645
1086.156 766.160 17.699
1086.156 768.473 17.711
1086.156 770.500 17.711
1086.156 770.504 17.711
1086.156 771.379 17.711
1086.156 771.566 17.711
1086.156 772.391 17.711
1086.156 772.699 17.711
1086.156 773.117 17.715
1086.156 773.164 17.715
1086.156 773.680 17.715
1086.156 774.402 17.715
1086.156 775.008 17.715
1086.156 775.008 17.715
1086.156 775.266 17.719
1086.156 775.703 17.719
1086.156 775.906 17.719
1086.156 776.121 17.719
1086.156 776.430 17.723
1086.156 776.430 17.723
1086.156 776.672 17.723
1086.156 777.191 17.723
1086.156 777.285 17.727
1086.156 777.297 17.727
1086.156 777.309 17.727
1086.156 777.559 17.727
1086.156 777.727 17.727
1086.156 777.785 17.727
1086.156 777.938 17.727
1086.156 777.938 17.727
1086.156 778.363 17.816
1086.156 778.457 17.816
1086.156 778.691 17.820
1086.156 778.691 17.820
1086.156 778.754 17.820
1086.156 778.887 17.820
1086.156 778.922 17.820
1086.156 779.020 17.832
1086.156 779.117 17.832
1086.156 779.336 17.832
1086.156 779.473 17.832
1086.156 779.488 17.832
1086.156 779.582 17.840
1086.156 779.582 17.840
1086.156 779.582 17.840
1086.156 779.586 17.840
1086.156 779.867 17.840
1086.156 779.941 17.840
1086.156 780.113 17.840
1086.156 780.188 17.840
1086.156 780.418 17.840
1086.156 780.871 17.840
1086.156 780.988 17.840
1086.156 781.000 17.840
1086.156 781.242 17.840
1086.156 781.293 17.840
1086.156 781.336 17.855
1086.156 781.418 17.855
1086.156 781.527 17.855
1086.156 781.559 17.855
1086.156 781.656 17.855
1086.156 781.734 17.855
1086.156 781.809 17.855
1086.156 781.832 17.855
1086.156 781.922 17.855
1086.156 781.992 17.855
1086.156 782.289 17.855
1086.156 782.289 17.855
1086.156 782.320 17.855
1086.156 782.418 17.855
1086.156 782.484 17.855
1086.156 782.484 17.855
1086.156 782.543 17.855
1086.156 782.648 17.855
1086.156 782.668 17.855
1086.156 782.758 17.855
1086.156 782.762 17.855
1086.156 782.762 17.855
1086.156 782.762 17.855
1086.156 782.793 17.855
1086.156 782.953 17.855
1086.156 783.082 17.855
1086.156 783.121 17.855
1086.156 783.316 17.855
1086.156 783.348 17.855
1086.156 783.426 17.855
1086.156 783.426 17.855
1086.156 783.512 17.855
1086.156 783.551 17.855
1086.156 783.551 17.855
1086.156 783.598 17.855
1086.156 783.637 17.859
1086.156 783.645 17.859
1086.156 783.715 17.859
1086.156 783.742 17.859
1086.156 783.812 17.859
1086.156 783.875 17.863
1086.156 783.883 17.863
1086.156 784.066 17.863
1086.156 784.262 17.863
1086.156 784.262 17.863
1086.156 784.262 17.863
1086.156 784.379 17.863
1086.156 784.395 17.863
1086.156 784.395 17.863
1086.156 784.395 17.863
1086.156 784.613 17.863
1086.156 784.613 17.863
1086.156 784.629 17.863
1086.156 784.750 17.863
1086.156 784.816 17.863
1086.156 784.973 17.863
1086.156 785.105 17.867
1086.156 785.285 17.867
1086.156 785.285 17.867
1086.156 785.285 17.867
1086.156 785.320 17.867
1086.156 785.320 17.867
1086.156 785.418 17.867
1086.156 785.445 17.867
1086.156 785.527 17.867
1086.156 785.531 17.867
1086.156 785.531 17.867
1086.156 785.570 17.867
1086.156 785.648 17.867
1086.156 785.672 17.867
1086.156 785.707 17.867
1086.156 785.707 17.867
1086.156 785.707 17.867
1086.156 785.805 17.867
1086.156 785.805 17.867
1086.156 785.996 17.867
1086.156 786.043 17.867
1086.156 786.047 17.867
1086.156 786.062 17.867
1086.156 786.098 17.867
1086.156 786.289 17.867
1086.156 786.328 17.867
1086.156 786.414 17.867
1086.156 786.559 17.867
1086.156 786.602 17.867
1086.156 786.625 17.867
1086.156 786.641 17.867
1086.156 786.660 17.867
1086.156 786.707 17.867
1086.156 786.848 17.867
1086.156 786.855 17.867
1086.156 786.906 17.867
1086.156 786.906 17.867
1086.156 786.938 17.867
1086.156 786.938 17.867
1086.156 786.941 17.867
1086.156 786.941 17.867
1086.156 787.016 17.867
1086.156 787.016 17.867
1086.156 787.016 17.867
1086.156 787.062 17.867
1086.156 787.074 17.871
1086.156 787.156 17.871
1086.156 787.172 17.871
1086.156 787.242 17.871
1086.156 787.250 17.871
1086.156 787.273 17.871
1086.156 787.277 17.871
1086.156 787.277 17.871
1086.156 787.277 17.871
1086.156 787.305 17.871
1086.156 787.352 17.871
1086.156 787.402 17.871
1086.156 787.418 17.871
1086.156 787.508 17.871
1086.156 787.508 17.871
1086.156 787.559 17.871
1086.156 787.637 17.871
1086.156 787.645 17.871
1086.156 787.645 17.871
1086.156 787.645 17.871
1086.156 787.645 17.871
1086.156 787.715 17.871
1086.156 787.723 17.871
1086.156 787.734 17.871
1086.156 787.734 17.871
1086.156 787.762 17.871
1086.156 787.762 17.871
1086.156 787.762 17.871
1086.156 787.875 17.871
1086.156 787.875 17.871
1086.156 787.875 17.871
1086.156 787.910 17.871
1086.156 787.953 17.871
1086.156 787.953 17.871
1086.156 787.980 17.871
1086.156 788.012 17.871
1086.156 788.031 17.871
1086.156 788.043 17.871
1086.156 788.043 17.871
1086.156 788.043 17.871
1086.156 788.055 17.871
1086.156 788.055 17.871
1086.156 788.055 17.871
1086.156 788.055 17.871
1086.156 788.062 17.871
1086.156 788.129 17.871
1086.156 788.129 17.871
1086.156 788.207 17.871
1086.156 788.250 17.871
1086.156 788.250 17.871
1086.156 788.250 17.871
1086.156 788.285 17.871
1086.156 788.320 17.871
1086.156 788.320 17.871
1086.156 788.320 17.871
1086.156 788.469 17.871
1086.156 788.480 17.871
1086.156 788.480 17.871
1086.156 788.480 17.871
1086.156 788.480 17.871
1086.156 788.555 17.871
1086.156 788.570 17.871
1086.156 788.570 17.871
1086.156 788.664 17.871
1086.156 788.664 17.871
1086.156 788.664 17.871
1086.156 788.664 17.871
1086.156 788.770 17.871
1086.156 788.770 17.871
1086.156 788.805 17.871
1086.156 788.840 17.871
1086.156 788.840 17.871
1086.156 788.840 17.871
1086.156 788.855 17.871
1086.156 788.867 17.871
1086.156 788.867 17.871
1086.156 788.883 17.871
1086.156 788.910 17.871
1086.156 788.910 17.871
1086.156 788.988 17.871
1086.156 789.086 17.871
1086.156 789.086 17.871
1086.156 789.129 17.871
1086.156 789.129 17.871
1086.156 789.129 17.871
1086.156 789.145 17.871
1086.156 789.152 17.871
1086.156 789.164 17.871
1086.156 789.164 17.871
1086.156 789.199 17.871
1086.156 789.316 17.871
1086.156 789.320 17.871
1086.156 789.320 17.871
1086.156 789.320 17.871
1086.156 789.320 17.871
1086.156 789.320 17.871
1086.156 789.320 17.871
1086.156 789.320 17.871
1086.156 789.359 17.871
1086.156 789.387 17.871
1086.156 789.387 17.871
1086.156 789.387 17.871
1086.156 789.402 17.871
1086.156 789.402 17.871
1086.156 789.465 17.871
1086.156 789.465 17.871
1086.156 789.465 17.871
1086.156 789.590 17.871
1086.156 789.773 17.871
1086.156 789.789 17.871
1086.156 789.789 17.871
1086.156 789.789 17.871
1086.156 789.789 17.871
1086.156 789.789 17.871
1086.156 789.789 17.871
1086.156 789.832 17.871
1086.156 789.832 17.871
1086.156 789.832 17.871
1086.156 789.902 17.871
1086.156 789.957 17.871
1086.156 789.977 17.871
1086.156 789.977 17.871
1086.156 789.977 17.871
1086.156 789.977 17.871
1086.156 789.977 17.871
1086.156 790.031 17.871
1086.156 790.031 17.871
1086.156 790.070 17.871
1086.156 790.094 17.871
1086.156 790.094 17.871
1086.156 790.094 17.871
1086.156 790.105 17.871
1086.156 790.188 17.871
1086.156 790.199 17.871
1086.156 790.199 17.871
1086.156 790.199 17.871
1086.156 790.199 17.871
1086.156 790.199 17.871
1086.156 790.199 17.871
1086.156 790.207 17.871
1086.156 790.207 17.871
1086.156 790.207 17.871
1086.156 790.293 17.871
1086.156 790.293 17.871
1086.156 790.293 17.871
1086.156 790.293 17.871
1086.156 790.293 17.871
1086.156 790.293 17.871
1086.156 790.301 17.871
1086.156 790.320 17.871
1086.156 790.320 17.871
1086.156 790.320 17.871
1086.156 790.445 17.871
1086.156 790.445 17.871
1086.156 790.445 17.871
1086.156 790.445 17.871
1086.156 790.445 17.871
1086.156 790.445 17.871
1086.156 790.445 17.871
1086.156 790.469 17.871
1086.156 790.469 17.871
1086.156 790.535 17.871
