1086.160 754.562 17.383
1086.160 756.348 17.473
1086.160 759.715 17.535
1086.160 761.723 17.559
1086.160 762.355 17.559
1086.160 762.945 17.559
1086.160 762.945 17.559
1086.160 763.859 17.590
1086.160 763.953 17.594
1086.160 764.129 17.594
1086.160 764.129 17.594
1086.160 764.645 17.598
1086.160 765.230 17.598
1086.160 766.043 17.602
1086.160 766.145 17.602
1086.160 766.285 17.602
1086.160 766.402 17.602
1086.160 766.984 17.602
1086.160 766.984 17.602
1086.160 766.984 17.602
1086.160 766.984 17.602
1086.160 767.320 17.602
1086.160 767.320 17.602
1086.160 768.023 17.605
1086.160 768.023 17.605
1086.160 768.168 17.605
1086.160 768.520 17.609
1086.160 768.730 17.609
1086.160 768.730 17.609
1086.160 768.859 17.609
1086.160 768.906 17.609
1086.160 768.918 17.609
1086.160 768.996 17.609
1086.160 768.996 17.609
1086.160 769.039 17.609
1086.160 769.074 17.613
1086.160 769.090 17.613
1086.160 769.367 17.613
1086.160 769.547 17.613
1086.160 769.664 17.617
1086.160 769.695 17.617
1086.160 769.719 17.617
1086.160 769.949 17.617
1086.160 770.023 17.617
1086.160 770.023 17.617
1086.160 770.125 17.617
1086.160 770.211 17.617
1086.160 770.582 17.617
1086.160 770.594 17.617
1086.160 770.668 17.617
1086.160 770.672 17.617
1086.160 770.781 17.617
1086.160 770.934 17.617
1086.160 770.941 17.617
1086.160 770.941 17.617
1086.160 770.953 17.617
1086.160 771.090 17.617
1086.160 771.090 17.617
1086.160 771.191 17.617
1086.160 771.348 17.617
1086.160 771.348 17.617
1086.160 771.375 17.617
1086.160 771.770 17.617
1086.160 771.797 17.617
1086.160 771.801 17.617
1086.160 771.906 17.617
1086.160 771.906 17.617
1086.160 771.906 17.617
1086.160 771.961 17.617
1086.160 771.961 17.617
1086.160 772.152 17.621
1086.160 772.152 17.621
1086.160 772.199 17.621
1086.160 772.199 17.621
1086.160 772.363 17.621
1086.160 772.375 17.621
1086.160 772.375 17.621
1086.160 772.422 17.621
1086.160 772.461 17.621
1086.160 772.492 17.621
1086.160 772.703 17.621
1086.160 772.703 17.621
1086.160 772.703 17.621
1086.160 772.703 17.621
1086.160 772.703 17.621
1086.160 772.781 17.621
1086.160 772.871 17.621
1086.160 772.883 17.621
1086.160 772.965 17.621
1086.160 773.000 17.621
1086.160 773.266 17.621
1086.160 773.273 17.621
1086.160 773.336 17.621
1086.160 773.336 17.621
1086.160 773.336 17.621
1086.160 773.336 17.621
1086.160 773.336 17.621
1086.160 773.492 17.621
1086.160 773.578 17.625
1086.160 773.602 17.625
1086.160 773.602 17.625
1086.160 773.633 17.625
1086.160 773.633 17.625
1086.160 773.648 17.625
1086.160 773.789 17.625
1086.160 773.871 17.625
1086.160 773.906 17.625
1086.160 773.941 17.625
1086.160 774.023 17.625
1086.160 774.023 17.625
1086.160 774.066 17.625
1086.160 774.125 17.625
1086.160 774.168 17.625
1086.160 774.184 17.625
1086.160 774.203 17.629
1086.160 774.266 17.629
1086.160 774.266 17.629
1086.160 774.371 17.629
1086.160 774.371 17.629
1086.160 774.371 17.629
1086.160 774.371 17.629
1086.160 774.383 17.629
1086.160 774.383 17.629
1086.160 774.383 17.629
1086.160 774.441 17.629
1086.160 774.617 17.633
1086.160 774.746 17.656
1086.160 774.766 17.656
1086.160 774.805 17.656
1086.160 774.805 17.656
1086.160 774.805 17.656
1086.160 774.805 17.656
1086.160 774.922 17.656
1086.160 774.922 17.656
1086.160 774.922 17.656
1086.160 774.922 17.656
1086.160 774.922 17.656
1086.160 774.922 17.656
1086.160 774.922 17.656
1086.160 775.008 17.656
1086.160 775.008 17.656
1086.160 775.012 17.656
1086.160 775.098 17.664
1086.160 775.125 17.664
1086.160 775.203 17.664
1086.160 775.203 17.664
1086.160 775.203 17.664
1086.160 775.223 17.664
1086.160 775.234 17.664
1086.160 775.289 17.664
1086.160 775.289 17.664
1086.160 775.363 17.664
1086.160 775.453 17.664
1086.160 775.488 17.664
1086.160 775.488 17.664
1086.160 775.488 17.664
1086.160 775.551 17.664
1086.160 775.551 17.664
1086.160 775.559 17.664
1086.160 775.590 17.668
1086.160 775.672 17.668
1086.160 775.715 17.668
1086.160 775.715 17.668
1086.160 775.719 17.672
1086.160 775.719 17.672
1086.160 775.734 17.672
1086.160 775.734 17.672
1086.160 775.734 17.672
1086.160 775.773 17.672
1086.160 775.773 17.672
1086.160 775.773 17.672
1086.160 775.805 17.672
1086.160 775.828 17.672
1086.160 775.828 17.672
1086.160 775.840 17.672
1086.160 775.840 17.672
1086.160 775.883 17.672
1086.160 775.883 17.672
1086.160 775.906 17.672
1086.160 775.945 17.672
1086.160 775.945 17.672
1086.160 775.945 17.672
1086.160 775.957 17.672
1086.160 775.957 17.672
1086.160 775.957 17.672
1086.160 775.957 17.672
1086.160 775.957 17.672
1086.160 775.969 17.672
1086.160 775.969 17.672
1086.160 776.039 17.672
1086.160 776.039 17.672
1086.160 776.039 17.672
1086.160 776.129 17.672
1086.160 776.129 17.672
1086.160 776.270 17.672
1086.160 776.270 17.672
1086.160 776.270 17.672
1086.160 776.270 17.672
1086.160 776.270 17.672
1086.160 776.289 17.672
1086.160 776.289 17.672
1086.160 776.289 17.672
1086.160 776.289 17.672
1086.160 776.348 17.672
1086.160 776.441 17.672
1086.160 776.441 17.672
1086.160 776.441 17.672
1086.160 776.441 17.672
1086.160 776.441 17.672
1086.160 776.441 17.672
1086.160 776.441 17.672
1086.160 776.441 17.672
1086.160 776.441 17.672
1086.160 776.574 17.672
1086.160 776.582 17.672
1086.160 776.617 17.676
1086.160 776.746 17.676
1086.160 776.746 17.676
1086.160 776.746 17.676
1086.160 776.746 17.676
1086.160 776.797 17.676
1086.160 776.797 17.676
1086.160 776.906 17.676
1086.160 776.906 17.676
1086.160 776.906 17.676
1086.160 776.934 17.676
1086.160 776.934 17.676
1086.160 776.977 17.676
1086.160 776.977 17.676
1086.160 776.996 17.676
1086.160 777.012 17.676
1086.160 777.012 17.676
1086.160 777.020 17.676
1086.160 777.020 17.676
1086.160 777.094 17.676
1086.160 777.094 17.676
1086.160 777.094 17.676
1086.160 777.094 17.676
1086.160 777.152 17.676
1086.160 777.500 17.676
1086.160 777.500 17.676
1086.160 777.582 17.676
1086.160 777.582 17.676
1086.160 777.582 17.676
1086.160 777.582 17.676
1086.160 777.594 17.676
1086.160 777.594 17.676
1086.160 777.594 17.676
1086.160 777.594 17.676
1086.160 777.770 17.676
1086.160 777.770 17.676
1086.160 777.770 17.676
1086.160 777.773 17.676
1086.160 777.824 17.676
1086.160 777.824 17.676
1086.160 777.824 17.676
1086.160 777.824 17.676
1086.160 777.910 17.676
1086.160 777.910 17.676
1086.160 777.910 17.676
1086.160 777.910 17.676
1086.160 777.910 17.676
1086.160 777.910 17.676
1086.160 777.910 17.676
1086.160 777.910 17.676
1086.160 777.910 17.676
1086.160 777.910 17.676
1086.160 778.023 17.676
1086.160 778.023 17.676
1086.160 778.023 17.676
1086.160 778.023 17.676
1086.160 778.023 17.676
1086.160 778.023 17.676
1086.160 778.023 17.676
1086.160 778.066 17.676
1086.160 778.066 17.676
1086.160 778.066 17.676
1086.160 778.152 17.680
1086.160 778.152 17.680
1086.160 778.152 17.680
1086.160 778.152 17.680
1086.160 778.156 17.680
1086.160 778.156 17.680
1086.160 778.156 17.680
1086.160 778.277 17.680
1086.160 778.277 17.680
1086.160 778.277 17.680
1086.160 778.277 17.680
1086.160 778.277 17.680
1086.160 778.293 17.680
1086.160 778.293 17.680
1086.160 778.535 17.680
1086.160 778.535 17.680
1086.160 778.535 17.680
1086.160 778.621 17.680
1086.160 778.648 17.680
1086.160 778.648 17.680
1086.160 778.648 17.680
1086.160 778.648 17.680
1086.160 778.648 17.680
1086.160 778.695 17.680
1086.160 778.848 17.680
1086.160 778.848 17.680
1086.160 778.848 17.680
1086.160 778.848 17.680
1086.160 778.848 17.680
1086.160 778.891 17.680
1086.160 778.891 17.680
1086.160 778.891 17.680
1086.160 778.891 17.680
1086.160 778.891 17.680
1086.160 778.902 17.680
1086.160 778.902 17.680
1086.160 778.941 17.680
1086.160 778.941 17.680
1086.160 778.941 17.680
1086.160 778.941 17.680
1086.160 778.941 17.680
1086.160 779.012 17.680
1086.160 779.012 17.680
1086.160 779.109 17.680
