1086.160 752.410 16.906
1086.160 753.227 16.969
1086.160 756.078 17.367
1086.160 756.977 17.406
1086.160 757.562 17.406
1086.160 757.770 17.410
1086.160 757.965 17.410
1086.160 758.043 17.426
1086.160 758.215 17.426
1086.160 758.273 17.426
1086.160 758.551 17.426
1086.160 758.551 17.426
1086.160 758.793 17.426
1086.160 759.070 17.441
1086.160 759.156 17.441
1086.160 759.293 17.441
1086.160 759.406 17.441
1086.160 759.441 17.441
1086.160 759.551 17.441
1086.160 759.785 17.441
1086.160 759.887 17.441
1086.160 759.910 17.441
1086.160 760.027 17.441
1086.160 760.363 17.480
1086.160 760.422 17.480
1086.160 760.570 17.480
1086.160 760.578 17.480
1086.160 760.621 17.484
1086.160 760.652 17.484
1086.160 760.688 17.484
1086.160 760.738 17.484
1086.160 760.770 17.484
1086.160 760.914 17.484
1086.160 760.941 17.484
1086.160 761.094 17.492
1086.160 761.094 17.492
1086.160 761.184 17.492
1086.160 761.188 17.492
1086.160 761.414 17.492
1086.160 761.496 17.492
1086.160 761.707 17.586
1086.160 761.773 17.586
1086.160 761.840 17.586
1086.160 761.898 17.586
1086.160 761.926 17.586
1086.160 761.953 17.586
1086.160 761.969 17.586
1086.160 761.980 17.586
1086.160 762.062 17.605
1086.160 762.125 17.605
1086.160 762.164 17.605
1086.160 762.277 17.613
1086.160 762.324 17.613
1086.160 762.379 17.613
1086.160 762.488 17.613
1086.160 762.527 17.613
1086.160 762.531 17.613
1086.160 762.547 17.613
1086.160 762.594 17.613
1086.160 762.613 17.613
1086.160 762.691 17.613
1086.160 762.914 17.613
1086.160 762.953 17.613
1086.160 762.969 17.613
1086.160 762.996 17.613
1086.160 763.012 17.613
1086.160 763.109 17.617
1086.160 763.129 17.617
1086.160 763.152 17.617
1086.160 763.152 17.617
1086.160 763.188 17.617
1086.160 763.188 17.617
1086.160 763.227 17.617
1086.160 763.387 17.617
1086.160 763.441 17.617
1086.160 763.598 17.621
1086.160 763.676 17.621
1086.160 763.727 17.621
1086.160 763.770 17.621
1086.160 763.781 17.621
1086.160 763.797 17.621
1086.160 763.809 17.621
1086.160 763.930 17.625
1086.160 764.012 17.625
1086.160 764.055 17.625
1086.160 764.242 17.633
1086.160 764.250 17.633
1086.160 764.488 17.645
1086.160 764.531 17.645
1086.160 764.566 17.645
1086.160 764.582 17.645
1086.160 764.594 17.645
1086.160 764.594 17.645
1086.160 764.680 17.645
1086.160 764.848 17.645
1086.160 764.859 17.645
1086.160 764.863 17.645
1086.160 764.863 17.645
1086.160 764.922 17.648
1086.160 764.941 17.648
1086.160 764.957 17.648
1086.160 764.984 17.648
1086.160 765.082 17.648
1086.160 765.105 17.648
1086.160 765.125 17.648
1086.160 765.133 17.648
1086.160 765.152 17.648
1086.160 765.234 17.648
1086.160 765.258 17.648
1086.160 765.375 17.648
1086.160 765.414 17.648
1086.160 765.457 17.648
1086.160 765.586 17.648
1086.160 765.590 17.648
1086.160 765.590 17.648
1086.160 765.613 17.648
1086.160 765.719 17.648
1086.160 765.730 17.648
1086.160 765.734 17.648
1086.160 765.754 17.648
1086.160 765.770 17.648
1086.160 765.809 17.648
1086.160 765.988 17.652
1086.160 766.105 17.656
1086.160 766.121 17.656
1086.160 766.137 17.656
1086.160 766.148 17.656
1086.160 766.148 17.656
1086.160 766.215 17.656
1086.160 766.215 17.656
1086.160 766.316 17.656
1086.160 766.383 17.656
1086.160 766.531 17.656
1086.160 766.531 17.656
1086.160 766.562 17.656
1086.160 766.566 17.656
1086.160 766.605 17.660
1086.160 766.625 17.660
1086.160 766.633 17.660
1086.160 766.742 17.660
1086.160 766.762 17.660
1086.160 766.762 17.660
1086.160 766.773 17.660
1086.160 766.801 17.660
1086.160 766.871 17.660
1086.160 766.902 17.660
1086.160 766.969 17.660
1086.160 766.980 17.660
1086.160 767.117 17.660
1086.160 767.141 17.660
1086.160 767.148 17.660
1086.160 767.148 17.660
1086.160 767.340 17.660
1086.160 767.340 17.660
1086.160 767.340 17.660
1086.160 767.527 17.668
1086.160 767.648 17.668
1086.160 767.664 17.668
1086.160 767.664 17.668
1086.160 767.664 17.668
1086.160 767.715 17.668
1086.160 767.727 17.668
1086.160 767.727 17.668
1086.160 767.750 17.668
1086.160 767.770 17.668
1086.160 767.770 17.668
1086.160 767.836 17.668
1086.160 767.836 17.668
1086.160 767.906 17.668
1086.160 767.906 17.668
1086.160 767.906 17.668
1086.160 768.086 17.668
1086.160 768.090 17.668
1086.160 768.094 17.668
1086.160 768.141 17.668
1086.160 768.164 17.668
1086.160 768.172 17.668
1086.160 768.172 17.668
1086.160 768.215 17.668
1086.160 768.215 17.668
1086.160 768.215 17.668
1086.160 768.332 17.668
1086.160 768.340 17.668
1086.160 768.363 17.668
1086.160 768.363 17.668
1086.160 768.375 17.668
1086.160 768.375 17.668
1086.160 768.461 17.672
1086.160 768.461 17.672
1086.160 768.465 17.672
1086.160 768.484 17.672
1086.160 768.484 17.672
1086.160 768.488 17.672
1086.160 768.488 17.672
1086.160 768.566 17.672
1086.160 768.566 17.672
1086.160 768.566 17.672
1086.160 768.629 17.672
1086.160 768.684 17.672
1086.160 768.684 17.672
1086.160 768.781 17.672
1086.160 768.781 17.672
1086.160 768.785 17.672
1086.160 768.785 17.672
1086.160 768.852 17.672
1086.160 768.852 17.672
1086.160 768.852 17.672
1086.160 768.879 17.672
1086.160 768.914 17.672
1086.160 768.934 17.672
1086.160 768.938 17.672
1086.160 768.945 17.672
1086.160 768.988 17.672
1086.160 768.988 17.672
1086.160 769.031 17.672
1086.160 769.031 17.672
1086.160 769.031 17.672
1086.160 769.031 17.672
1086.160 769.039 17.672
1086.160 769.039 17.672
1086.160 769.043 17.672
1086.160 769.090 17.672
1086.160 769.102 17.672
1086.160 769.199 17.672
1086.160 769.500 17.672
1086.160 769.539 17.672
1086.160 769.590 17.676
1086.160 769.590 17.676
1086.160 769.609 17.676
1086.160 769.703 17.676
1086.160 769.703 17.676
1086.160 769.703 17.676
1086.160 769.719 17.676
1086.160 769.734 17.676
1086.160 769.773 17.676
1086.160 769.773 17.676
1086.160 769.773 17.676
1086.160 769.773 17.676
1086.160 769.777 17.676
1086.160 769.812 17.676
1086.160 769.812 17.676
1086.160 769.812 17.676
1086.160 769.812 17.676
1086.160 769.840 17.676
1086.160 769.848 17.676
1086.160 769.848 17.676
1086.160 769.855 17.676
1086.160 769.855 17.676
1086.160 769.855 17.676
1086.160 769.977 17.676
1086.160 769.977 17.676
1086.160 770.137 17.676
1086.160 770.137 17.676
1086.160 770.137 17.676
1086.160 770.137 17.676
1086.160 770.137 17.676
1086.160 770.141 17.676
1086.160 770.156 17.676
1086.160 770.168 17.676
1086.160 770.168 17.676
1086.160 770.277 17.676
1086.160 770.285 17.676
1086.160 770.285 17.676
1086.160 770.289 17.676
1086.160 770.293 17.676
1086.160 770.293 17.676
1086.160 770.293 17.676
1086.160 770.328 17.676
1086.160 770.328 17.676
1086.160 770.328 17.676
1086.160 770.328 17.676
1086.160 770.352 17.676
1086.160 770.402 17.676
1086.160 770.406 17.676
1086.160 770.406 17.676
1086.160 770.406 17.676
1086.160 770.418 17.676
1086.160 770.574 17.676
1086.160 770.574 17.676
1086.160 770.602 17.676
1086.160 770.609 17.676
1086.160 770.609 17.676
1086.160 770.641 17.676
1086.160 770.641 17.676
1086.160 770.676 17.676
1086.160 770.676 17.676
1086.160 770.676 17.676
1086.160 770.684 17.676
1086.160 770.684 17.676
1086.160 770.684 17.676
1086.160 770.707 17.676
1086.160 770.730 17.676
1086.160 770.730 17.676
1086.160 770.730 17.676
1086.160 770.754 17.676
1086.160 770.859 17.676
1086.160 770.895 17.676
1086.160 770.895 17.676
1086.160 770.898 17.676
1086.160 770.898 17.676
1086.160 770.914 17.676
1086.160 770.930 17.676
1086.160 770.930 17.676
1086.160 770.930 17.676
1086.160 770.930 17.676
1086.160 770.949 17.676
1086.160 770.949 17.676
1086.160 770.949 17.676
1086.160 770.949 17.676
1086.160 770.961 17.680
1086.160 770.992 17.680
1086.160 771.070 17.680
1086.160 771.082 17.680
1086.160 771.082 17.680
1086.160 771.086 17.680
1086.160 771.086 17.680
1086.160 771.086 17.680
1086.160 771.086 17.680
1086.160 771.262 17.680
1086.160 771.270 17.680
1086.160 771.297 17.680
