797.883 562.965 17.375
797.883 565.051 17.473
797.883 566.363 17.520
797.883 567.922 17.547
797.883 568.055 17.559
797.883 568.895 17.566
797.883 569.031 17.566
797.883 569.305 17.578
797.883 569.516 17.578
797.883 569.777 17.578
797.883 569.949 17.578
797.883 570.332 17.582
797.883 570.383 17.582
797.883 570.539 17.586
797.883 570.730 17.590
797.883 570.941 17.590
797.883 571.000 17.594
797.883 571.152 17.594
797.883 571.449 17.594
797.883 571.496 17.598
797.883 571.578 17.598
797.883 571.832 17.598
797.883 571.844 17.598
797.883 571.938 17.598
797.883 571.980 17.598
797.883 572.227 17.598
797.883 572.375 17.602
797.883 572.488 17.602
797.883 572.488 17.602
797.883 572.574 17.602
797.883 572.582 17.605
797.883 572.672 17.605
797.883 572.703 17.605
797.883 572.703 17.605
797.883 572.723 17.609
797.883 572.762 17.609
797.883 572.801 17.609
797.883 572.836 17.609
797.883 572.910 17.609
797.883 572.910 17.609
797.883 573.074 17.609
797.883 573.109 17.609
797.883 573.117 17.609
797.883 573.301 17.609
797.883 573.355 17.609
797.883 573.367 17.609
797.883 573.520 17.609
797.883 573.578 17.609
797.883 573.770 17.613
797.883 573.770 17.613
797.883 573.770 17.613
797.883 573.922 17.613
797.883 573.992 17.613
797.883 573.992 17.613
797.883 573.992 17.613
797.883 573.992 17.613
797.883 574.090 17.613
797.883 574.094 17.613
797.883 574.094 17.613
797.883 574.152 17.613
797.883 574.152 17.613
797.883 574.152 17.613
797.883 574.152 17.613
797.883 574.207 17.613
797.883 574.207 17.613
797.883 574.281 17.613
797.883 574.371 17.613
797.883 574.398 17.613
797.883 574.527 17.613
797.883 574.609 17.613
797.883 574.688 17.613
797.883 574.688 17.613
797.883 574.688 17.613
797.883 574.785 17.617
797.883 574.785 17.617
797.883 574.785 17.617
797.883 574.785 17.617
797.883 574.797 17.617
797.883 574.883 17.617
797.883 575.012 17.617
797.883 575.023 17.617
797.883 575.023 17.617
797.883 575.023 17.617
797.883 575.023 17.617
797.883 575.062 17.617
797.883 575.086 17.617
797.883 575.086 17.617
797.883 575.086 17.617
797.883 575.086 17.617
797.883 575.133 17.621
797.883 575.137 17.621
797.883 575.137 17.621
797.883 575.137 17.621
797.883 575.137 17.621
797.883 575.137 17.621
797.883 575.340 17.621
797.883 575.340 17.621
797.883 575.340 17.621
797.883 575.367 17.621
797.883 575.395 17.621
797.883 575.395 17.621
797.883 575.508 17.621
797.883 575.508 17.621
797.883 575.508 17.621
797.883 575.664 17.621
797.883 575.691 17.621
797.883 575.777 17.621
797.883 575.781 17.621
797.883 575.781 17.621
797.883 575.781 17.621
797.883 575.898 17.625
797.883 575.898 17.625
797.883 575.941 17.625
797.883 576.098 17.625
797.883 576.098 17.625
797.883 576.098 17.625
797.883 576.133 17.625
797.883 576.215 17.625
797.883 576.242 17.625
797.883 576.258 17.625
797.883 576.258 17.625
797.883 576.277 17.625
797.883 576.293 17.625
797.883 576.293 17.625
797.883 576.293 17.625
797.883 576.324 17.625
797.883 576.324 17.625
797.883 576.391 17.625
797.883 576.391 17.625
797.883 576.445 17.625
797.883 576.453 17.625
797.883 576.473 17.625
797.883 576.480 17.633
797.883 576.480 17.633
797.883 576.480 17.633
797.883 576.641 17.633
797.883 576.664 17.633
797.883 576.664 17.633
797.883 576.707 17.648
797.883 576.746 17.656
797.883 576.754 17.656
797.883 576.754 17.656
797.883 576.754 17.656
797.883 576.758 17.660
797.883 576.758 17.660
797.883 576.758 17.660
797.883 576.758 17.660
797.883 576.801 17.660
797.883 576.801 17.660
797.883 576.910 17.660
797.883 576.910 17.660
797.883 576.910 17.660
797.883 576.910 17.660
797.883 576.945 17.660
797.883 576.945 17.660
797.883 576.945 17.660
797.883 576.945 17.660
797.883 576.949 17.664
797.883 576.969 17.664
797.883 576.973 17.668
797.883 577.055 17.668
797.883 577.062 17.668
797.883 577.062 17.668
797.883 577.062 17.668
797.883 577.062 17.668
797.883 577.109 17.668
797.883 577.137 17.668
797.883 577.223 17.668
797.883 577.223 17.668
797.883 577.223 17.668
797.883 577.223 17.668
797.883 577.223 17.668
797.883 577.281 17.668
797.883 577.281 17.668
797.883 577.281 17.668
797.883 577.281 17.668
797.883 577.285 17.668
797.883 577.285 17.668
797.883 577.297 17.668
797.883 577.297 17.668
797.883 577.297 17.668
797.883 577.305 17.668
797.883 577.344 17.668
797.883 577.344 17.668
797.883 577.352 17.668
797.883 577.352 17.668
797.883 577.352 17.668
797.883 577.371 17.668
797.883 577.371 17.668
797.883 577.371 17.668
797.883 577.398 17.668
797.883 577.398 17.668
797.883 577.426 17.668
