1374.180 964.184 17.578
1374.180 968.027 17.672
1374.180 970.125 17.676
1374.180 974.625 17.707
1374.180 975.570 17.707
1374.180 976.629 17.719
1374.180 978.078 17.723
1374.180 978.195 17.723
1374.180 979.594 17.727
1374.180 980.012 17.727
1374.180 980.566 17.727
1374.180 981.152 17.730
1374.180 981.762 17.730
1374.180 982.637 17.730
1374.180 983.004 17.730
1374.180 983.004 17.730
1374.180 983.953 17.730
1374.180 985.285 17.734
1374.180 985.793 17.734
1374.180 986.141 17.738
1374.180 986.227 17.738
1374.180 986.617 17.738
1374.180 986.625 17.738
1374.180 987.164 17.738
1374.180 987.305 17.738
1374.180 987.691 17.828
1374.180 987.691 17.828
1374.180 988.098 17.828
1374.180 988.199 17.828
1374.180 988.285 17.828
1374.180 988.652 17.844
1374.180 988.949 17.844
1374.180 989.145 17.844
1374.180 989.145 17.844
1374.180 989.258 17.844
1374.180 989.332 17.844
1374.180 989.457 17.844
1374.180 989.457 17.844
1374.180 989.617 17.844
1374.180 989.938 17.844
1374.180 990.148 17.844
1374.180 990.426 17.844
1374.180 990.426 17.844
1374.180 990.555 17.844
1374.180 990.555 17.844
1374.180 990.594 17.844
1374.180 990.832 17.844
1374.180 990.984 17.844
1374.180 991.043 17.844
1374.180 991.160 17.848
1374.180 991.328 17.852
1374.180 991.328 17.852
1374.180 991.523 17.852
1374.180 991.789 17.852
1374.180 991.820 17.852
1374.180 992.051 17.852
1374.180 992.168 17.852
1374.180 992.223 17.852
1374.180 992.441 17.852
1374.180 992.441 17.852
1374.180 993.027 17.852
1374.180 993.203 17.852
1374.180 993.375 17.852
1374.180 993.375 17.852
1374.180 993.469 17.855
1374.180 993.680 17.855
1374.180 993.680 17.855
1374.180 993.828 17.855
1374.180 994.074 17.855
1374.180 994.176 17.855
1374.180 994.219 17.855
1374.180 994.266 17.855
1374.180 994.473 17.855
1374.180 994.477 17.855
1374.180 994.566 17.855
1374.180 994.578 17.855
1374.180 994.605 17.855
1374.180 994.613 17.855
1374.180 994.715 17.855
1374.180 994.812 17.855
1374.180 994.812 17.855
1374.180 994.961 17.855
1374.180 995.266 17.859
1374.180 995.312 17.859
1374.180 995.383 17.859
1374.180 995.629 17.859
1374.180 995.660 17.859
1374.180 995.672 17.859
1374.180 995.672 17.859
1374.180 995.770 17.859
1374.180 995.773 17.859
1374.180 995.816 17.859
1374.180 995.816 17.859
1374.180 995.992 17.863
1374.180 995.996 17.863
1374.180 996.113 17.863
1374.180 996.367 17.863
1374.180 996.387 17.863
1374.180 996.387 17.863
1374.180 996.402 17.863
1374.180 996.547 17.863
1374.180 996.703 17.863
1374.180 996.707 17.863
1374.180 996.836 17.863
1374.180 996.836 17.863
1374.180 997.039 17.863
1374.180 997.051 17.863
1374.180 997.125 17.863
1374.180 997.277 17.863
1374.180 997.301 17.863
1374.180 997.301 17.863
1374.180 997.344 17.863
1374.180 997.422 17.863
1374.180 997.422 17.863
1374.180 997.441 17.863
1374.180 997.441 17.863
1374.180 997.465 17.867
1374.180 997.648 17.867
1374.180 997.719 17.867
1374.180 997.824 17.867
1374.180 997.824 17.867
1374.180 998.148 17.867
1374.180 998.172 17.867
1374.180 998.203 17.867
1374.180 998.324 17.867
1374.180 998.496 17.867
1374.180 998.609 17.867
1374.180 998.609 17.867
1374.180 998.609 17.867
1374.180 998.695 17.867
1374.180 998.695 17.867
1374.180 998.824 17.867
1374.180 998.895 17.867
1374.180 998.902 17.867
1374.180 998.914 17.867
1374.180 998.961 17.871
1374.180 998.965 17.871
1374.180 999.023 17.871
1374.180 999.059 17.871
1374.180 999.176 17.871
1374.180 999.277 17.871
1374.180 999.312 17.871
1374.180 999.312 17.871
1374.180 999.312 17.871
1374.180 999.355 17.871
1374.180 999.430 17.871
1374.180 999.438 17.871
1374.180 999.445 17.871
1374.180 999.445 17.871
1374.180 999.574 17.871
1374.180 999.750 17.871
1374.180 999.750 17.871
1374.180 999.930 17.871
1374.180 1000.254 17.871
1374.180 1000.324 17.871
1374.180 1000.352 17.871
1374.180 1000.352 17.871
1374.180 1000.352 17.871
1374.180 1000.359 17.871
1374.180 1000.398 17.871
1374.180 1000.422 17.871
1374.180 1000.422 17.871
1374.180 1000.453 17.871
1374.180 1000.512 17.871
1374.180 1000.512 17.871
1374.180 1000.738 17.871
1374.180 1000.789 17.871
1374.180 1000.789 17.871
1374.180 1000.805 17.871
1374.180 1000.809 17.871
1374.180 1000.895 17.871
1374.180 1000.898 17.871
1374.180 1000.980 17.871
1374.180 1000.980 17.871
1374.180 1000.992 17.871
1374.180 1001.059 17.871
1374.180 1001.234 17.871
1374.180 1001.242 17.871
1374.180 1001.250 17.871
1374.180 1001.262 17.871
1374.180 1001.273 17.871
1374.180 1001.293 17.871
1374.180 1001.293 17.871
1374.180 1001.293 17.871
1374.180 1001.398 17.871
1374.180 1001.406 17.871
1374.180 1001.578 17.871
1374.180 1001.578 17.871
1374.180 1001.625 17.871
1374.180 1001.625 17.871
1374.180 1001.660 17.871
1374.180 1001.812 17.871
1374.180 1001.812 17.871
1374.180 1001.816 17.871
1374.180 1001.828 17.871
1374.180 1001.828 17.871
1374.180 1001.828 17.871
1374.180 1001.828 17.871
1374.180 1001.898 17.871
1374.180 1001.914 17.871
1374.180 1001.996 17.871
1374.180 1002.121 17.871
1374.180 1002.121 17.871
1374.180 1002.121 17.871
1374.180 1002.121 17.871
1374.180 1002.168 17.871
1374.180 1002.168 17.871
1374.180 1002.180 17.871
1374.180 1002.180 17.871
1374.180 1002.199 17.871
1374.180 1002.227 17.871
1374.180 1002.250 17.871
1374.180 1002.402 17.871
1374.180 1002.445 17.871
1374.180 1002.445 17.871
1374.180 1002.477 17.871
1374.180 1002.484 17.871
1374.180 1002.539 17.871
1374.180 1002.547 17.871
1374.180 1002.602 17.871
1374.180 1002.602 17.871
1374.180 1002.633 17.871
1374.180 1002.672 17.871
1374.180 1002.773 17.871
1374.180 1002.848 17.871
1374.180 1002.875 17.871
1374.180 1002.879 17.871
1374.180 1002.926 17.871
1374.180 1002.926 17.871
1374.180 1002.949 17.871
1374.180 1002.977 17.871
1374.180 1003.027 17.871
1374.180 1003.059 17.871
1374.180 1003.059 17.871
1374.180 1003.059 17.871
1374.180 1003.090 17.871
1374.180 1003.109 17.871
1374.180 1003.199 17.871
1374.180 1003.238 17.871
1374.180 1003.262 17.871
1374.180 1003.324 17.871
1374.180 1003.324 17.871
1374.180 1003.348 17.871
1374.180 1003.367 17.871
1374.180 1003.605 17.871
1374.180 1003.605 17.871
1374.180 1003.605 17.871
1374.180 1003.613 17.871
1374.180 1003.715 17.871
1374.180 1003.762 17.871
1374.180 1003.797 17.871
1374.180 1003.809 17.871
1374.180 1003.824 17.871
1374.180 1003.824 17.871
1374.180 1003.848 17.871
1374.180 1003.848 17.871
1374.180 1003.848 17.871
1374.180 1003.848 17.871
1374.180 1003.965 17.871
1374.180 1003.965 17.871
1374.180 1004.172 17.871
1374.180 1004.172 17.871
1374.180 1004.207 17.871
1374.180 1004.262 17.871
1374.180 1004.262 17.871
1374.180 1004.273 17.871
1374.180 1004.273 17.871
1374.180 1004.273 17.871
1374.180 1004.289 17.871
1374.180 1004.293 17.871
1374.180 1004.293 17.871
1374.180 1004.293 17.871
1374.180 1004.324 17.871
1374.180 1004.484 17.871
1374.180 1004.516 17.871
1374.180 1004.516 17.871
1374.180 1004.555 17.871
1374.180 1004.555 17.871
1374.180 1004.555 17.871
1374.180 1004.555 17.871
1374.180 1004.555 17.871
1374.180 1004.555 17.871
1374.180 1004.586 17.871
1374.180 1004.594 17.871
1374.180 1004.594 17.871
1374.180 1004.629 17.871
1374.180 1004.629 17.871
1374.180 1004.684 17.871
1374.180 1004.684 17.871
1374.180 1004.691 17.871
1374.180 1004.715 17.871
1374.180 1004.715 17.871
1374.180 1004.715 17.871
1374.180 1004.715 17.871
1374.180 1004.762 17.871
1374.180 1004.762 17.871
1374.180 1004.762 17.871
1374.180 1004.762 17.871
1374.180 1004.875 17.871
1374.180 1004.875 17.871
1374.180 1004.875 17.871
1374.180 1004.914 17.871
1374.180 1004.941 17.871
1374.180 1004.965 17.871
1374.180 1004.984 17.871
1374.180 1005.016 17.871
1374.180 1005.016 17.871
1374.180 1005.016 17.871
1374.180 1005.035 17.871
1374.180 1005.035 17.871
1374.180 1005.082 17.871
1374.180 1005.082 17.871
1374.180 1005.113 17.871
1374.180 1005.121 17.871
1374.180 1005.125 17.871
1374.180 1005.160 17.871
1374.180 1005.160 17.871
1374.180 1005.160 17.871
1374.180 1005.312 17.871
1374.180 1005.395 17.871
1374.180 1005.395 17.871
1374.180 1005.395 17.871
1374.180 1005.395 17.871
1374.180 1005.395 17.871
1374.180 1005.531 17.871
1374.180 1005.547 17.871
1374.180 1005.562 17.871
1374.180 1005.586 17.871
1374.180 1005.605 17.871
1374.180 1005.605 17.871
1374.180 1005.629 17.871
1374.180 1005.629 17.871
1374.180 1005.629 17.871
1374.180 1005.637 17.871
1374.180 1005.637 17.871
1374.180 1005.742 17.871
1374.180 1005.770 17.871
1374.180 1005.770 17.871
1374.180 1005.785 17.871
1374.180 1005.785 17.871
1374.180 1006.012 17.871
1374.180 1006.012 17.871
1374.180 1006.012 17.871
1374.180 1006.012 17.871
1374.180 1006.012 17.871
1374.180 1006.012 17.871
1374.180 1006.012 17.871
1374.180 1006.066 17.871
1374.180 1006.066 17.871
1374.180 1006.066 17.871
1374.180 1006.066 17.871
1374.180 1006.066 17.871
1374.180 1006.176 17.871
1374.180 1006.176 17.871
1374.180 1006.188 17.871
1374.180 1006.223 17.871
1374.180 1006.285 17.871
1374.180 1006.691 17.871
1374.180 1006.691 17.871
1374.180 1006.691 17.871
1374.180 1006.691 17.871
1374.180 1006.914 17.871
1374.180 1006.914 17.871
1374.180 1006.914 17.871
1374.180 1006.914 17.871
1374.180 1006.926 17.871
1374.180 1007.027 17.871
1374.180 1007.035 17.871
1374.180 1007.055 17.871
1374.180 1007.055 17.871
1374.180 1007.059 17.871
1374.180 1007.066 17.871
1374.180 1007.102 17.871
1374.180 1007.102 17.871
1374.180 1007.102 17.871
1374.180 1007.109 17.871
1374.180 1007.109 17.871
1374.180 1007.168 17.871
1374.180 1007.168 17.871
1374.180 1007.168 17.871
1374.180 1007.168 17.871
1374.180 1007.168 17.871
1374.180 1007.168 17.871
1374.180 1007.168 17.871
1374.180 1007.188 17.871
1374.180 1007.188 17.871
1374.180 1007.188 17.871
1374.180 1007.188 17.871
1374.180 1007.188 17.871
1374.180 1007.211 17.871
1374.180 1007.223 17.871
1374.180 1007.234 17.875
1374.180 1007.270 17.875
1374.180 1007.270 17.875
1374.180 1007.379 17.875
1374.180 1007.379 17.875
1374.180 1007.379 17.875
1374.180 1007.379 17.875
1374.180 1007.457 17.875
1374.180 1007.500 17.875
1374.180 1007.500 17.875
1374.180 1007.500 17.875
1374.180 1007.500 17.875
1374.180 1007.500 17.875
1374.180 1007.656 17.875
1374.180 1007.805 17.875
1374.180 1007.820 17.875
1374.180 1007.820 17.875
1374.180 1007.820 17.875
1374.180 1007.820 17.875
1374.180 1007.824 17.875
1374.180 1007.824 17.875
1374.180 1007.895 17.875
1374.180 1007.895 17.875
1374.180 1007.895 17.875
1374.180 1007.895 17.875
1374.180 1007.918 17.875
1374.180 1007.918 17.875
1374.180 1007.953 17.875
1374.180 1007.969 17.875
1374.180 1007.969 17.875
1374.180 1008.016 17.875
1374.180 1008.016 17.875
1374.180 1008.016 17.875
1374.180 1008.109 17.875
1374.180 1008.121 17.875
1374.180 1008.121 17.875
1374.180 1008.121 17.875
1374.180 1008.180 17.875
1374.180 1008.180 17.875
1374.180 1008.215 17.875
1374.180 1008.215 17.875
1374.180 1008.215 17.875
1374.180 1008.320 17.875
1374.180 1008.320 17.875
1374.180 1008.328 17.875
1374.180 1008.328 17.875
1374.180 1008.395 17.875
1374.180 1008.426 17.875
1374.180 1008.438 17.875
1374.180 1008.449 17.875
1374.180 1008.449 17.875
1374.180 1008.449 17.875
1374.180 1008.449 17.875
1374.180 1008.492 17.875
1374.180 1008.512 17.875
1374.180 1008.520 17.875
1374.180 1008.531 17.875
1374.180 1008.531 17.875
