941.895 668.512 17.270
941.895 670.941 17.379
941.895 671.844 17.379
941.895 673.211 17.535
941.895 674.457 17.547
941.895 674.832 17.547
941.895 676.551 17.570
941.895 676.922 17.570
941.895 677.039 17.574
941.895 677.340 17.590
941.895 677.691 17.590
941.895 677.902 17.590
941.895 678.031 17.590
941.895 678.129 17.590
941.895 678.586 17.590
941.895 678.629 17.590
941.895 678.715 17.590
941.895 678.734 17.590
941.895 679.434 17.590
941.895 679.582 17.590
941.895 679.660 17.590
941.895 679.871 17.594
941.895 680.156 17.598
941.895 680.156 17.598
941.895 680.375 17.598
941.895 680.547 17.598
941.895 680.578 17.598
941.895 680.695 17.602
941.895 680.719 17.602
941.895 680.781 17.602
941.895 680.781 17.602
941.895 680.883 17.602
941.895 681.027 17.602
941.895 681.086 17.605
941.895 681.086 17.605
941.895 681.340 17.609
941.895 681.359 17.609
941.895 681.363 17.609
941.895 681.426 17.609
941.895 681.477 17.609
941.895 681.848 17.609
941.895 681.863 17.609
941.895 681.895 17.609
941.895 682.160 17.609
941.895 682.188 17.609
941.895 682.328 17.609
941.895 682.328 17.609
941.895 682.496 17.609
941.895 682.629 17.609
941.895 682.680 17.609
941.895 682.699 17.609
941.895 682.871 17.613
941.895 683.074 17.613
941.895 683.074 17.613
941.895 683.074 17.613
941.895 683.152 17.613
941.895 683.152 17.613
941.895 683.172 17.613
941.895 683.172 17.613
941.895 683.277 17.613
941.895 683.293 17.613
941.895 683.438 17.613
941.895 683.438 17.613
941.895 683.449 17.613
941.895 683.449 17.613
941.895 683.539 17.613
941.895 683.551 17.613
941.895 683.562 17.613
941.895 683.574 17.617
941.895 683.645 17.617
941.895 683.645 17.617
941.895 683.793 17.617
941.895 683.793 17.617
941.895 683.863 17.617
941.895 683.863 17.617
941.895 683.992 17.617
941.895 684.027 17.617
941.895 684.066 17.617
941.895 684.066 17.617
941.895 684.074 17.617
941.895 684.074 17.617
941.895 684.148 17.617
941.895 684.156 17.617
941.895 684.293 17.617
941.895 684.293 17.617
941.895 684.293 17.617
941.895 684.430 17.617
941.895 684.445 17.617
941.895 684.445 17.617
941.895 684.453 17.617
941.895 684.461 17.617
941.895 684.480 17.617
941.895 684.480 17.617
941.895 684.535 17.617
941.895 684.551 17.617
941.895 684.551 17.617
941.895 684.551 17.617
941.895 684.551 17.617
941.895 684.625 17.617
941.895 684.625 17.617
941.895 684.750 17.617
941.895 684.797 17.617
941.895 684.797 17.617
941.895 684.891 17.617
941.895 684.930 17.617
941.895 684.969 17.617
941.895 685.066 17.617
941.895 685.074 17.617
941.895 685.113 17.617
941.895 685.145 17.617
941.895 685.152 17.617
941.895 685.152 17.617
941.895 685.207 17.625
941.895 685.258 17.625
941.895 685.262 17.625
941.895 685.285 17.629
941.895 685.387 17.629
941.895 685.387 17.629
941.895 685.391 17.629
941.895 685.512 17.645
941.895 685.512 17.645
941.895 685.512 17.645
941.895 685.555 17.652
941.895 685.566 17.652
941.895 685.695 17.652
941.895 685.777 17.652
941.895 685.793 17.652
941.895 685.816 17.652
941.895 685.816 17.652
941.895 685.816 17.652
941.895 685.848 17.656
941.895 685.898 17.656
941.895 685.918 17.656
941.895 685.957 17.656
941.895 685.957 17.656
941.895 686.074 17.656
941.895 686.113 17.660
941.895 686.113 17.660
941.895 686.113 17.660
941.895 686.113 17.660
941.895 686.113 17.660
941.895 686.113 17.660
941.895 686.191 17.660
941.895 686.215 17.660
941.895 686.230 17.660
941.895 686.230 17.660
941.895 686.230 17.660
941.895 686.242 17.660
941.895 686.242 17.660
941.895 686.242 17.660
941.895 686.324 17.660
941.895 686.324 17.660
941.895 686.348 17.664
941.895 686.398 17.664
941.895 686.398 17.664
941.895 686.402 17.668
941.895 686.402 17.668
941.895 686.402 17.668
941.895 686.414 17.668
941.895 686.414 17.668
941.895 686.434 17.668
941.895 686.434 17.668
941.895 686.434 17.668
941.895 686.434 17.668
941.895 686.434 17.668
941.895 686.434 17.668
941.895 686.434 17.668
941.895 686.434 17.668
941.895 686.594 17.668
941.895 686.594 17.668
941.895 686.605 17.668
941.895 686.613 17.668
941.895 686.656 17.668
941.895 686.656 17.668
941.895 686.656 17.668
941.895 686.695 17.668
941.895 686.809 17.668
941.895 686.809 17.668
941.895 686.809 17.668
941.895 686.816 17.668
941.895 686.816 17.668
941.895 686.875 17.668
941.895 686.879 17.668
941.895 686.879 17.668
941.895 686.879 17.668
941.895 686.906 17.668
941.895 686.906 17.668
941.895 686.906 17.668
941.895 686.906 17.668
941.895 686.938 17.668
941.895 686.938 17.668
941.895 686.938 17.668
941.895 686.949 17.668
941.895 686.996 17.668
941.895 686.996 17.668
941.895 686.996 17.668
941.895 686.996 17.668
941.895 687.043 17.668
941.895 687.062 17.668
941.895 687.062 17.668
941.895 687.086 17.668
941.895 687.086 17.668
941.895 687.086 17.668
941.895 687.105 17.668
941.895 687.113 17.668
941.895 687.113 17.668
941.895 687.113 17.668
941.895 687.113 17.668
941.895 687.113 17.668
941.895 687.113 17.668
941.895 687.113 17.668
941.895 687.145 17.668
941.895 687.145 17.668
941.895 687.145 17.668
941.895 687.184 17.668
941.895 687.184 17.668
941.895 687.203 17.668
941.895 687.203 17.668
941.895 687.258 17.668
941.895 687.258 17.668
941.895 687.266 17.668
941.895 687.270 17.672
941.895 687.270 17.672
941.895 687.270 17.672
941.895 687.324 17.672
941.895 687.324 17.672
941.895 687.430 17.672
941.895 687.430 17.672
941.895 687.473 17.672
941.895 687.473 17.672
941.895 687.488 17.672
941.895 687.488 17.672
941.895 687.625 17.672
941.895 687.625 17.672
941.895 687.641 17.672
941.895 687.871 17.672
941.895 687.871 17.672
941.895 687.871 17.672
941.895 687.887 17.672
941.895 687.887 17.672
941.895 687.887 17.672
941.895 687.887 17.672
941.895 688.020 17.672
941.895 688.020 17.672
941.895 688.059 17.672
941.895 688.062 17.672
941.895 688.062 17.672
941.895 688.062 17.672
941.895 688.062 17.672
941.895 688.078 17.672
941.895 688.078 17.672
941.895 688.141 17.672
941.895 688.141 17.672
941.895 688.195 17.672
941.895 688.195 17.672
941.895 688.195 17.672
941.895 688.227 17.672
