1086.160 750.078 16.848
1086.160 751.402 16.895
1086.160 752.527 16.926
1086.160 752.934 16.926
1086.160 753.121 16.926
1086.160 753.281 16.934
1086.160 753.539 16.934
1086.160 753.664 16.984
1086.160 753.762 16.984
1086.160 753.859 16.984
1086.160 753.859 16.984
1086.160 753.984 16.984
1086.160 754.039 16.984
1086.160 754.316 16.984
1086.160 754.742 16.996
1086.160 754.840 16.996
1086.160 754.957 16.996
1086.160 754.957 16.996
1086.160 754.957 16.996
1086.160 754.957 16.996
1086.160 755.031 16.996
1086.160 755.031 16.996
1086.160 755.141 16.996
1086.160 755.305 16.996
1086.160 755.605 17.016
1086.160 755.809 17.023
1086.160 755.809 17.023
1086.160 756.219 17.027
1086.160 756.219 17.027
1086.160 756.250 17.027
1086.160 756.250 17.027
1086.160 756.305 17.027
1086.160 756.613 17.227
1086.160 756.629 17.227
1086.160 756.699 17.227
1086.160 756.734 17.227
1086.160 756.891 17.227
1086.160 756.902 17.227
1086.160 756.922 17.227
1086.160 756.930 17.227
1086.160 756.930 17.227
1086.160 756.977 17.230
1086.160 756.992 17.230
1086.160 757.008 17.230
1086.160 757.043 17.230
1086.160 757.082 17.230
1086.160 757.086 17.230
1086.160 757.129 17.230
1086.160 757.156 17.230
1086.160 757.211 17.230
1086.160 757.223 17.230
1086.160 757.277 17.230
1086.160 757.277 17.230
1086.160 757.305 17.230
1086.160 757.336 17.230
1086.160 757.406 17.230
1086.160 757.410 17.230
1086.160 757.414 17.230
1086.160 757.426 17.230
1086.160 757.438 17.230
1086.160 757.445 17.230
1086.160 757.543 17.234
1086.160 757.566 17.234
1086.160 757.598 17.234
1086.160 757.609 17.234
1086.160 757.645 17.234
1086.160 757.668 17.234
1086.160 757.668 17.234
1086.160 757.758 17.234
1086.160 757.758 17.234
1086.160 757.938 17.234
1086.160 757.938 17.234
1086.160 758.023 17.242
1086.160 758.145 17.242
1086.160 758.184 17.254
1086.160 758.184 17.254
1086.160 758.195 17.254
1086.160 758.195 17.254
1086.160 758.195 17.254
1086.160 758.219 17.254
1086.160 758.352 17.262
1086.160 758.352 17.262
1086.160 758.352 17.262
1086.160 758.363 17.262
1086.160 758.402 17.262
1086.160 758.441 17.262
1086.160 758.473 17.266
1086.160 758.488 17.266
1086.160 758.488 17.266
1086.160 758.488 17.266
1086.160 758.691 17.266
1086.160 758.691 17.266
1086.160 758.691 17.266
1086.160 758.746 17.266
1086.160 758.773 17.266
1086.160 758.797 17.266
1086.160 758.797 17.266
1086.160 758.828 17.266
1086.160 758.848 17.266
1086.160 758.875 17.266
1086.160 758.887 17.266
1086.160 759.238 17.398
1086.160 759.262 17.398
1086.160 759.281 17.398
1086.160 759.309 17.398
1086.160 759.309 17.398
1086.160 759.348 17.398
1086.160 759.348 17.398
1086.160 759.352 17.398
1086.160 759.352 17.398
1086.160 759.352 17.398
1086.160 759.500 17.398
1086.160 759.551 17.398
1086.160 759.570 17.398
1086.160 759.590 17.398
1086.160 759.590 17.398
1086.160 759.594 17.398
1086.160 759.598 17.398
1086.160 759.598 17.398
1086.160 759.598 17.398
1086.160 759.598 17.398
1086.160 759.621 17.398
1086.160 759.641 17.398
1086.160 759.660 17.398
1086.160 759.660 17.398
1086.160 759.668 17.398
1086.160 759.668 17.398
1086.160 759.668 17.398
1086.160 759.688 17.398
1086.160 759.766 17.398
1086.160 759.793 17.398
1086.160 759.793 17.398
1086.160 759.797 17.398
1086.160 759.797 17.398
1086.160 759.797 17.398
1086.160 759.812 17.398
1086.160 759.812 17.398
1086.160 759.820 17.398
1086.160 759.832 17.398
1086.160 759.832 17.398
1086.160 759.859 17.398
1086.160 759.859 17.398
1086.160 759.859 17.398
1086.160 759.859 17.398
1086.160 759.859 17.398
1086.160 759.859 17.398
1086.160 759.859 17.398
1086.160 759.867 17.398
1086.160 759.867 17.398
1086.160 759.906 17.398
1086.160 759.918 17.398
1086.160 759.918 17.398
1086.160 759.922 17.398
1086.160 759.922 17.398
1086.160 759.922 17.398
1086.160 759.930 17.398
1086.160 759.953 17.398
1086.160 759.953 17.398
1086.160 759.953 17.398
1086.160 759.953 17.398
1086.160 759.961 17.398
1086.160 759.969 17.398
1086.160 759.980 17.398
1086.160 759.980 17.398
1086.160 760.016 17.398
1086.160 760.062 17.398
1086.160 760.062 17.398
1086.160 760.074 17.398
1086.160 760.113 17.398
1086.160 760.113 17.398
1086.160 760.113 17.398
1086.160 760.113 17.398
1086.160 760.113 17.398
1086.160 760.113 17.398
1086.160 760.113 17.398
1086.160 760.129 17.398
1086.160 760.188 17.398
1086.160 760.191 17.398
1086.160 760.230 17.398
1086.160 760.242 17.398
1086.160 760.242 17.398
1086.160 760.242 17.398
1086.160 760.270 17.398
1086.160 760.297 17.398
1086.160 760.309 17.398
1086.160 760.328 17.402
1086.160 760.332 17.402
1086.160 760.348 17.402
1086.160 760.348 17.402
1086.160 760.348 17.402
1086.160 760.375 17.402
1086.160 760.375 17.402
1086.160 760.391 17.402
1086.160 760.391 17.402
1086.160 760.391 17.402
1086.160 760.391 17.402
1086.160 760.391 17.402
1086.160 760.398 17.402
1086.160 760.430 17.402
1086.160 760.434 17.402
1086.160 760.441 17.410
1086.160 760.441 17.410
1086.160 760.441 17.410
1086.160 760.441 17.410
1086.160 760.445 17.410
1086.160 760.449 17.410
1086.160 760.449 17.410
1086.160 760.449 17.410
1086.160 760.449 17.410
1086.160 760.449 17.410
1086.160 760.480 17.410
1086.160 760.480 17.410
1086.160 760.520 17.410
1086.160 760.520 17.410
1086.160 760.531 17.410
1086.160 760.531 17.410
1086.160 760.531 17.410
1086.160 760.531 17.410
1086.160 760.531 17.410
1086.160 760.547 17.410
1086.160 760.547 17.410
1086.160 760.551 17.410
1086.160 760.582 17.410
1086.160 760.586 17.410
1086.160 760.602 17.410
1086.160 760.602 17.410
1086.160 760.605 17.410
1086.160 760.609 17.410
1086.160 760.609 17.410
1086.160 760.621 17.410
1086.160 760.652 17.410
1086.160 760.652 17.410
1086.160 760.680 17.410
1086.160 760.680 17.410
1086.160 760.684 17.410
1086.160 760.684 17.410
1086.160 760.684 17.410
1086.160 760.688 17.410
1086.160 760.688 17.410
1086.160 760.691 17.410
1086.160 760.734 17.410
1086.160 760.734 17.410
1086.160 760.734 17.410
1086.160 760.734 17.410
1086.160 760.770 17.410
1086.160 760.770 17.410
1086.160 760.770 17.410
1086.160 760.781 17.410
1086.160 760.781 17.410
1086.160 760.781 17.410
1086.160 760.781 17.410
1086.160 760.781 17.410
1086.160 760.781 17.410
1086.160 760.781 17.410
1086.160 760.781 17.410
1086.160 760.781 17.410
1086.160 760.781 17.410
1086.160 760.812 17.410
1086.160 760.812 17.410
1086.160 760.812 17.410
1086.160 760.812 17.410
1086.160 760.812 17.410
1086.160 760.812 17.410
1086.160 760.812 17.410
1086.160 760.824 17.410
1086.160 760.844 17.414
1086.160 760.844 17.414
1086.160 760.867 17.414
1086.160 760.871 17.414
1086.160 760.871 17.414
1086.160 760.875 17.414
1086.160 760.875 17.414
1086.160 760.875 17.414
1086.160 760.883 17.414
1086.160 760.922 17.414
1086.160 760.922 17.414
1086.160 760.922 17.414
1086.160 760.926 17.414
1086.160 760.949 17.414
1086.160 760.949 17.414
1086.160 760.949 17.414
1086.160 760.949 17.414
1086.160 760.973 17.414
1086.160 760.973 17.414
1086.160 760.984 17.414
1086.160 760.988 17.414
1086.160 760.988 17.414
1086.160 760.988 17.414
1086.160 760.988 17.414
1086.160 760.988 17.414
1086.160 760.988 17.414
1086.160 760.992 17.414
1086.160 761.016 17.414
1086.160 761.016 17.414
1086.160 761.023 17.414
1086.160 761.023 17.414
1086.160 761.035 17.414
1086.160 761.035 17.414
1086.160 761.035 17.414
1086.160 761.043 17.414
1086.160 761.055 17.414
1086.160 761.082 17.414
1086.160 761.133 17.434
1086.160 761.145 17.434
1086.160 761.145 17.434
1086.160 761.145 17.434
1086.160 761.145 17.434
1086.160 761.145 17.434
1086.160 761.145 17.434
1086.160 761.152 17.434
1086.160 761.152 17.434
1086.160 761.172 17.434
1086.160 761.172 17.434
1086.160 761.172 17.434
1086.160 761.188 17.438
1086.160 761.188 17.438
1086.160 761.188 17.438
1086.160 761.188 17.438
1086.160 761.188 17.438
1086.160 761.188 17.438
1086.160 761.188 17.438
