1230.168 879.594 17.309
1230.168 882.273 17.367
1230.168 883.922 17.383
1230.168 885.227 17.398
1230.168 885.672 17.414
1230.168 887.781 17.539
1230.168 889.195 17.559
1230.168 889.914 17.566
1230.168 890.066 17.566
1230.168 890.465 17.578
1230.168 890.539 17.578
1230.168 891.449 17.582
1230.168 891.840 17.582
1230.168 891.840 17.582
1230.168 892.148 17.586
1230.168 892.586 17.594
1230.168 892.590 17.594
1230.168 893.074 17.594
1230.168 893.754 17.594
1230.168 893.777 17.594
1230.168 894.152 17.594
1230.168 894.152 17.594
1230.168 894.289 17.594
1230.168 894.453 17.594
1230.168 894.453 17.594
1230.168 894.484 17.594
1230.168 894.707 17.594
1230.168 895.199 17.598
1230.168 895.902 17.598
1230.168 895.902 17.598
1230.168 896.371 17.605
1230.168 896.395 17.605
1230.168 896.707 17.609
1230.168 896.707 17.609
1230.168 896.754 17.609
1230.168 896.754 17.609
1230.168 896.832 17.609
1230.168 896.832 17.609
1230.168 896.855 17.609
1230.168 897.043 17.609
1230.168 897.297 17.609
1230.168 897.297 17.609
1230.168 897.531 17.609
1230.168 897.551 17.609
1230.168 897.816 17.609
1230.168 897.832 17.609
1230.168 897.926 17.609
1230.168 897.977 17.609
1230.168 898.102 17.609
1230.168 898.309 17.609
1230.168 898.363 17.609
1230.168 898.699 17.609
1230.168 898.699 17.609
1230.168 898.773 17.609
1230.168 898.875 17.609
1230.168 898.883 17.609
1230.168 898.895 17.613
1230.168 898.922 17.613
1230.168 898.969 17.613
1230.168 899.176 17.613
1230.168 899.258 17.613
1230.168 899.344 17.617
1230.168 899.344 17.617
1230.168 899.602 17.617
1230.168 899.602 17.617
1230.168 899.602 17.617
1230.168 899.625 17.617
1230.168 899.625 17.617
1230.168 899.711 17.617
1230.168 899.711 17.617
1230.168 899.926 17.617
1230.168 899.926 17.617
1230.168 899.926 17.617
1230.168 899.926 17.617
1230.168 899.988 17.617
1230.168 899.988 17.617
1230.168 900.059 17.617
1230.168 900.145 17.617
1230.168 900.145 17.617
1230.168 900.156 17.617
1230.168 900.184 17.617
1230.168 900.273 17.617
1230.168 900.273 17.617
1230.168 900.273 17.617
1230.168 900.312 17.617
1230.168 900.312 17.617
1230.168 900.312 17.617
1230.168 900.406 17.617
1230.168 900.406 17.617
1230.168 900.461 17.617
1230.168 900.609 17.617
1230.168 900.613 17.621
1230.168 900.613 17.621
1230.168 900.711 17.621
1230.168 900.977 17.621
1230.168 900.977 17.621
1230.168 901.086 17.621
1230.168 901.117 17.621
1230.168 901.145 17.621
1230.168 901.324 17.621
1230.168 901.324 17.621
1230.168 901.406 17.621
1230.168 901.492 17.621
1230.168 901.492 17.621
1230.168 901.492 17.621
1230.168 901.492 17.621
1230.168 901.566 17.621
1230.168 901.566 17.621
1230.168 901.566 17.621
1230.168 901.566 17.621
1230.168 901.707 17.621
1230.168 901.859 17.621
1230.168 901.895 17.625
1230.168 901.984 17.625
1230.168 901.992 17.625
1230.168 902.070 17.625
1230.168 902.070 17.625
1230.168 902.117 17.625
1230.168 902.145 17.625
1230.168 902.176 17.625
1230.168 902.176 17.625
1230.168 902.191 17.625
1230.168 902.383 17.625
1230.168 902.492 17.625
1230.168 902.617 17.625
1230.168 902.617 17.625
1230.168 902.617 17.625
1230.168 902.621 17.625
1230.168 902.625 17.629
1230.168 902.684 17.633
1230.168 902.684 17.633
1230.168 902.684 17.633
1230.168 902.684 17.633
1230.168 902.805 17.633
1230.168 902.836 17.633
1230.168 902.879 17.633
1230.168 902.879 17.633
1230.168 902.891 17.633
1230.168 902.891 17.633
1230.168 902.891 17.633
1230.168 902.891 17.633
1230.168 902.961 17.633
1230.168 902.965 17.633
1230.168 903.039 17.633
1230.168 903.039 17.633
1230.168 903.090 17.648
1230.168 903.188 17.656
1230.168 903.199 17.656
1230.168 903.199 17.656
1230.168 903.199 17.656
1230.168 903.199 17.656
1230.168 903.199 17.656
1230.168 903.199 17.656
1230.168 903.254 17.660
1230.168 903.254 17.660
1230.168 903.359 17.660
1230.168 903.359 17.660
1230.168 903.438 17.660
1230.168 903.469 17.660
1230.168 903.473 17.660
1230.168 903.477 17.664
1230.168 903.523 17.664
1230.168 903.523 17.664
1230.168 903.621 17.668
1230.168 903.621 17.668
1230.168 903.816 17.668
1230.168 903.816 17.668
1230.168 903.855 17.668
1230.168 903.855 17.668
1230.168 903.875 17.668
1230.168 903.875 17.668
1230.168 903.875 17.668
1230.168 903.887 17.668
1230.168 903.891 17.668
1230.168 903.891 17.668
1230.168 903.977 17.668
1230.168 903.977 17.668
1230.168 903.996 17.668
1230.168 903.996 17.668
1230.168 904.066 17.668
1230.168 904.133 17.668
1230.168 904.223 17.668
1230.168 904.254 17.668
1230.168 904.254 17.668
1230.168 904.270 17.668
1230.168 904.305 17.668
1230.168 904.312 17.668
1230.168 904.312 17.668
1230.168 904.344 17.668
1230.168 904.367 17.668
1230.168 904.367 17.668
1230.168 904.367 17.668
1230.168 904.449 17.668
1230.168 904.625 17.668
1230.168 904.625 17.668
1230.168 904.625 17.668
1230.168 904.703 17.668
1230.168 904.711 17.668
1230.168 904.711 17.668
1230.168 904.719 17.668
1230.168 904.719 17.668
1230.168 904.734 17.668
1230.168 904.734 17.668
1230.168 904.773 17.668
1230.168 904.875 17.668
1230.168 904.875 17.668
1230.168 904.875 17.668
1230.168 904.875 17.668
1230.168 904.875 17.668
1230.168 904.898 17.668
1230.168 904.922 17.668
1230.168 904.922 17.668
1230.168 904.922 17.668
1230.168 904.922 17.668
1230.168 904.922 17.668
1230.168 904.922 17.668
1230.168 904.922 17.668
1230.168 904.945 17.668
1230.168 904.949 17.672
1230.168 904.949 17.672
1230.168 905.004 17.672
1230.168 905.086 17.672
1230.168 905.090 17.672
1230.168 905.133 17.672
1230.168 905.133 17.672
1230.168 905.148 17.672
1230.168 905.191 17.672
1230.168 905.191 17.672
1230.168 905.227 17.672
1230.168 905.227 17.672
1230.168 905.227 17.672
1230.168 905.227 17.672
1230.168 905.246 17.672
1230.168 905.336 17.672
1230.168 905.645 17.672
1230.168 905.664 17.672
1230.168 905.727 17.672
1230.168 905.750 17.672
1230.168 905.750 17.672
1230.168 905.758 17.672
1230.168 905.832 17.672
1230.168 905.832 17.672
1230.168 905.832 17.672
1230.168 905.906 17.672
1230.168 905.906 17.672
1230.168 905.906 17.672
1230.168 906.023 17.672
1230.168 906.031 17.672
1230.168 906.066 17.672
1230.168 906.082 17.672
1230.168 906.188 17.672
1230.168 906.234 17.672
1230.168 906.254 17.672
1230.168 906.262 17.672
1230.168 906.262 17.672
1230.168 906.270 17.672
1230.168 906.270 17.672
1230.168 906.273 17.672
1230.168 906.273 17.672
1230.168 906.273 17.672
1230.168 906.273 17.672
1230.168 906.289 17.672
1230.168 906.434 17.672
1230.168 906.609 17.672
1230.168 906.629 17.672
1230.168 906.629 17.672
1230.168 906.629 17.672
1230.168 906.629 17.672
1230.168 906.629 17.672
1230.168 906.629 17.672
1230.168 906.629 17.672
1230.168 906.672 17.672
1230.168 906.672 17.672
1230.168 906.672 17.672
1230.168 906.770 17.672
1230.168 906.770 17.672
1230.168 906.770 17.672
1230.168 906.770 17.672
1230.168 906.781 17.672
1230.168 906.781 17.672
1230.168 906.781 17.672
1230.168 906.781 17.672
1230.168 906.781 17.672
1230.168 906.805 17.676
1230.168 906.883 17.676
1230.168 906.883 17.676
1230.168 906.941 17.676
1230.168 906.941 17.676
1230.168 906.941 17.676
1230.168 906.941 17.676
1230.168 906.941 17.676
1230.168 906.941 17.676
1230.168 906.965 17.676
1230.168 906.969 17.676
1230.168 906.969 17.676
1230.168 907.035 17.676
1230.168 907.035 17.676
1230.168 907.035 17.676
1230.168 907.035 17.676
1230.168 907.094 17.676
1230.168 907.094 17.676
1230.168 907.109 17.676
1230.168 907.109 17.676
1230.168 907.113 17.676
1230.168 907.113 17.676
1230.168 907.113 17.676
1230.168 907.113 17.676
1230.168 907.164 17.676
1230.168 907.164 17.676
1230.168 907.164 17.676
1230.168 907.164 17.676
1230.168 907.215 17.676
1230.168 907.215 17.676
1230.168 907.215 17.676
1230.168 907.215 17.676
1230.168 907.293 17.676
1230.168 907.324 17.676
1230.168 907.324 17.676
1230.168 907.324 17.676
1230.168 907.324 17.676
1230.168 907.324 17.676
1230.168 907.324 17.676
1230.168 907.379 17.676
1230.168 907.391 17.676
1230.168 907.430 17.676
1230.168 907.445 17.676
1230.168 907.566 17.676
1230.168 907.578 17.676
1230.168 907.578 17.676
1230.168 907.605 17.676
1230.168 907.605 17.676
1230.168 907.605 17.676
1230.168 907.613 17.676
1230.168 907.668 17.676
1230.168 907.668 17.676
1230.168 907.668 17.676
1230.168 907.773 17.676
1230.168 907.801 17.676
1230.168 907.891 17.676
1230.168 907.891 17.676
1230.168 907.891 17.676
1230.168 907.910 17.676
1230.168 907.910 17.676
1230.168 907.926 17.676
1230.168 907.926 17.676
1230.168 907.926 17.676
1230.168 907.965 17.676
1230.168 907.965 17.676
1230.168 907.973 17.676
1230.168 907.973 17.676
1230.168 908.000 17.676
1230.168 908.066 17.676
1230.168 908.082 17.676
1230.168 908.082 17.676
1230.168 908.082 17.676
1230.168 908.152 17.676
1230.168 908.152 17.676
1230.168 908.227 17.676
1230.168 908.227 17.676
1230.168 908.227 17.676
1230.168 908.359 17.676
1230.168 908.383 17.676
1230.168 908.402 17.676
1230.168 908.402 17.676
1230.168 908.402 17.676
1230.168 908.402 17.676
1230.168 908.414 17.676
1230.168 908.441 17.676
1230.168 908.441 17.676
1230.168 908.441 17.676
1230.168 908.441 17.676
1230.168 908.469 17.676
1230.168 908.469 17.676
1230.168 908.469 17.676
1230.168 908.473 17.676
1230.168 908.512 17.676
1230.168 908.512 17.676
1230.168 908.512 17.676
1230.168 908.512 17.676
1230.168 908.539 17.676
1230.168 908.566 17.676
1230.168 908.566 17.676
1230.168 908.566 17.676
1230.168 908.566 17.676
1230.168 908.566 17.676
