797.883 554.582 17.590
797.883 556.980 17.660
797.883 570.496 17.672
797.883 572.102 17.684
797.883 572.844 17.691
797.883 573.297 17.691
797.883 574.301 17.695
797.883 574.605 17.695
797.883 575.188 17.699
797.883 575.945 17.707
797.883 576.188 17.707
797.883 576.457 17.707
797.883 576.773 17.711
797.883 576.871 17.711
797.883 576.992 17.711
797.883 577.320 17.715
797.883 577.531 17.719
797.883 577.629 17.719
797.883 577.824 17.719
797.883 578.066 17.719
797.883 578.207 17.719
797.883 578.273 17.719
797.883 578.344 17.723
797.883 578.434 17.723
797.883 578.539 17.723
797.883 578.590 17.723
797.883 578.883 17.723
797.883 579.090 17.723
797.883 579.133 17.723
797.883 579.246 17.723
797.883 579.328 17.723
797.883 579.449 17.723
797.883 579.449 17.723
797.883 579.578 17.723
797.883 579.625 17.723
797.883 579.762 17.727
797.883 579.883 17.727
797.883 579.949 17.727
797.883 580.004 17.727
797.883 580.156 17.727
797.883 580.238 17.727
797.883 580.281 17.727
797.883 580.281 17.727
797.883 580.590 17.820
797.883 580.590 17.820
797.883 580.719 17.820
797.883 580.785 17.832
797.883 580.820 17.836
797.883 581.016 17.848
797.883 581.031 17.848
797.883 581.059 17.848
797.883 581.145 17.848
797.883 581.324 17.852
797.883 581.617 17.852
797.883 581.801 17.852
797.883 581.809 17.852
797.883 581.840 17.852
797.883 581.863 17.852
797.883 581.871 17.852
797.883 581.906 17.852
797.883 581.941 17.852
797.883 582.059 17.852
797.883 582.062 17.852
797.883 582.109 17.855
797.883 582.141 17.855
797.883 582.184 17.855
797.883 582.258 17.855
797.883 582.258 17.855
797.883 582.285 17.855
797.883 582.363 17.855
797.883 582.398 17.855
797.883 582.484 17.855
797.883 582.484 17.855
797.883 582.586 17.855
797.883 582.617 17.855
797.883 582.625 17.855
797.883 582.672 17.855
797.883 582.738 17.855
797.883 582.781 17.855
797.883 582.781 17.855
797.883 582.812 17.855
797.883 582.812 17.855
797.883 582.852 17.855
797.883 582.883 17.855
797.883 582.930 17.855
797.883 582.934 17.855
797.883 582.934 17.855
797.883 582.969 17.855
797.883 582.969 17.855
797.883 583.090 17.859
797.883 583.168 17.859
797.883 583.168 17.859
797.883 583.199 17.859
797.883 583.254 17.859
797.883 583.254 17.859
797.883 583.273 17.859
797.883 583.344 17.859
797.883 583.391 17.859
797.883 583.391 17.859
797.883 583.430 17.859
797.883 583.430 17.859
797.883 583.430 17.859
797.883 583.457 17.859
797.883 583.465 17.859
797.883 583.578 17.859
797.883 583.590 17.859
797.883 583.734 17.859
797.883 583.738 17.863
797.883 583.766 17.863
797.883 583.766 17.863
797.883 583.789 17.863
797.883 583.805 17.863
797.883 583.836 17.863
797.883 583.844 17.863
797.883 583.855 17.863
797.883 583.855 17.863
797.883 583.934 17.863
797.883 583.934 17.863
797.883 583.934 17.863
797.883 583.961 17.863
797.883 584.000 17.863
797.883 584.012 17.863
797.883 584.012 17.863
797.883 584.238 17.863
797.883 584.238 17.863
797.883 584.422 17.863
797.883 584.422 17.863
797.883 584.461 17.863
797.883 584.461 17.863
797.883 584.477 17.863
797.883 584.500 17.863
797.883 584.574 17.863
797.883 584.586 17.863
797.883 584.586 17.863
797.883 584.586 17.863
797.883 584.680 17.863
797.883 584.691 17.863
797.883 584.691 17.863
797.883 584.738 17.863
797.883 584.738 17.863
797.883 584.781 17.863
797.883 584.828 17.863
797.883 584.863 17.863
797.883 584.863 17.863
797.883 584.875 17.863
797.883 584.875 17.863
797.883 584.961 17.863
797.883 584.977 17.863
797.883 585.004 17.863
797.883 585.004 17.863
797.883 585.016 17.863
797.883 585.066 17.863
797.883 585.086 17.867
797.883 585.086 17.867
797.883 585.117 17.867
797.883 585.117 17.867
797.883 585.117 17.867
797.883 585.117 17.867
797.883 585.191 17.867
797.883 585.191 17.867
797.883 585.191 17.867
797.883 585.262 17.867
797.883 585.262 17.867
797.883 585.316 17.867
797.883 585.316 17.867
797.883 585.363 17.867
797.883 585.363 17.867
797.883 585.406 17.867
797.883 585.406 17.867
797.883 585.406 17.867
797.883 585.406 17.867
797.883 585.469 17.867
797.883 585.469 17.867
797.883 585.480 17.867
797.883 585.480 17.867
797.883 585.480 17.867
797.883 585.492 17.867
797.883 585.535 17.867
797.883 585.535 17.867
797.883 585.535 17.867
797.883 585.543 17.867
797.883 585.543 17.867
797.883 585.543 17.867
797.883 585.598 17.867
797.883 585.598 17.867
797.883 585.598 17.867
797.883 585.637 17.867
797.883 585.637 17.867
797.883 585.637 17.867
797.883 585.680 17.867
797.883 585.680 17.867
797.883 585.707 17.867
797.883 585.719 17.867
