797.887 548.406 16.797
797.887 549.074 16.824
797.887 549.578 16.859
797.887 550.027 16.922
797.887 550.125 16.922
797.887 550.215 16.922
797.887 550.340 16.922
797.887 550.566 16.938
797.887 550.840 16.977
797.887 551.504 16.977
797.887 551.539 16.977
797.887 551.559 16.977
797.887 551.629 16.977
797.887 551.801 16.977
797.887 551.820 16.977
797.887 551.891 16.980
797.887 551.988 16.980
797.887 552.004 16.980
797.887 552.031 16.980
797.887 552.199 16.988
797.887 552.285 17.012
797.887 552.660 17.215
797.887 552.738 17.227
797.887 552.738 17.227
797.887 552.754 17.227
797.887 552.785 17.227
797.887 552.887 17.227
797.887 552.895 17.227
797.887 552.914 17.227
797.887 552.914 17.227
797.887 552.969 17.227
797.887 552.969 17.227
797.887 553.031 17.230
797.887 553.047 17.230
797.887 553.047 17.230
797.887 553.086 17.234
797.887 553.086 17.234
797.887 553.094 17.234
797.887 553.109 17.234
797.887 553.133 17.234
797.887 553.145 17.234
797.887 553.184 17.234
797.887 553.184 17.234
797.887 553.191 17.234
797.887 553.223 17.234
797.887 553.223 17.234
797.887 553.312 17.234
797.887 553.359 17.234
797.887 553.383 17.234
797.887 553.398 17.234
797.887 553.398 17.234
797.887 553.410 17.234
797.887 553.453 17.234
797.887 553.453 17.234
797.887 553.473 17.234
797.887 553.504 17.234
797.887 553.504 17.234
797.887 553.504 17.234
797.887 553.578 17.234
797.887 553.586 17.234
797.887 553.586 17.234
797.887 553.598 17.234
797.887 553.598 17.234
797.887 553.598 17.234
797.887 553.660 17.234
797.887 553.660 17.234
797.887 553.660 17.234
797.887 553.695 17.238
797.887 553.707 17.238
797.887 553.707 17.238
797.887 553.727 17.238
797.887 553.746 17.238
797.887 553.750 17.238
797.887 553.781 17.238
797.887 553.809 17.238
797.887 553.809 17.238
797.887 553.836 17.250
797.887 553.863 17.250
797.887 553.883 17.250
797.887 553.914 17.258
797.887 554.090 17.266
797.887 554.090 17.266
797.887 554.160 17.266
797.887 554.207 17.266
797.887 554.297 17.266
797.887 554.297 17.266
797.887 554.312 17.266
797.887 554.312 17.266
797.887 554.316 17.266
797.887 554.316 17.266
797.887 554.316 17.266
797.887 554.715 17.398
797.887 554.715 17.398
797.887 554.738 17.398
797.887 554.762 17.398
797.887 554.762 17.398
797.887 554.770 17.398
797.887 554.805 17.398
797.887 554.805 17.398
797.887 554.805 17.398
797.887 554.816 17.398
797.887 554.816 17.398
797.887 554.820 17.398
797.887 554.820 17.398
797.887 554.832 17.398
797.887 554.840 17.398
797.887 554.844 17.398
797.887 554.844 17.398
797.887 554.891 17.398
797.887 554.891 17.398
797.887 554.895 17.398
797.887 554.906 17.398
797.887 554.906 17.398
797.887 554.906 17.398
797.887 554.934 17.398
797.887 554.934 17.398
797.887 554.938 17.398
797.887 554.969 17.398
797.887 554.992 17.398
797.887 555.035 17.398
797.887 555.035 17.398
797.887 555.035 17.398
797.887 555.035 17.398
797.887 555.051 17.398
797.887 555.051 17.398
797.887 555.094 17.398
797.887 555.094 17.398
797.887 555.094 17.398
797.887 555.098 17.398
797.887 555.105 17.398
797.887 555.105 17.398
797.887 555.113 17.398
797.887 555.113 17.398
797.887 555.113 17.398
797.887 555.117 17.398
797.887 555.117 17.398
797.887 555.215 17.398
797.887 555.215 17.398
797.887 555.215 17.398
797.887 555.215 17.398
797.887 555.215 17.398
797.887 555.215 17.398
797.887 555.227 17.398
797.887 555.254 17.398
797.887 555.258 17.398
797.887 555.258 17.398
797.887 555.270 17.398
797.887 555.270 17.398
797.887 555.293 17.398
797.887 555.297 17.398
797.887 555.301 17.398
797.887 555.301 17.398
797.887 555.305 17.398
797.887 555.305 17.398
797.887 555.305 17.398
797.887 555.305 17.398
797.887 555.309 17.398
797.887 555.309 17.398
797.887 555.309 17.398
797.887 555.309 17.398
797.887 555.309 17.398
797.887 555.312 17.398
797.887 555.355 17.398
797.887 555.355 17.398
797.887 555.355 17.398
797.887 555.355 17.398
797.887 555.355 17.398
797.887 555.387 17.398
797.887 555.387 17.398
797.887 555.387 17.398
797.887 555.402 17.398
797.887 555.402 17.398
797.887 555.402 17.398
797.887 555.445 17.402
797.887 555.445 17.402
797.887 555.445 17.402
797.887 555.457 17.402
797.887 555.457 17.402
797.887 555.469 17.402
797.887 555.488 17.402
797.887 555.512 17.402
797.887 555.512 17.402
797.887 555.512 17.402
797.887 555.516 17.402
797.887 555.516 17.402
797.887 555.516 17.402
797.887 555.516 17.402
797.887 555.555 17.402
797.887 555.555 17.402
797.887 555.555 17.402
797.887 555.590 17.410
797.887 555.594 17.410
797.887 555.594 17.410
