1518.188 1058.961 17.273
1518.188 1074.734 17.551
1518.188 1074.988 17.562
1518.188 1074.988 17.562
1518.188 1074.988 17.562
1518.188 1074.988 17.562
1518.188 1074.988 17.562
1518.188 1074.988 17.562
1518.188 1074.988 17.562
1518.188 1074.988 17.562
1518.188 1074.988 17.562
1518.188 1074.988 17.562
1518.188 1075.316 17.574
1518.188 1075.316 17.574
1518.188 1075.316 17.574
1518.188 1075.484 17.574
1518.188 1075.484 17.574
1518.188 1079.344 17.605
1518.188 1079.543 17.609
1518.188 1079.543 17.609
1518.188 1079.934 17.609
1518.188 1079.934 17.609
1518.188 1079.934 17.609
1518.188 1079.934 17.609
1518.188 1079.934 17.609
1518.188 1079.934 17.609
1518.188 1079.934 17.609
1518.188 1079.934 17.609
1518.188 1079.934 17.609
1518.188 1079.934 17.609
1518.188 1080.062 17.609
1518.188 1080.062 17.609
1518.188 1080.062 17.609
1518.188 1083.438 17.617
1518.188 1083.504 17.617
1518.188 1083.551 17.617
1518.188 1083.559 17.617
1518.188 1083.578 17.617
1518.188 1083.582 17.617
1518.188 1083.590 17.617
1518.188 1083.641 17.617
1518.188 1083.641 17.617
1518.188 1083.742 17.617
1518.188 1083.746 17.617
1518.188 1083.781 17.617
1518.188 1083.781 17.617
1518.188 1083.781 17.617
1518.188 1083.781 17.617
1518.188 1083.805 17.617
1518.188 1084.668 17.617
1518.188 1084.859 17.617
1518.188 1084.859 17.617
1518.188 1084.910 17.617
1518.188 1084.910 17.617
1518.188 1084.910 17.617
1518.188 1084.910 17.617
1518.188 1084.910 17.617
1518.188 1084.910 17.617
1518.188 1084.926 17.617
1518.188 1084.984 17.617
1518.188 1085.023 17.617
1518.188 1085.129 17.617
1518.188 1085.156 17.617
1518.188 1085.160 17.617
1518.188 1085.160 17.617
1518.188 1086.023 17.617
1518.188 1086.180 17.617
1518.188 1086.250 17.617
1518.188 1086.277 17.617
1518.188 1086.293 17.617
1518.188 1086.402 17.617
1518.188 1086.402 17.617
1518.188 1086.582 17.617
1518.188 1086.629 17.617
1518.188 1086.707 17.617
1518.188 1086.863 17.617
1518.188 1086.953 17.617
1518.188 1087.023 17.617
1518.188 1087.027 17.621
1518.188 1087.027 17.621
1518.188 1087.145 17.621
1518.188 1087.957 17.625
1518.188 1087.980 17.629
1518.188 1088.004 17.629
1518.188 1088.027 17.629
1518.188 1088.027 17.629
1518.188 1088.047 17.629
1518.188 1088.191 17.629
1518.188 1088.191 17.629
1518.188 1088.219 17.629
1518.188 1088.219 17.629
1518.188 1088.223 17.629
1518.188 1088.223 17.629
1518.188 1088.223 17.629
1518.188 1088.328 17.629
1518.188 1088.328 17.629
1518.188 1088.445 17.629
1518.188 1088.699 17.629
1518.188 1088.797 17.629
1518.188 1088.797 17.629
1518.188 1088.922 17.629
1518.188 1088.922 17.629
1518.188 1088.922 17.629
1518.188 1088.922 17.629
1518.188 1088.961 17.629
1518.188 1088.965 17.629
1518.188 1088.969 17.633
1518.188 1088.973 17.633
1518.188 1088.973 17.633
1518.188 1088.973 17.633
1518.188 1089.070 17.633
1518.188 1089.070 17.633
1518.188 1089.223 17.633
1518.188 1089.469 17.633
1518.188 1089.480 17.633
1518.188 1089.508 17.633
1518.188 1089.508 17.633
1518.188 1089.508 17.633
1518.188 1089.508 17.633
1518.188 1089.559 17.633
1518.188 1089.559 17.633
1518.188 1089.672 17.633
1518.188 1089.672 17.633
1518.188 1089.691 17.633
1518.188 1089.738 17.637
1518.188 1089.746 17.637
1518.188 1089.746 17.637
1518.188 1089.746 17.637
1518.188 1089.945 17.637
1518.188 1090.031 17.664
1518.188 1090.031 17.664
1518.188 1090.031 17.664
1518.188 1090.062 17.664
1518.188 1090.082 17.664
1518.188 1090.148 17.664
1518.188 1090.148 17.664
1518.188 1090.148 17.664
1518.188 1090.156 17.664
1518.188 1090.164 17.664
1518.188 1090.188 17.664
1518.188 1090.215 17.664
1518.188 1090.215 17.664
1518.188 1090.340 17.664
1518.188 1090.426 17.664
1518.188 1090.652 17.664
1518.188 1090.762 17.668
1518.188 1090.891 17.668
1518.188 1090.891 17.668
1518.188 1090.898 17.668
1518.188 1090.898 17.668
1518.188 1090.926 17.668
1518.188 1090.926 17.668
1518.188 1090.926 17.668
1518.188 1090.926 17.668
1518.188 1090.934 17.668
1518.188 1090.941 17.668
1518.188 1090.941 17.668
1518.188 1091.008 17.668
1518.188 1091.035 17.668
1518.188 1091.086 17.668
1518.188 1091.215 17.668
1518.188 1091.219 17.668
1518.188 1091.270 17.668
1518.188 1091.270 17.668
1518.188 1091.270 17.668
1518.188 1091.270 17.668
1518.188 1091.270 17.668
1518.188 1091.426 17.668
1518.188 1091.426 17.668
1518.188 1091.430 17.672
1518.188 1091.430 17.672
1518.188 1091.461 17.672
1518.188 1091.461 17.672
1518.188 1091.473 17.672
1518.188 1091.473 17.672
1518.188 1091.473 17.672
1518.188 1091.605 17.672
1518.188 1091.613 17.672
1518.188 1091.746 17.672
1518.188 1091.746 17.672
1518.188 1091.746 17.672
1518.188 1091.777 17.672
1518.188 1091.777 17.672
1518.188 1091.777 17.672
1518.188 1091.777 17.672
1518.188 1091.793 17.672
1518.188 1091.793 17.672
1518.188 1091.793 17.672
1518.188 1091.793 17.672
1518.188 1091.793 17.672
1518.188 1091.793 17.672
1518.188 1091.793 17.672
1518.188 1091.793 17.672
1518.188 1091.953 17.672
1518.188 1092.031 17.672
1518.188 1092.031 17.672
1518.188 1092.031 17.672
1518.188 1092.031 17.672
1518.188 1092.031 17.672
1518.188 1092.090 17.672
1518.188 1092.098 17.672
1518.188 1092.098 17.672
1518.188 1092.098 17.672
1518.188 1092.125 17.672
1518.188 1092.238 17.672
1518.188 1092.242 17.672
1518.188 1092.242 17.672
1518.188 1092.242 17.672
1518.188 1092.254 17.672
1518.188 1092.547 17.672
1518.188 1092.770 17.672
1518.188 1092.770 17.672
1518.188 1092.789 17.672
1518.188 1092.789 17.672
1518.188 1092.789 17.672
1518.188 1092.789 17.672
1518.188 1092.789 17.672
1518.188 1092.789 17.672
1518.188 1093.137 17.672
1518.188 1093.148 17.672
1518.188 1093.184 17.672
1518.188 1093.184 17.672
1518.188 1093.184 17.672
1518.188 1093.184 17.672
1518.188 1093.203 17.672
1518.188 1093.203 17.672
1518.188 1093.430 17.672
1518.188 1093.430 17.672
1518.188 1093.500 17.672
1518.188 1093.500 17.672
1518.188 1093.500 17.672
1518.188 1093.500 17.672
1518.188 1093.504 17.672
1518.188 1093.504 17.672
1518.188 1093.586 17.672
1518.188 1093.668 17.672
1518.188 1093.668 17.672
1518.188 1093.672 17.672
1518.188 1093.672 17.672
1518.188 1093.680 17.672
1518.188 1093.680 17.672
1518.188 1093.680 17.672
1518.188 1093.809 17.676
1518.188 1093.816 17.676
1518.188 1093.816 17.676
1518.188 1093.816 17.676
1518.188 1093.824 17.676
1518.188 1093.832 17.676
1518.188 1093.930 17.676
1518.188 1093.930 17.676
1518.188 1093.961 17.676
1518.188 1093.984 17.676
1518.188 1094.074 17.676
1518.188 1094.238 17.676
1518.188 1094.262 17.676
1518.188 1094.262 17.676
1518.188 1094.355 17.676
1518.188 1094.547 17.676
1518.188 1094.594 17.676
1518.188 1094.609 17.680
1518.188 1094.609 17.680
1518.188 1094.621 17.680
1518.188 1094.621 17.680
1518.188 1094.730 17.680
1518.188 1094.730 17.680
1518.188 1094.844 17.680
1518.188 1094.844 17.680
1518.188 1094.844 17.680
1518.188 1094.863 17.680
1518.188 1094.902 17.680
1518.188 1094.902 17.680
1518.188 1094.902 17.680
1518.188 1094.914 17.680
1518.188 1094.926 17.680
1518.188 1094.926 17.680
1518.188 1094.926 17.680
1518.188 1094.926 17.680
1518.188 1094.926 17.680
1518.188 1094.980 17.680
1518.188 1094.980 17.680
1518.188 1094.980 17.680
1518.188 1095.020 17.680
1518.188 1095.020 17.680
1518.188 1095.020 17.680
1518.188 1095.059 17.680
1518.188 1095.059 17.680
1518.188 1095.102 17.680
1518.188 1095.129 17.680
1518.188 1095.129 17.680
1518.188 1095.215 17.680
1518.188 1095.215 17.680
1518.188 1095.215 17.680
1518.188 1095.215 17.680
1518.188 1095.215 17.680
1518.188 1095.266 17.680
1518.188 1095.266 17.680
1518.188 1095.266 17.680
1518.188 1095.301 17.680
1518.188 1095.301 17.680
1518.188 1095.363 17.680
1518.188 1095.363 17.680
1518.188 1095.422 17.680
1518.188 1095.422 17.680
1518.188 1095.422 17.680
1518.188 1095.445 17.680
1518.188 1095.445 17.680
1518.188 1095.445 17.680
1518.188 1095.480 17.680
1518.188 1095.480 17.680
1518.188 1095.480 17.680
1518.188 1095.523 17.680
1518.188 1095.605 17.680
1518.188 1095.641 17.680
1518.188 1095.641 17.680
1518.188 1095.652 17.680
1518.188 1095.652 17.680
1518.188 1095.672 17.680
1518.188 1095.672 17.680
1518.188 1095.672 17.680
1518.188 1095.707 17.680
1518.188 1095.707 17.680
1518.188 1095.707 17.680
1518.188 1095.707 17.680
1518.188 1095.707 17.680
1518.188 1095.715 17.680
1518.188 1095.766 17.680
1518.188 1095.766 17.680
1518.188 1095.777 17.680
1518.188 1095.805 17.680
1518.188 1095.805 17.680
1518.188 1095.910 17.680
1518.188 1095.926 17.680
1518.188 1096.016 17.680
1518.188 1096.016 17.680
1518.188 1096.059 17.680
1518.188 1096.059 17.680
1518.188 1096.059 17.680
1518.188 1096.070 17.680
1518.188 1096.133 17.680
1518.188 1096.145 17.680
1518.188 1096.145 17.680
1518.188 1096.145 17.680
1518.188 1096.145 17.680
1518.188 1096.145 17.680
1518.188 1096.145 17.680
1518.188 1096.379 17.680
1518.188 1096.379 17.680
1518.188 1096.379 17.680
1518.188 1096.441 17.680
1518.188 1096.441 17.680
1518.188 1096.477 17.680
1518.188 1096.477 17.680
1518.188 1096.516 17.680
1518.188 1096.516 17.680
1518.188 1096.535 17.680
1518.188 1096.535 17.680
1518.188 1096.562 17.680
1518.188 1096.562 17.680
1518.188 1096.562 17.680
1518.188 1096.562 17.680
1518.188 1096.578 17.680
1518.188 1096.605 17.680
1518.188 1096.605 17.680
1518.188 1096.699 17.680
1518.188 1096.699 17.680
1518.188 1096.730 17.680
1518.188 1096.730 17.680
1518.188 1096.785 17.680
1518.188 1096.785 17.680
1518.188 1096.828 17.680
1518.188 1096.828 17.680
1518.188 1096.840 17.680
1518.188 1096.840 17.680
1518.188 1096.871 17.680
1518.188 1096.871 17.680
1518.188 1097.016 17.680
1518.188 1097.121 17.680
1518.188 1097.121 17.680
1518.188 1097.223 17.680
1518.188 1097.234 17.680
1518.188 1097.238 17.680
1518.188 1097.238 17.680
1518.188 1097.328 17.680
1518.188 1097.332 17.680
1518.188 1097.336 17.680
1518.188 1097.336 17.680
1518.188 1097.441 17.680
1518.188 1097.453 17.680
1518.188 1097.453 17.680
1518.188 1097.453 17.680
1518.188 1097.453 17.680
1518.188 1097.480 17.680
1518.188 1097.535 17.680
1518.188 1097.543 17.680
1518.188 1097.543 17.680
1518.188 1097.594 17.680
1518.188 1097.617 17.680
1518.188 1097.617 17.680
1518.188 1097.711 17.680
1518.188 1097.758 17.680
1518.188 1097.758 17.680
1518.188 1097.758 17.680
1518.188 1097.785 17.680
1518.188 1097.785 17.680
1518.188 1097.785 17.680
1518.188 1097.785 17.680
1518.188 1097.785 17.680
1518.188 1097.785 17.680
1518.188 1097.793 17.680
1518.188 1097.828 17.680
1518.188 1097.859 17.680
1518.188 1097.898 17.680
1518.188 1097.898 17.680
1518.188 1097.898 17.680
1518.188 1097.898 17.680
1518.188 1097.898 17.680
1518.188 1097.898 17.680
1518.188 1097.898 17.680
1518.188 1097.898 17.680
1518.188 1097.898 17.680
1518.188 1097.957 17.680
1518.188 1097.957 17.680
1518.188 1097.957 17.680
1518.188 1097.965 17.680
1518.188 1097.965 17.680
1518.188 1097.965 17.680
1518.188 1097.965 17.680
1518.188 1098.043 17.680
1518.188 1098.043 17.680
1518.188 1098.086 17.680
1518.188 1098.086 17.680
1518.188 1098.086 17.680
1518.188 1098.086 17.680
1518.188 1098.203 17.680
1518.188 1098.258 17.680
1518.188 1098.258 17.680
1518.188 1098.258 17.680
1518.188 1098.258 17.680
1518.188 1098.258 17.680
1518.188 1098.258 17.680
1518.188 1098.258 17.680
1518.188 1098.258 17.680
1518.188 1098.266 17.680
1518.188 1098.273 17.680
1518.188 1098.273 17.680
1518.188 1098.363 17.680
1518.188 1098.363 17.680
1518.188 1098.363 17.680
1518.188 1098.363 17.680
1518.188 1098.375 17.680
1518.188 1098.383 17.680
1518.188 1098.383 17.680
1518.188 1098.410 17.680
1518.188 1098.496 17.680
1518.188 1098.496 17.680
1518.188 1098.496 17.680
1518.188 1098.496 17.680
1518.188 1098.496 17.680
1518.188 1098.531 17.680
1518.188 1098.672 17.680
1518.188 1098.672 17.680
1518.188 1098.672 17.680
1518.188 1098.723 17.680
1518.188 1098.723 17.680
1518.188 1098.723 17.680
1518.188 1098.730 17.680
1518.188 1098.730 17.680
1518.188 1098.738 17.680
1518.188 1098.762 17.680
1518.188 1098.762 17.680
1518.188 1098.762 17.680
1518.188 1098.770 17.680
1518.188 1098.770 17.680
1518.188 1098.770 17.680
1518.188 1098.770 17.680
1518.188 1098.883 17.680
1518.188 1098.883 17.680
1518.188 1098.914 17.680
1518.188 1098.914 17.680
1518.188 1098.914 17.680
1518.188 1098.914 17.680
1518.188 1098.914 17.680
1518.188 1099.012 17.680
1518.188 1099.086 17.680
1518.188 1099.121 17.680
1518.188 1099.121 17.680
1518.188 1099.121 17.680
1518.188 1099.121 17.680
1518.188 1099.121 17.680
1518.188 1099.121 17.680
1518.188 1099.121 17.680
1518.188 1099.164 17.680
1518.188 1099.164 17.680
1518.188 1099.164 17.680
1518.188 1099.164 17.680
1518.188 1099.164 17.680
1518.188 1099.188 17.680
1518.188 1099.188 17.680
1518.188 1099.188 17.680
1518.188 1099.223 17.680
1518.188 1099.223 17.680
1518.188 1099.223 17.680
1518.188 1099.223 17.680
1518.188 1099.223 17.680
1518.188 1099.250 17.680
1518.188 1099.250 17.680
1518.188 1099.250 17.680
1518.188 1099.250 17.680
1518.188 1099.250 17.680
1518.188 1099.250 17.680
1518.188 1099.281 17.680
1518.188 1099.281 17.680
1518.188 1099.281 17.680
