941.895 656.789 17.566
941.895 660.062 17.637
941.895 661.676 17.641
941.895 663.379 17.680
941.895 664.109 17.688
941.895 665.223 17.691
941.895 666.469 17.695
941.895 667.348 17.699
941.895 667.445 17.703
941.895 667.766 17.703
941.895 668.281 17.703
941.895 668.383 17.703
941.895 668.703 17.703
941.895 669.180 17.707
941.895 669.383 17.707
941.895 669.910 17.715
941.895 669.910 17.715
941.895 669.910 17.715
941.895 670.465 17.715
941.895 670.570 17.719
941.895 670.812 17.719
941.895 671.391 17.723
941.895 671.543 17.723
941.895 671.684 17.723
941.895 671.898 17.723
941.895 671.996 17.727
941.895 672.000 17.727
941.895 672.125 17.816
941.895 672.227 17.816
941.895 672.484 17.816
941.895 672.582 17.816
941.895 672.719 17.816
941.895 672.805 17.816
941.895 672.965 17.816
941.895 672.965 17.816
941.895 673.137 17.816
941.895 673.137 17.816
941.895 673.441 17.816
941.895 673.555 17.820
941.895 673.559 17.820
941.895 673.934 17.820
941.895 673.996 17.820
941.895 674.012 17.820
941.895 674.141 17.820
941.895 674.219 17.820
941.895 674.336 17.832
941.895 674.359 17.832
941.895 674.395 17.832
941.895 674.480 17.832
941.895 674.512 17.832
941.895 674.637 17.832
941.895 674.836 17.832
941.895 674.961 17.832
941.895 674.961 17.832
941.895 674.961 17.832
941.895 674.988 17.832
941.895 675.148 17.832
941.895 675.188 17.832
941.895 675.191 17.836
941.895 675.426 17.855
941.895 675.426 17.855
941.895 675.426 17.855
941.895 675.793 17.855
941.895 675.812 17.855
941.895 676.051 17.855
941.895 676.051 17.855
941.895 676.113 17.855
941.895 676.352 17.855
941.895 676.477 17.855
941.895 676.531 17.855
941.895 676.543 17.855
941.895 676.574 17.855
941.895 676.641 17.855
941.895 676.648 17.855
941.895 676.758 17.855
941.895 676.758 17.855
941.895 676.840 17.855
941.895 677.004 17.855
941.895 677.008 17.855
941.895 677.020 17.855
941.895 677.066 17.855
941.895 677.211 17.855
941.895 677.320 17.855
941.895 677.414 17.855
941.895 677.430 17.855
941.895 677.430 17.855
941.895 677.430 17.855
941.895 677.504 17.855
941.895 677.758 17.855
941.895 677.801 17.855
941.895 677.867 17.855
941.895 677.867 17.855
941.895 677.891 17.855
941.895 677.934 17.855
941.895 677.934 17.855
941.895 678.016 17.855
941.895 678.129 17.855
941.895 678.129 17.855
941.895 678.328 17.855
941.895 678.336 17.855
941.895 678.355 17.855
941.895 678.445 17.855
941.895 678.445 17.855
941.895 678.457 17.855
941.895 678.484 17.855
941.895 678.484 17.855
941.895 678.582 17.859
941.895 678.582 17.859
941.895 678.605 17.859
941.895 678.715 17.859
941.895 678.734 17.859
941.895 678.734 17.859
941.895 678.785 17.859
941.895 678.867 17.863
941.895 678.883 17.863
941.895 678.953 17.863
941.895 679.105 17.863
941.895 679.105 17.863
941.895 679.137 17.863
941.895 679.137 17.863
941.895 679.164 17.863
941.895 679.164 17.863
941.895 679.164 17.863
941.895 679.340 17.863
941.895 679.508 17.863
941.895 679.508 17.863
941.895 679.508 17.863
941.895 679.508 17.863
941.895 679.668 17.863
941.895 679.668 17.863
941.895 679.668 17.863
941.895 679.738 17.863
941.895 679.770 17.863
941.895 679.770 17.863
941.895 679.770 17.863
941.895 679.871 17.863
941.895 679.914 17.863
941.895 679.938 17.863
941.895 679.938 17.863
941.895 679.941 17.863
941.895 679.941 17.863
941.895 679.941 17.863
941.895 680.059 17.863
941.895 680.059 17.863
941.895 680.059 17.863
941.895 680.109 17.863
941.895 680.125 17.863
941.895 680.125 17.863
941.895 680.125 17.863
941.895 680.125 17.863
941.895 680.180 17.863
941.895 680.188 17.863
941.895 680.238 17.863
941.895 680.305 17.863
941.895 680.309 17.863
941.895 680.316 17.863
941.895 680.316 17.863
941.895 680.328 17.863
941.895 680.328 17.863
941.895 680.332 17.867
941.895 680.336 17.867
941.895 680.461 17.867
941.895 680.461 17.867
941.895 680.492 17.867
941.895 680.492 17.867
941.895 680.547 17.867
941.895 680.566 17.867
941.895 680.594 17.867
941.895 680.641 17.867
941.895 680.688 17.867
941.895 680.688 17.867
941.895 680.688 17.867
941.895 680.688 17.867
941.895 680.723 17.867
941.895 680.723 17.867
941.895 680.738 17.867
941.895 680.750 17.867
941.895 680.906 17.867
941.895 680.922 17.867
941.895 680.922 17.867
941.895 680.922 17.867
941.895 680.945 17.867
941.895 680.949 17.867
941.895 680.949 17.867
941.895 680.949 17.867
941.895 680.965 17.867
941.895 680.965 17.867
941.895 681.031 17.867
941.895 681.031 17.867
941.895 681.031 17.867
941.895 681.090 17.867
941.895 681.090 17.867
941.895 681.090 17.867
941.895 681.094 17.867
941.895 681.094 17.867
941.895 681.133 17.867
941.895 681.133 17.867
941.895 681.145 17.867
941.895 681.211 17.867
941.895 681.215 17.867
941.895 681.215 17.867
941.895 681.215 17.867
941.895 681.297 17.867
941.895 681.301 17.867
941.895 681.301 17.867
941.895 681.301 17.867
941.895 681.383 17.867
941.895 681.383 17.867
941.895 681.434 17.867
941.895 681.434 17.867
941.895 681.488 17.867
941.895 681.488 17.867
941.895 681.488 17.867
941.895 681.488 17.867
941.895 681.539 17.867
941.895 681.598 17.867
941.895 681.598 17.867
941.895 681.598 17.867
941.895 681.684 17.867
941.895 681.684 17.867
941.895 681.684 17.867
941.895 681.684 17.867
941.895 681.859 17.867
941.895 681.859 17.867
941.895 681.867 17.867
941.895 681.867 17.867
941.895 681.969 17.867
941.895 682.000 17.867
941.895 682.000 17.867
941.895 682.000 17.867
941.895 682.000 17.867
941.895 682.008 17.867
941.895 682.008 17.867
941.895 682.008 17.867
941.895 682.008 17.867
941.895 682.055 17.867
941.895 682.055 17.867
941.895 682.062 17.867
941.895 682.062 17.867
941.895 682.105 17.867
941.895 682.117 17.867
941.895 682.117 17.867
941.895 682.164 17.867
941.895 682.176 17.867
941.895 682.176 17.867
941.895 682.176 17.867
941.895 682.195 17.867
941.895 682.207 17.867
941.895 682.207 17.867
941.895 682.242 17.867
941.895 682.344 17.867
941.895 682.344 17.867
941.895 682.355 17.867
941.895 682.383 17.867
941.895 682.391 17.867
941.895 682.430 17.867
941.895 682.438 17.867
