653.746 448.152 16.863
653.746 451.039 17.250
653.746 451.047 17.250
653.746 451.055 17.250
653.746 451.062 17.250
653.746 451.691 17.266
653.746 451.695 17.266
653.746 451.695 17.266
653.746 451.695 17.266
653.746 451.914 17.266
653.746 451.914 17.266
653.746 451.914 17.266
653.746 451.914 17.266
653.746 452.469 17.398
653.746 452.551 17.434
653.746 452.551 17.434
653.746 452.559 17.434
653.746 452.695 17.441
653.746 452.707 17.441
653.746 452.707 17.441
653.746 452.711 17.441
653.746 452.949 17.441
653.746 452.953 17.441
653.746 452.953 17.441
653.746 452.992 17.441
653.746 453.289 17.480
653.746 453.289 17.480
653.746 453.301 17.480
653.746 453.320 17.480
653.746 453.414 17.484
653.746 453.414 17.484
653.746 453.414 17.484
653.746 453.430 17.484
653.746 453.543 17.488
653.746 453.543 17.488
653.746 453.555 17.488
653.746 453.555 17.488
653.746 454.105 17.590
653.746 454.117 17.590
653.746 454.117 17.590
653.746 454.219 17.590
653.746 454.344 17.594
653.746 454.344 17.594
653.746 454.344 17.594
653.746 454.344 17.594
653.746 454.465 17.594
653.746 454.465 17.594
653.746 454.465 17.594
653.746 454.465 17.594
653.746 454.551 17.594
653.746 454.551 17.594
653.746 454.551 17.594
653.746 454.656 17.594
653.746 454.906 17.594
653.746 454.910 17.594
653.746 454.910 17.594
653.746 454.957 17.613
653.746 455.074 17.613
653.746 455.074 17.613
653.746 455.074 17.613
653.746 455.074 17.613
653.746 455.254 17.613
653.746 455.258 17.613
653.746 455.258 17.613
653.746 455.270 17.613
653.746 455.297 17.613
653.746 455.441 17.617
653.746 455.441 17.617
653.746 455.449 17.617
653.746 455.504 17.617
653.746 455.504 17.617
653.746 455.504 17.617
653.746 455.504 17.617
653.746 455.578 17.617
653.746 455.609 17.617
653.746 455.738 17.621
653.746 455.758 17.621
653.746 455.773 17.621
653.746 455.773 17.621
653.746 455.906 17.625
653.746 455.906 17.625
653.746 455.938 17.625
653.746 455.938 17.625
653.746 455.938 17.625
653.746 456.180 17.637
653.746 456.238 17.637
653.746 456.238 17.637
653.746 456.238 17.637
653.746 456.262 17.637
653.746 456.336 17.637
653.746 456.336 17.637
653.746 456.391 17.637
653.746 456.426 17.637
653.746 456.496 17.645
653.746 456.496 17.645
653.746 456.496 17.645
653.746 456.496 17.645
653.746 456.559 17.648
653.746 456.559 17.648
653.746 456.562 17.648
653.746 456.566 17.648
653.746 456.582 17.648
653.746 456.582 17.648
653.746 456.613 17.648
653.746 456.613 17.648
653.746 456.641 17.648
653.746 456.695 17.652
653.746 456.695 17.652
653.746 456.695 17.652
653.746 456.742 17.656
653.746 456.742 17.656
653.746 456.762 17.656
653.746 456.785 17.656
653.746 456.785 17.656
653.746 456.785 17.656
653.746 456.840 17.656
653.746 456.844 17.656
653.746 456.844 17.656
653.746 456.844 17.656
653.746 456.844 17.656
653.746 456.949 17.656
653.746 456.961 17.656
653.746 456.961 17.656
653.746 456.973 17.656
653.746 456.973 17.656
653.746 456.988 17.656
653.746 456.988 17.656
653.746 456.988 17.656
653.746 456.992 17.656
