1374.184 951.812 16.820
1374.184 953.664 16.871
1374.184 953.961 16.883
1374.184 954.766 16.883
1374.184 954.965 16.883
1374.184 955.570 16.887
1374.184 955.812 16.898
1374.184 956.215 16.957
1374.184 956.531 16.980
1374.184 956.578 16.980
1374.184 956.578 16.980
1374.184 956.883 16.980
1374.184 956.902 16.980
1374.184 957.102 16.980
1374.184 957.332 16.980
1374.184 957.332 16.980
1374.184 957.332 16.980
1374.184 957.418 16.980
1374.184 957.418 16.980
1374.184 957.672 16.980
1374.184 957.672 16.980
1374.184 957.789 16.992
1374.184 957.789 16.992
1374.184 957.969 16.996
1374.184 957.969 16.996
1374.184 958.246 17.008
1374.184 958.246 17.008
1374.184 958.371 17.012
1374.184 958.641 17.012
1374.184 958.641 17.012
1374.184 958.641 17.012
1374.184 958.906 17.027
1374.184 958.906 17.027
1374.184 959.211 17.027
1374.184 959.211 17.027
1374.184 959.211 17.027
1374.184 959.211 17.027
1374.184 959.211 17.027
1374.184 959.211 17.027
1374.184 959.320 17.027
1374.184 959.320 17.027
1374.184 959.785 17.223
1374.184 959.785 17.223
1374.184 959.785 17.223
1374.184 959.785 17.223
1374.184 959.785 17.223
1374.184 959.785 17.223
1374.184 959.785 17.223
1374.184 959.785 17.223
1374.184 960.309 17.234
1374.184 960.309 17.234
1374.184 960.309 17.234
1374.184 960.531 17.234
1374.184 960.531 17.234
1374.184 960.531 17.234
1374.184 960.531 17.234
1374.184 960.648 17.234
1374.184 960.730 17.234
1374.184 960.730 17.234
1374.184 960.773 17.234
1374.184 960.773 17.234
1374.184 960.832 17.234
1374.184 960.832 17.234
1374.184 960.832 17.234
1374.184 960.832 17.234
1374.184 960.832 17.234
1374.184 960.832 17.234
1374.184 960.832 17.234
1374.184 960.934 17.234
1374.184 961.172 17.234
1374.184 961.172 17.234
1374.184 961.273 17.234
1374.184 961.273 17.234
1374.184 961.543 17.234
1374.184 961.711 17.234
1374.184 961.711 17.234
1374.184 961.711 17.234
1374.184 961.711 17.234
1374.184 961.859 17.234
1374.184 961.859 17.234
1374.184 961.859 17.234
1374.184 961.859 17.234
1374.184 962.551 17.246
1374.184 962.566 17.246
1374.184 962.566 17.246
1374.184 962.820 17.254
1374.184 962.820 17.254
1374.184 962.836 17.254
1374.184 962.836 17.254
1374.184 963.242 17.387
1374.184 963.316 17.387
1374.184 963.316 17.387
1374.184 963.328 17.387
1374.184 963.340 17.387
1374.184 963.348 17.387
1374.184 963.348 17.387
1374.184 963.375 17.387
1374.184 963.512 17.398
1374.184 963.531 17.398
1374.184 963.578 17.398
1374.184 963.578 17.398
1374.184 963.594 17.398
1374.184 963.598 17.398
1374.184 963.742 17.398
1374.184 963.754 17.398
1374.184 963.762 17.398
1374.184 963.785 17.398
1374.184 963.840 17.398
1374.184 963.852 17.398
1374.184 963.852 17.398
1374.184 963.922 17.398
1374.184 963.992 17.398
1374.184 964.016 17.398
1374.184 964.016 17.398
1374.184 964.023 17.398
1374.184 964.027 17.398
1374.184 964.062 17.398
1374.184 964.078 17.398
1374.184 964.098 17.398
1374.184 964.145 17.398
1374.184 964.195 17.398
1374.184 964.234 17.398
1374.184 964.234 17.398
1374.184 964.234 17.398
1374.184 964.238 17.398
1374.184 964.258 17.398
1374.184 964.262 17.398
1374.184 964.262 17.398
1374.184 964.262 17.398
1374.184 964.266 17.398
1374.184 964.312 17.398
1374.184 964.324 17.398
1374.184 964.352 17.398
1374.184 964.352 17.398
1374.184 964.352 17.398
1374.184 964.547 17.398
1374.184 964.547 17.398
1374.184 964.559 17.398
1374.184 964.570 17.398
1374.184 964.602 17.398
1374.184 964.613 17.398
1374.184 964.613 17.398
1374.184 964.613 17.398
1374.184 964.613 17.398
1374.184 964.617 17.398
1374.184 964.621 17.398
1374.184 964.633 17.398
1374.184 964.672 17.398
1374.184 964.672 17.398
1374.184 964.672 17.398
1374.184 964.684 17.398
1374.184 964.684 17.398
1374.184 964.684 17.398
1374.184 964.711 17.398
1374.184 964.754 17.398
1374.184 964.754 17.398
1374.184 964.754 17.398
1374.184 964.754 17.398
1374.184 964.754 17.398
1374.184 964.781 17.398
1374.184 964.789 17.398
1374.184 964.789 17.398
1374.184 964.789 17.398
1374.184 964.789 17.398
1374.184 964.812 17.398
1374.184 964.812 17.398
1374.184 964.812 17.398
1374.184 964.812 17.398
1374.184 964.828 17.398
1374.184 964.844 17.398
1374.184 964.844 17.398
1374.184 964.844 17.398
1374.184 964.855 17.398
1374.184 964.910 17.406
1374.184 964.926 17.406
1374.184 964.926 17.406
1374.184 964.941 17.406
1374.184 964.941 17.406
1374.184 964.941 17.406
1374.184 964.945 17.406
1374.184 964.945 17.406
1374.184 964.949 17.406
1374.184 964.961 17.406
1374.184 964.961 17.406
1374.184 964.992 17.406
1374.184 965.000 17.406
1374.184 965.004 17.406
1374.184 965.016 17.406
1374.184 965.078 17.406
1374.184 965.078 17.406
1374.184 965.078 17.406
1374.184 965.090 17.406
1374.184 965.090 17.406
1374.184 965.105 17.410
1374.184 965.105 17.410
1374.184 965.117 17.410
1374.184 965.172 17.410
1374.184 965.184 17.410
1374.184 965.195 17.410
1374.184 965.195 17.410
1374.184 965.199 17.410
1374.184 965.207 17.410
1374.184 965.227 17.410
1374.184 965.242 17.410
1374.184 965.242 17.410
1374.184 965.258 17.410
1374.184 965.273 17.410
1374.184 965.273 17.410
1374.184 965.273 17.410
1374.184 965.273 17.410
1374.184 965.277 17.410
1374.184 965.293 17.410
1374.184 965.340 17.410
1374.184 965.340 17.410
1374.184 965.348 17.410
1374.184 965.363 17.410
1374.184 965.375 17.410
1374.184 965.410 17.410
1374.184 965.410 17.410
1374.184 965.410 17.410
1374.184 965.418 17.410
1374.184 965.426 17.410
1374.184 965.445 17.410
1374.184 965.461 17.410
1374.184 965.496 17.410
1374.184 965.516 17.410
1374.184 965.527 17.410
1374.184 965.527 17.410
1374.184 965.559 17.410
1374.184 965.562 17.410
1374.184 965.562 17.410
1374.184 965.566 17.410
1374.184 965.566 17.410
1374.184 965.586 17.410
1374.184 965.590 17.410
1374.184 965.590 17.410
1374.184 965.590 17.410
1374.184 965.602 17.410
1374.184 965.605 17.410
1374.184 965.672 17.410
1374.184 965.672 17.410
1374.184 965.672 17.410
1374.184 965.684 17.410
1374.184 965.684 17.410
1374.184 965.684 17.410
1374.184 965.684 17.410
1374.184 965.684 17.410
1374.184 965.684 17.410
1374.184 965.684 17.410
1374.184 965.684 17.410
1374.184 965.684 17.410
1374.184 965.684 17.410
1374.184 965.684 17.410
1374.184 965.684 17.410
1374.184 965.688 17.410
1374.184 965.707 17.410
1374.184 965.707 17.410
1374.184 965.719 17.410
1374.184 965.719 17.410
1374.184 965.719 17.410
1374.184 965.738 17.410
1374.184 965.738 17.410
1374.184 965.758 17.410
1374.184 965.762 17.410
1374.184 965.766 17.410
1374.184 965.766 17.410
1374.184 965.793 17.410
1374.184 965.824 17.410
1374.184 965.828 17.410
1374.184 965.828 17.410
1374.184 965.832 17.410
1374.184 965.840 17.410
1374.184 965.852 17.414
1374.184 965.852 17.414
1374.184 965.891 17.414
1374.184 965.891 17.414
1374.184 965.891 17.414
1374.184 965.902 17.414
1374.184 965.914 17.414
1374.184 965.914 17.414
1374.184 965.914 17.414
1374.184 965.922 17.414
1374.184 965.926 17.418
1374.184 965.926 17.418
1374.184 965.930 17.418
1374.184 965.938 17.418
1374.184 965.949 17.418
1374.184 965.965 17.418
1374.184 965.969 17.418
1374.184 965.984 17.418
1374.184 965.984 17.418
1374.184 965.984 17.418
1374.184 965.984 17.418
1374.184 965.984 17.418
1374.184 966.004 17.418
1374.184 966.016 17.418
1374.184 966.016 17.418
1374.184 966.016 17.418
1374.184 966.031 17.418
1374.184 966.031 17.418
1374.184 966.031 17.418
1374.184 966.066 17.418
1374.184 966.082 17.418
1374.184 966.086 17.418
1374.184 966.094 17.418
1374.184 966.094 17.418
1374.184 966.094 17.418
1374.184 966.148 17.438
1374.184 966.164 17.438
1374.184 966.184 17.438
1374.184 966.184 17.438
1374.184 966.184 17.438
1374.184 966.191 17.438
1374.184 966.195 17.438
1374.184 966.211 17.438
1374.184 966.215 17.438
1374.184 966.215 17.438
1374.184 966.215 17.438
1374.184 966.215 17.438
1374.184 966.246 17.438
1374.184 966.246 17.438
1374.184 966.262 17.438
1374.184 966.289 17.438
1374.184 966.289 17.438
1374.184 966.352 17.441
1374.184 966.355 17.441
1374.184 966.355 17.441
1374.184 966.375 17.441
1374.184 966.398 17.445
1374.184 966.398 17.445
1374.184 966.398 17.445
1374.184 966.398 17.445
1374.184 966.398 17.445
1374.184 966.398 17.445
1374.184 966.398 17.445
1374.184 966.398 17.445
1374.184 966.398 17.445
1374.184 966.410 17.445
1374.184 966.414 17.445
1374.184 966.441 17.445
1374.184 966.441 17.445
1374.184 966.453 17.445
1374.184 966.512 17.445
1374.184 966.512 17.445
1374.184 966.531 17.445
1374.184 966.531 17.445
1374.184 966.531 17.445
1374.184 966.531 17.445
1374.184 966.531 17.445
1374.184 966.539 17.445
1374.184 966.539 17.445
1374.184 966.551 17.445
1374.184 966.559 17.445
1374.184 966.559 17.445
1374.184 966.559 17.445
1374.184 966.570 17.445
1374.184 966.586 17.445
1374.184 966.586 17.445
1374.184 966.586 17.445
1374.184 966.586 17.445
1374.184 966.598 17.445
1374.184 966.637 17.445
1374.184 966.637 17.445
1374.184 966.637 17.445
1374.184 966.637 17.445
1374.184 966.668 17.445
1374.184 966.672 17.445
1374.184 966.684 17.445
1374.184 966.688 17.445
1374.184 966.695 17.445
1374.184 966.727 17.445
1374.184 966.727 17.445
1374.184 966.742 17.445
1374.184 966.742 17.445
1374.184 966.742 17.445
1374.184 966.758 17.445
1374.184 966.758 17.445
1374.184 966.758 17.445
1374.184 966.758 17.445
1374.184 966.766 17.445
1374.184 966.770 17.445
1374.184 966.770 17.445
1374.184 966.770 17.445
1374.184 966.770 17.445
1374.184 966.770 17.445
1374.184 966.770 17.445
1374.184 966.770 17.445
1374.184 966.770 17.445
1374.184 966.770 17.445
1374.184 966.770 17.445
1374.184 966.781 17.445
1374.184 966.820 17.445
1374.184 966.820 17.445
1374.184 966.844 17.445
1374.184 966.855 17.445
1374.184 966.855 17.445
1374.184 966.855 17.445
1374.184 966.855 17.445
1374.184 966.883 17.445
1374.184 966.895 17.445
1374.184 966.895 17.445
1374.184 966.910 17.445
1374.184 966.910 17.445
1374.184 966.910 17.445
1374.184 966.910 17.445
1374.184 966.910 17.445
1374.184 966.910 17.445
1374.184 966.910 17.445
1374.184 966.910 17.445
1374.184 966.910 17.445
1374.184 966.910 17.445
1374.184 966.910 17.445
1374.184 966.914 17.445
1374.184 966.945 17.445
1374.184 966.945 17.445
1374.184 966.949 17.445
1374.184 966.980 17.445
1374.184 966.980 17.445
1374.184 966.980 17.445
1374.184 967.160 17.465
1374.184 967.160 17.465
1374.184 967.172 17.465
1374.184 967.172 17.465
1374.184 967.184 17.465
1374.184 967.406 17.469
1374.184 967.406 17.469
1374.184 967.418 17.469
1374.184 967.488 17.469
1374.184 967.496 17.469
1374.184 967.496 17.469
1374.184 967.508 17.469
1374.184 967.508 17.469
1374.184 967.539 17.469
1374.184 967.539 17.469
1374.184 967.539 17.469
1374.184 967.543 17.469
1374.184 967.551 17.469
1374.184 967.566 17.469
1374.184 967.566 17.469
1374.184 967.574 17.469
1374.184 967.574 17.469
1374.184 967.594 17.469
1374.184 967.594 17.469
1374.184 967.594 17.469
1374.184 967.605 17.469
1374.184 967.625 17.469
1374.184 967.625 17.469
1374.184 967.625 17.469
1374.184 967.645 17.469
