1518.188 1067.766 17.539
1518.188 1113.426 17.723
1518.188 1113.449 17.723
1518.188 1113.457 17.723
1518.188 1113.668 17.723
1518.188 1113.668 17.723
1518.188 1113.668 17.723
1518.188 1113.668 17.723
1518.188 1113.691 17.723
1518.188 1113.695 17.723
1518.188 1113.770 17.723
1518.188 1113.770 17.723
1518.188 1113.770 17.723
1518.188 1113.770 17.723
1518.188 1113.980 17.723
1518.188 1114.047 17.723
1518.188 1114.172 17.723
1518.188 1117.980 17.734
1518.188 1118.602 17.734
1518.188 1118.602 17.734
1518.188 1118.602 17.734
1518.188 1118.605 17.734
1518.188 1118.668 17.734
1518.188 1118.789 17.734
1518.188 1118.793 17.734
1518.188 1118.797 17.734
1518.188 1118.797 17.734
1518.188 1118.797 17.734
1518.188 1118.797 17.734
1518.188 1118.797 17.734
1518.188 1119.004 17.734
1518.188 1119.055 17.734
1518.188 1119.137 17.734
1518.188 1121.199 17.852
1518.188 1121.605 17.855
1518.188 1121.832 17.855
1518.188 1121.832 17.855
1518.188 1121.832 17.855
1518.188 1121.863 17.855
1518.188 1121.863 17.855
1518.188 1121.879 17.855
1518.188 1121.949 17.855
1518.188 1121.965 17.855
1518.188 1121.988 17.855
1518.188 1121.988 17.855
1518.188 1122.047 17.855
1518.188 1122.047 17.855
1518.188 1122.051 17.855
1518.188 1122.180 17.855
1518.188 1123.754 17.855
1518.188 1123.961 17.855
1518.188 1123.961 17.855
1518.188 1123.961 17.855
1518.188 1124.035 17.855
1518.188 1124.207 17.855
1518.188 1124.211 17.855
1518.188 1124.211 17.855
1518.188 1124.211 17.855
1518.188 1124.258 17.855
1518.188 1124.258 17.855
1518.188 1124.258 17.855
1518.188 1124.328 17.855
1518.188 1124.422 17.855
1518.188 1124.555 17.855
1518.188 1124.555 17.855
1518.188 1125.500 17.863
1518.188 1125.547 17.863
1518.188 1125.547 17.863
1518.188 1125.547 17.863
1518.188 1125.547 17.863
1518.188 1125.547 17.863
1518.188 1125.609 17.863
1518.188 1125.617 17.863
1518.188 1125.617 17.863
1518.188 1125.617 17.863
1518.188 1125.617 17.863
1518.188 1125.617 17.863
1518.188 1125.633 17.863
1518.188 1125.812 17.863
1518.188 1125.812 17.863
1518.188 1125.828 17.863
1518.188 1126.566 17.867
1518.188 1126.570 17.867
1518.188 1126.617 17.867
1518.188 1126.660 17.867
1518.188 1126.660 17.867
1518.188 1126.742 17.867
1518.188 1126.742 17.867
1518.188 1126.742 17.867
1518.188 1126.773 17.867
1518.188 1126.773 17.867
1518.188 1126.820 17.867
1518.188 1126.820 17.867
1518.188 1126.867 17.867
1518.188 1126.867 17.867
1518.188 1126.922 17.867
1518.188 1126.992 17.867
1518.188 1128.043 17.867
1518.188 1128.043 17.867
1518.188 1128.129 17.867
1518.188 1128.129 17.867
1518.188 1128.129 17.867
1518.188 1128.203 17.867
1518.188 1128.203 17.867
1518.188 1128.203 17.867
1518.188 1128.254 17.867
1518.188 1128.254 17.867
1518.188 1128.254 17.867
1518.188 1128.258 17.867
1518.188 1128.258 17.867
1518.188 1128.258 17.867
1518.188 1128.422 17.867
1518.188 1128.422 17.867
1518.188 1129.438 17.867
1518.188 1129.656 17.867
1518.188 1129.719 17.867
1518.188 1129.750 17.867
1518.188 1129.789 17.867
1518.188 1129.906 17.867
1518.188 1129.906 17.867
1518.188 1129.906 17.867
1518.188 1129.906 17.867
1518.188 1130.000 17.867
1518.188 1130.000 17.867
1518.188 1130.023 17.867
1518.188 1130.023 17.867
1518.188 1130.031 17.867
1518.188 1130.277 17.867
1518.188 1130.277 17.867
1518.188 1130.785 17.867
1518.188 1130.785 17.867
1518.188 1130.797 17.867
1518.188 1130.859 17.867
1518.188 1130.859 17.867
1518.188 1130.934 17.867
1518.188 1130.934 17.867
1518.188 1130.934 17.867
1518.188 1130.934 17.867
1518.188 1130.941 17.867
1518.188 1130.941 17.867
1518.188 1130.988 17.867
1518.188 1130.988 17.867
1518.188 1130.988 17.867
1518.188 1131.117 17.867
1518.188 1131.125 17.867
1518.188 1131.551 17.867
1518.188 1131.566 17.867
1518.188 1131.566 17.867
1518.188 1131.566 17.867
1518.188 1131.582 17.867
1518.188 1131.695 17.867
1518.188 1131.742 17.867
1518.188 1131.742 17.867
1518.188 1131.742 17.867
1518.188 1131.750 17.867
1518.188 1131.750 17.867
1518.188 1131.762 17.867
1518.188 1131.789 17.867
1518.188 1131.855 17.867
1518.188 1131.887 17.867
1518.188 1131.887 17.867
1518.188 1132.316 17.871
1518.188 1132.344 17.871
1518.188 1132.352 17.871
1518.188 1132.352 17.871
1518.188 1132.363 17.871
1518.188 1132.375 17.871
1518.188 1132.422 17.871
1518.188 1132.434 17.871
1518.188 1132.434 17.871
1518.188 1132.469 17.871
1518.188 1132.531 17.871
1518.188 1132.551 17.871
1518.188 1132.551 17.871
1518.188 1132.684 17.871
1518.188 1132.824 17.871
1518.188 1132.824 17.871
1518.188 1133.133 17.871
1518.188 1133.191 17.871
1518.188 1133.195 17.871
1518.188 1133.195 17.871
1518.188 1133.195 17.871
1518.188 1133.195 17.871
1518.188 1133.195 17.871
1518.188 1133.219 17.871
1518.188 1133.234 17.871
1518.188 1133.234 17.871
1518.188 1133.250 17.871
1518.188 1133.254 17.871
1518.188 1133.254 17.871
1518.188 1133.254 17.871
1518.188 1133.340 17.871
1518.188 1133.480 17.871
1518.188 1133.594 17.871
1518.188 1133.664 17.871
1518.188 1133.672 17.871
1518.188 1133.672 17.871
1518.188 1133.672 17.871
1518.188 1133.672 17.871
1518.188 1133.766 17.871
1518.188 1133.766 17.871
1518.188 1133.824 17.871
1518.188 1133.824 17.871
1518.188 1133.887 17.871
1518.188 1133.887 17.871
1518.188 1133.914 17.871
1518.188 1133.953 17.871
1518.188 1134.008 17.871
1518.188 1134.086 17.871
1518.188 1134.180 17.871
1518.188 1134.301 17.871
1518.188 1134.367 17.871
1518.188 1134.438 17.871
1518.188 1134.449 17.871
1518.188 1134.484 17.871
1518.188 1134.539 17.871
1518.188 1134.539 17.871
1518.188 1134.539 17.871
1518.188 1134.594 17.871
1518.188 1134.594 17.871
1518.188 1134.594 17.871
1518.188 1134.625 17.871
1518.188 1134.758 17.871
1518.188 1134.762 17.871
1518.188 1134.859 17.871
1518.188 1135.199 17.871
1518.188 1135.254 17.871
1518.188 1135.254 17.871
1518.188 1135.395 17.871
1518.188 1135.395 17.871
1518.188 1135.395 17.871
1518.188 1135.395 17.871
1518.188 1135.395 17.871
1518.188 1135.426 17.871
1518.188 1135.438 17.871
1518.188 1135.438 17.871
1518.188 1135.488 17.871
1518.188 1135.504 17.871
1518.188 1135.504 17.871
1518.188 1135.504 17.871
1518.188 1135.531 17.871
1518.188 1135.703 17.871
1518.188 1135.742 17.871
1518.188 1135.871 17.871
1518.188 1135.871 17.871
1518.188 1135.871 17.871
1518.188 1135.871 17.871
1518.188 1135.871 17.871
1518.188 1135.875 17.871
1518.188 1135.887 17.871
1518.188 1136.043 17.871
1518.188 1136.055 17.871
1518.188 1136.059 17.871
1518.188 1136.059 17.871
1518.188 1136.059 17.871
1518.188 1136.203 17.871
1518.188 1136.211 17.871
1518.188 1136.277 17.871
1518.188 1136.301 17.871
1518.188 1136.301 17.871
1518.188 1136.320 17.871
1518.188 1136.320 17.871
1518.188 1136.340 17.871
1518.188 1136.359 17.871
1518.188 1136.359 17.871
1518.188 1136.359 17.871
1518.188 1136.469 17.871
1518.188 1136.469 17.871
1518.188 1136.469 17.871
1518.188 1136.504 17.871
1518.188 1136.504 17.871
1518.188 1136.590 17.871
1518.188 1136.641 17.871
1518.188 1136.641 17.871
1518.188 1136.699 17.871
1518.188 1136.707 17.871
1518.188 1136.805 17.871
1518.188 1136.812 17.871
1518.188 1136.812 17.871
1518.188 1136.812 17.871
1518.188 1136.812 17.871
1518.188 1136.902 17.871
1518.188 1136.914 17.871
1518.188 1136.922 17.871
1518.188 1136.969 17.871
1518.188 1136.973 17.871
1518.188 1136.977 17.871
1518.188 1137.047 17.871
1518.188 1137.117 17.871
1518.188 1137.117 17.871
1518.188 1137.117 17.871
1518.188 1137.117 17.871
1518.188 1137.258 17.871
1518.188 1137.281 17.871
1518.188 1137.281 17.871
1518.188 1137.285 17.871
1518.188 1137.316 17.871
1518.188 1137.316 17.871
1518.188 1137.328 17.871
1518.188 1137.387 17.871
1518.188 1137.395 17.871
1518.188 1137.395 17.871
1518.188 1137.398 17.871
1518.188 1137.426 17.871
1518.188 1137.434 17.871
1518.188 1137.438 17.871
1518.188 1137.438 17.871
1518.188 1137.531 17.871
1518.188 1137.867 17.871
1518.188 1137.867 17.871
1518.188 1137.867 17.871
1518.188 1137.867 17.871
1518.188 1137.867 17.871
1518.188 1137.867 17.871
1518.188 1137.934 17.871
1518.188 1137.934 17.871
1518.188 1137.934 17.871
1518.188 1137.934 17.871
1518.188 1137.934 17.871
1518.188 1138.027 17.871
1518.188 1138.059 17.871
1518.188 1138.059 17.871
1518.188 1138.059 17.871
1518.188 1138.121 17.871
1518.188 1138.195 17.871
1518.188 1138.195 17.871
1518.188 1138.195 17.871
1518.188 1138.195 17.871
1518.188 1138.195 17.871
1518.188 1138.195 17.871
1518.188 1138.195 17.871
1518.188 1138.195 17.871
1518.188 1138.195 17.871
1518.188 1138.195 17.871
1518.188 1138.219 17.871
1518.188 1138.219 17.871
1518.188 1138.219 17.871
1518.188 1138.344 17.871
1518.188 1138.375 17.871
1518.188 1138.375 17.871
1518.188 1138.516 17.871
1518.188 1138.523 17.871
1518.188 1138.523 17.871
1518.188 1138.523 17.871
1518.188 1138.523 17.871
1518.188 1138.523 17.871
1518.188 1138.523 17.871
1518.188 1138.719 17.871
1518.188 1138.973 17.871
1518.188 1138.973 17.871
1518.188 1138.973 17.871
1518.188 1138.984 17.871
1518.188 1139.004 17.871
1518.188 1139.004 17.871
1518.188 1139.043 17.871
1518.188 1139.043 17.871
1518.188 1139.137 17.871
1518.188 1139.137 17.871
1518.188 1139.137 17.871
1518.188 1139.137 17.871
1518.188 1139.137 17.871
1518.188 1139.137 17.871
1518.188 1139.145 17.871
1518.188 1139.227 17.871
1518.188 1139.227 17.871
1518.188 1139.227 17.871
1518.188 1139.238 17.871
1518.188 1139.238 17.871
1518.188 1139.410 17.871
1518.188 1139.410 17.871
1518.188 1139.410 17.871
1518.188 1139.410 17.871
1518.188 1139.500 17.871
1518.188 1139.500 17.871
1518.188 1139.500 17.871
1518.188 1139.500 17.871
1518.188 1139.539 17.871
1518.188 1139.539 17.871
1518.188 1139.555 17.871
1518.188 1139.566 17.875
1518.188 1139.566 17.875
1518.188 1139.566 17.875
1518.188 1139.598 17.875
1518.188 1139.598 17.875
1518.188 1139.598 17.875
1518.188 1139.598 17.875
1518.188 1139.629 17.875
1518.188 1139.629 17.875
1518.188 1139.664 17.875
1518.188 1139.664 17.875
1518.188 1139.664 17.875
1518.188 1139.664 17.875
1518.188 1139.664 17.875
1518.188 1139.664 17.875
1518.188 1139.688 17.875
1518.188 1139.688 17.875
1518.188 1139.695 17.875
1518.188 1139.730 17.875
1518.188 1139.805 17.875
1518.188 1139.820 17.875
1518.188 1139.820 17.875
1518.188 1139.820 17.875
1518.188 1139.848 17.875
1518.188 1139.848 17.875
1518.188 1139.926 17.875
1518.188 1139.926 17.875
1518.188 1139.926 17.875
1518.188 1139.953 17.875
1518.188 1139.969 17.875
1518.188 1139.980 17.875
1518.188 1139.980 17.875
1518.188 1140.043 17.875
1518.188 1140.043 17.875
1518.188 1140.043 17.875
1518.188 1140.043 17.875
1518.188 1140.078 17.875
1518.188 1140.176 17.875
1518.188 1140.195 17.875
1518.188 1140.223 17.875
1518.188 1140.223 17.875
1518.188 1140.258 17.875
1518.188 1140.258 17.875
1518.188 1140.258 17.875
1518.188 1140.258 17.875
1518.188 1140.277 17.875
1518.188 1140.277 17.875
1518.188 1140.277 17.875
1518.188 1140.277 17.875
1518.188 1140.277 17.875
1518.188 1140.277 17.875
1518.188 1140.289 17.875
1518.188 1140.398 17.875
1518.188 1140.398 17.875
1518.188 1140.426 17.875
1518.188 1140.453 17.875
1518.188 1140.453 17.875
1518.188 1140.598 17.875
1518.188 1140.801 17.875
1518.188 1140.801 17.875
1518.188 1140.801 17.875
1518.188 1140.801 17.875
1518.188 1140.801 17.875
1518.188 1140.867 17.875
1518.188 1140.883 17.875
1518.188 1140.883 17.875
1518.188 1140.906 17.875
1518.188 1140.984 17.875
1518.188 1140.984 17.875
1518.188 1140.984 17.875
1518.188 1140.996 17.875
1518.188 1141.035 17.875
1518.188 1141.035 17.875
1518.188 1141.074 17.875
1518.188 1141.078 17.875
1518.188 1141.094 17.875
1518.188 1141.094 17.875
1518.188 1141.094 17.875
1518.188 1141.098 17.875
1518.188 1141.145 17.875
1518.188 1141.145 17.875
1518.188 1141.152 17.875
1518.188 1141.184 17.875
1518.188 1141.203 17.875
1518.188 1141.219 17.875
1518.188 1141.219 17.875
1518.188 1141.219 17.875
1518.188 1141.312 17.879
1518.188 1141.316 17.879
1518.188 1141.324 17.879
1518.188 1141.430 17.879
1518.188 1141.430 17.879
1518.188 1141.453 17.879
1518.188 1141.465 17.879
1518.188 1141.465 17.879
1518.188 1141.480 17.879
1518.188 1141.512 17.879
1518.188 1141.512 17.879
1518.188 1141.535 17.879
1518.188 1141.645 17.879
1518.188 1141.645 17.879
1518.188 1141.645 17.879
1518.188 1141.645 17.879
1518.188 1141.680 17.879
1518.188 1141.703 17.879
1518.188 1141.766 17.879
1518.188 1141.840 17.879
1518.188 1141.840 17.879
1518.188 1141.840 17.879
1518.188 1141.840 17.879
1518.188 1141.840 17.879
1518.188 1141.941 17.879
1518.188 1141.961 17.879
1518.188 1141.961 17.879
1518.188 1141.961 17.879
1518.188 1141.977 17.879
1518.188 1142.000 17.879
1518.188 1142.012 17.879
1518.188 1142.020 17.879
1518.188 1142.020 17.879
1518.188 1142.023 17.879
1518.188 1142.027 17.879
1518.188 1142.027 17.879
1518.188 1142.027 17.879
1518.188 1142.027 17.879
1518.188 1142.027 17.879
1518.188 1142.027 17.879
1518.188 1142.043 17.879
1518.188 1142.043 17.879
1518.188 1142.043 17.879
1518.188 1142.043 17.879
1518.188 1142.047 17.879
1518.188 1142.047 17.879
1518.188 1142.047 17.879
