653.746 451.477 17.465
653.746 457.395 17.680
653.746 457.430 17.680
653.746 457.586 17.699
653.746 457.598 17.699
653.746 458.984 17.711
653.746 459.324 17.711
653.746 459.340 17.711
653.746 459.344 17.711
653.746 459.996 17.711
653.746 459.996 17.711
653.746 460.047 17.711
653.746 460.102 17.711
653.746 460.457 17.715
653.746 460.480 17.715
653.746 460.480 17.715
653.746 460.551 17.715
653.746 460.832 17.723
653.746 460.914 17.723
653.746 460.914 17.723
653.746 460.922 17.723
653.746 461.270 17.723
653.746 461.270 17.723
653.746 461.328 17.723
653.746 461.328 17.723
653.746 461.555 17.723
653.746 461.785 17.723
653.746 461.828 17.723
653.746 461.828 17.723
653.746 462.176 17.812
653.746 462.246 17.812
653.746 462.246 17.812
653.746 462.246 17.812
653.746 462.453 17.812
653.746 462.453 17.812
653.746 462.453 17.812
653.746 462.453 17.812
653.746 462.500 17.812
653.746 462.617 17.812
653.746 462.617 17.812
653.746 462.621 17.812
653.746 462.664 17.816
653.746 462.902 17.848
653.746 462.902 17.848
653.746 462.910 17.848
653.746 462.969 17.848
653.746 463.031 17.848
653.746 463.031 17.848
653.746 463.031 17.848
653.746 463.137 17.848
653.746 463.480 17.848
653.746 463.516 17.852
653.746 463.555 17.852
653.746 463.590 17.852
653.746 463.602 17.852
653.746 463.602 17.852
653.746 463.609 17.852
653.746 463.633 17.852
653.746 463.738 17.852
653.746 463.738 17.852
653.746 463.738 17.852
653.746 463.871 17.852
653.746 463.883 17.852
653.746 463.953 17.852
653.746 463.953 17.852
653.746 464.020 17.855
653.746 464.082 17.855
653.746 464.082 17.855
653.746 464.082 17.855
653.746 464.090 17.855
653.746 464.125 17.855
653.746 464.129 17.855
653.746 464.129 17.855
653.746 464.172 17.855
653.746 464.199 17.855
653.746 464.199 17.855
653.746 464.199 17.855
653.746 464.242 17.855
653.746 464.391 17.855
653.746 464.418 17.855
653.746 464.418 17.855
653.746 464.438 17.855
653.746 464.449 17.855
653.746 464.449 17.855
653.746 464.453 17.855
653.746 464.500 17.855
653.746 464.504 17.855
653.746 464.523 17.855
653.746 464.523 17.855
653.746 464.582 17.855
653.746 464.582 17.855
653.746 464.613 17.859
653.746 464.621 17.859
653.746 464.637 17.859
653.746 464.656 17.859
653.746 464.656 17.859
653.746 464.656 17.859
653.746 464.773 17.859
653.746 464.797 17.859
653.746 464.797 17.859
653.746 464.824 17.859
653.746 464.824 17.859
653.746 464.824 17.859
653.746 464.824 17.859
653.746 464.863 17.859
653.746 464.863 17.859
653.746 464.957 17.859
653.746 464.957 17.859
653.746 464.957 17.859
653.746 465.020 17.859
653.746 465.020 17.859
653.746 465.020 17.859
653.746 465.059 17.863
653.746 465.059 17.863
653.746 465.059 17.863
653.746 465.059 17.863
653.746 465.105 17.863
653.746 465.105 17.863
653.746 465.160 17.863
653.746 465.180 17.863
653.746 465.180 17.863
653.746 465.223 17.863
653.746 465.223 17.863
653.746 465.223 17.863
653.746 465.262 17.863
653.746 465.277 17.863
653.746 465.277 17.863
653.746 465.340 17.863
653.746 465.500 17.863
