1518.184 1053.719 16.805
1518.184 1060.477 16.980
1518.184 1060.477 16.980
1518.184 1060.477 16.980
1518.184 1060.477 16.980
1518.184 1060.477 16.980
1518.184 1060.477 16.980
1518.184 1060.477 16.980
1518.184 1060.477 16.980
1518.184 1060.668 16.980
1518.184 1060.742 16.980
1518.184 1060.742 16.980
1518.184 1060.742 16.980
1518.184 1060.742 16.980
1518.184 1060.742 16.980
1518.184 1060.742 16.980
1518.184 1060.742 16.980
1518.184 1063.445 17.207
1518.184 1063.762 17.211
1518.184 1063.762 17.211
1518.184 1063.762 17.211
1518.184 1063.762 17.211
1518.184 1063.762 17.211
1518.184 1063.793 17.211
1518.184 1063.793 17.211
1518.184 1063.793 17.211
1518.184 1063.793 17.211
1518.184 1063.793 17.211
1518.184 1063.793 17.211
1518.184 1063.793 17.211
1518.184 1063.793 17.211
1518.184 1063.871 17.211
1518.184 1063.871 17.211
1518.184 1064.785 17.230
1518.184 1064.785 17.230
1518.184 1064.801 17.230
1518.184 1064.809 17.230
1518.184 1064.809 17.230
1518.184 1064.809 17.230
1518.184 1064.859 17.230
1518.184 1064.883 17.230
1518.184 1064.883 17.230
1518.184 1064.883 17.230
1518.184 1064.895 17.230
1518.184 1064.895 17.230
1518.184 1064.895 17.230
1518.184 1064.895 17.230
1518.184 1064.902 17.230
1518.184 1064.902 17.230
1518.184 1065.312 17.234
1518.184 1065.312 17.234
1518.184 1065.324 17.234
1518.184 1065.324 17.234
1518.184 1065.336 17.234
1518.184 1065.336 17.234
1518.184 1065.336 17.234
1518.184 1065.336 17.234
1518.184 1065.336 17.234
1518.184 1065.340 17.234
1518.184 1065.344 17.234
1518.184 1065.344 17.234
1518.184 1065.348 17.234
1518.184 1065.348 17.234
1518.184 1065.398 17.234
1518.184 1065.398 17.234
1518.184 1065.871 17.254
1518.184 1065.871 17.254
1518.184 1065.875 17.254
1518.184 1065.875 17.254
1518.184 1065.883 17.254
1518.184 1065.883 17.254
1518.184 1065.883 17.254
1518.184 1065.883 17.254
1518.184 1065.883 17.254
1518.184 1065.883 17.254
1518.184 1065.883 17.254
1518.184 1065.883 17.254
1518.184 1065.883 17.254
1518.184 1065.883 17.254
1518.184 1065.895 17.254
1518.184 1065.922 17.254
1518.184 1066.574 17.254
1518.184 1066.574 17.254
1518.184 1066.574 17.254
1518.184 1066.598 17.254
1518.184 1066.598 17.254
1518.184 1066.598 17.254
1518.184 1066.598 17.254
1518.184 1066.598 17.254
1518.184 1066.598 17.254
1518.184 1066.645 17.254
1518.184 1066.656 17.254
1518.184 1066.656 17.254
1518.184 1066.688 17.254
1518.184 1066.688 17.254
1518.184 1066.688 17.254
1518.184 1066.688 17.254
1518.184 1067.031 17.262
1518.184 1067.043 17.262
1518.184 1067.043 17.262
1518.184 1067.043 17.262
1518.184 1067.113 17.262
1518.184 1067.113 17.262
1518.184 1067.113 17.262
1518.184 1067.113 17.262
1518.184 1067.129 17.262
1518.184 1067.129 17.262
1518.184 1067.141 17.262
1518.184 1067.141 17.262
1518.184 1067.148 17.262
1518.184 1067.160 17.262
1518.184 1067.160 17.262
1518.184 1067.176 17.262
1518.184 1067.832 17.398
1518.184 1067.840 17.398
1518.184 1067.863 17.398
1518.184 1067.863 17.398
1518.184 1067.863 17.398
1518.184 1067.863 17.398
1518.184 1067.941 17.398
1518.184 1067.941 17.398
1518.184 1067.969 17.398
1518.184 1067.969 17.398
1518.184 1067.969 17.398
1518.184 1067.969 17.398
1518.184 1067.973 17.398
1518.184 1067.973 17.398
1518.184 1067.973 17.398
1518.184 1067.973 17.398
1518.184 1068.141 17.398
1518.184 1068.168 17.398
1518.184 1068.199 17.398
1518.184 1068.258 17.398
1518.184 1068.258 17.398
1518.184 1068.258 17.398
1518.184 1068.258 17.398
1518.184 1068.258 17.398
1518.184 1068.258 17.398
1518.184 1068.258 17.398
1518.184 1068.258 17.398
1518.184 1068.258 17.398
1518.184 1068.270 17.398
1518.184 1068.270 17.398
1518.184 1068.270 17.398
1518.184 1068.270 17.398
1518.184 1068.387 17.398
1518.184 1068.395 17.398
1518.184 1068.395 17.398
1518.184 1068.395 17.398
1518.184 1068.410 17.398
1518.184 1068.410 17.398
1518.184 1068.410 17.398
1518.184 1068.410 17.398
1518.184 1068.410 17.398
1518.184 1068.410 17.398
1518.184 1068.410 17.398
1518.184 1068.410 17.398
1518.184 1068.414 17.398
1518.184 1068.453 17.398
1518.184 1068.453 17.398
1518.184 1068.453 17.398
1518.184 1068.645 17.402
1518.184 1068.645 17.402
1518.184 1068.684 17.410
1518.184 1068.684 17.410
1518.184 1068.688 17.410
1518.184 1068.688 17.410
1518.184 1068.688 17.410
1518.184 1068.699 17.410
1518.184 1068.699 17.410
1518.184 1068.699 17.410
1518.184 1068.699 17.410
1518.184 1068.699 17.410
1518.184 1068.699 17.410
1518.184 1068.766 17.410
1518.184 1068.766 17.410
1518.184 1068.766 17.410
1518.184 1068.828 17.410
1518.184 1068.828 17.410
1518.184 1068.832 17.410
1518.184 1068.855 17.410
1518.184 1068.855 17.410
1518.184 1068.863 17.410
1518.184 1068.867 17.410
1518.184 1068.867 17.410
1518.184 1068.867 17.410
1518.184 1068.883 17.410
1518.184 1068.887 17.410
1518.184 1068.887 17.410
1518.184 1068.891 17.410
1518.184 1068.891 17.410
1518.184 1068.891 17.410
1518.184 1068.891 17.410
1518.184 1068.984 17.410
1518.184 1068.988 17.410
1518.184 1069.008 17.410
1518.184 1069.008 17.410
1518.184 1069.008 17.410
1518.184 1069.023 17.410
1518.184 1069.023 17.410
1518.184 1069.023 17.410
1518.184 1069.023 17.410
1518.184 1069.035 17.410
1518.184 1069.035 17.410
1518.184 1069.035 17.410
1518.184 1069.035 17.410
1518.184 1069.035 17.410
1518.184 1069.035 17.410
1518.184 1069.035 17.410
1518.184 1069.145 17.410
1518.184 1069.145 17.410
1518.184 1069.145 17.410
1518.184 1069.148 17.410
1518.184 1069.148 17.410
1518.184 1069.148 17.410
1518.184 1069.148 17.410
1518.184 1069.148 17.410
1518.184 1069.180 17.410
1518.184 1069.180 17.410
1518.184 1069.211 17.410
1518.184 1069.211 17.410
1518.184 1069.211 17.410
1518.184 1069.211 17.410
1518.184 1069.211 17.410
1518.184 1069.246 17.410
1518.184 1069.352 17.410
1518.184 1069.352 17.410
1518.184 1069.352 17.410
1518.184 1069.352 17.410
1518.184 1069.363 17.410
1518.184 1069.363 17.410
1518.184 1069.363 17.410
1518.184 1069.363 17.410
1518.184 1069.363 17.410
1518.184 1069.363 17.410
1518.184 1069.371 17.410
1518.184 1069.371 17.410
1518.184 1069.371 17.410
1518.184 1069.371 17.410
1518.184 1069.371 17.410
1518.184 1069.371 17.410
1518.184 1069.438 17.410
1518.184 1069.438 17.410
1518.184 1069.445 17.410
1518.184 1069.445 17.410
1518.184 1069.445 17.410
1518.184 1069.445 17.410
1518.184 1069.445 17.410
1518.184 1069.445 17.410
1518.184 1069.445 17.410
1518.184 1069.445 17.410
1518.184 1069.445 17.410
1518.184 1069.445 17.410
1518.184 1069.469 17.410
1518.184 1069.469 17.410
1518.184 1069.492 17.410
1518.184 1069.539 17.430
1518.184 1069.590 17.430
1518.184 1069.594 17.430
1518.184 1069.594 17.430
1518.184 1069.594 17.430
1518.184 1069.594 17.430
1518.184 1069.594 17.430
1518.184 1069.594 17.430
1518.184 1069.605 17.430
1518.184 1069.605 17.430
1518.184 1069.605 17.430
1518.184 1069.605 17.430
1518.184 1069.605 17.430
1518.184 1069.605 17.430
1518.184 1069.609 17.430
1518.184 1069.613 17.430
1518.184 1069.625 17.434
1518.184 1069.707 17.434
1518.184 1069.707 17.434
1518.184 1069.707 17.434
1518.184 1069.719 17.434
1518.184 1069.719 17.434
1518.184 1069.719 17.434
1518.184 1069.719 17.434
1518.184 1069.719 17.434
1518.184 1069.719 17.434
1518.184 1069.719 17.434
1518.184 1069.719 17.434
1518.184 1069.719 17.434
1518.184 1069.719 17.434
1518.184 1069.719 17.434
1518.184 1069.754 17.434
1518.184 1069.754 17.434
1518.184 1069.805 17.438
1518.184 1069.816 17.438
1518.184 1069.816 17.438
1518.184 1069.852 17.438
1518.184 1069.852 17.438
1518.184 1069.852 17.438
1518.184 1069.879 17.438
1518.184 1069.879 17.438
1518.184 1069.879 17.438
1518.184 1069.879 17.438
1518.184 1069.879 17.438
1518.184 1069.883 17.438
1518.184 1069.883 17.438
1518.184 1069.883 17.438
1518.184 1069.883 17.438
1518.184 1069.883 17.438
1518.184 1069.895 17.438
1518.184 1069.926 17.438
1518.184 1069.926 17.438
1518.184 1069.945 17.438
1518.184 1069.945 17.438
1518.184 1069.945 17.438
1518.184 1069.965 17.438
1518.184 1069.965 17.438
1518.184 1069.977 17.438
1518.184 1069.977 17.438
1518.184 1069.977 17.438
1518.184 1069.984 17.438
1518.184 1069.984 17.438
1518.184 1069.984 17.438
1518.184 1069.984 17.438
1518.184 1070.012 17.438
1518.184 1070.023 17.438
1518.184 1070.023 17.438
1518.184 1070.023 17.438
1518.184 1070.023 17.438
1518.184 1070.023 17.438
1518.184 1070.027 17.438
1518.184 1070.043 17.438
1518.184 1070.047 17.438
1518.184 1070.047 17.438
1518.184 1070.047 17.438
1518.184 1070.062 17.438
1518.184 1070.066 17.438
1518.184 1070.066 17.438
1518.184 1070.066 17.438
1518.184 1070.066 17.438
1518.184 1070.078 17.438
1518.184 1070.086 17.438
1518.184 1070.156 17.438
1518.184 1070.156 17.438
1518.184 1070.156 17.438
1518.184 1070.168 17.438
1518.184 1070.168 17.438
1518.184 1070.191 17.438
1518.184 1070.191 17.438
1518.184 1070.191 17.438
1518.184 1070.191 17.438
1518.184 1070.199 17.438
1518.184 1070.199 17.438
1518.184 1070.199 17.438
1518.184 1070.223 17.438
1518.184 1070.254 17.438
1518.184 1070.266 17.438
1518.184 1070.301 17.438
1518.184 1070.301 17.438
1518.184 1070.301 17.438
1518.184 1070.309 17.438
1518.184 1070.309 17.438
1518.184 1070.332 17.441
1518.184 1070.375 17.441
1518.184 1070.375 17.441
1518.184 1070.387 17.441
1518.184 1070.387 17.441
1518.184 1070.410 17.441
1518.184 1070.414 17.441
1518.184 1070.414 17.441
1518.184 1070.426 17.441
1518.184 1070.426 17.441
1518.184 1070.516 17.445
1518.184 1070.629 17.445
1518.184 1070.680 17.445
1518.184 1070.680 17.445
1518.184 1070.684 17.445
1518.184 1070.688 17.445
1518.184 1070.695 17.445
1518.184 1070.695 17.445
1518.184 1070.695 17.445
1518.184 1070.699 17.445
1518.184 1070.699 17.445
1518.184 1070.711 17.445
1518.184 1070.711 17.445
1518.184 1070.711 17.445
1518.184 1070.711 17.445
1518.184 1070.711 17.445
1518.184 1070.711 17.445
1518.184 1070.738 17.445
1518.184 1070.738 17.445
1518.184 1070.738 17.445
1518.184 1070.750 17.445
1518.184 1070.758 17.445
1518.184 1070.758 17.445
1518.184 1070.758 17.445
1518.184 1070.758 17.445
1518.184 1070.773 17.445
1518.184 1070.773 17.445
1518.184 1070.773 17.445
1518.184 1070.773 17.445
1518.184 1070.805 17.445
1518.184 1070.805 17.445
1518.184 1070.805 17.445
1518.184 1070.812 17.445
1518.184 1070.816 17.445
1518.184 1070.816 17.445
1518.184 1070.824 17.445
1518.184 1070.824 17.445
1518.184 1070.828 17.445
1518.184 1070.828 17.445
1518.184 1070.828 17.445
1518.184 1070.828 17.445
1518.184 1070.910 17.445
1518.184 1070.910 17.445
1518.184 1070.910 17.445
1518.184 1070.910 17.445
1518.184 1070.961 17.445
1518.184 1070.961 17.445
1518.184 1070.961 17.445
1518.184 1070.988 17.445
1518.184 1071.008 17.445
1518.184 1071.008 17.445
1518.184 1071.008 17.445
1518.184 1071.090 17.445
1518.184 1071.090 17.445
1518.184 1071.098 17.445
1518.184 1071.098 17.445
1518.184 1071.098 17.445
1518.184 1071.109 17.445
1518.184 1071.109 17.445
1518.184 1071.109 17.445
1518.184 1071.109 17.445
1518.184 1071.125 17.449
1518.184 1071.125 17.449
1518.184 1071.125 17.449
1518.184 1071.148 17.449
1518.184 1071.512 17.469
1518.184 1071.531 17.469
1518.184 1071.531 17.469
1518.184 1071.539 17.469
1518.184 1071.551 17.469
1518.184 1071.559 17.469
1518.184 1071.559 17.469
1518.184 1071.559 17.469
1518.184 1071.574 17.469
1518.184 1071.578 17.469
1518.184 1071.582 17.469
1518.184 1071.582 17.469
1518.184 1071.582 17.469
1518.184 1071.582 17.469
1518.184 1071.602 17.469
1518.184 1071.602 17.469
1518.184 1071.609 17.469
1518.184 1071.621 17.469
1518.184 1071.621 17.469
1518.184 1071.668 17.469
1518.184 1071.668 17.469
1518.184 1071.695 17.469
1518.184 1071.695 17.469
1518.184 1071.699 17.469
1518.184 1071.715 17.469
1518.184 1071.715 17.469
1518.184 1071.715 17.469
1518.184 1071.715 17.469
1518.184 1071.715 17.469
1518.184 1071.715 17.469
1518.184 1071.715 17.469
1518.184 1071.715 17.469
1518.184 1071.719 17.469
1518.184 1071.723 17.469
1518.184 1071.723 17.469
1518.184 1071.766 17.469
1518.184 1071.766 17.469
1518.184 1071.789 17.469
1518.184 1071.789 17.469
1518.184 1071.789 17.469
1518.184 1071.812 17.469
1518.184 1071.824 17.469
1518.184 1071.824 17.469
1518.184 1071.832 17.469
1518.184 1071.832 17.469
1518.184 1071.832 17.469
1518.184 1071.832 17.469
1518.184 1071.836 17.469
1518.184 1071.836 17.469
1518.184 1071.867 17.469
1518.184 1071.867 17.469
1518.184 1071.875 17.469
1518.184 1071.875 17.469
1518.184 1071.875 17.469
1518.184 1071.875 17.469
1518.184 1071.875 17.469
1518.184 1071.879 17.469
1518.184 1071.887 17.469
1518.184 1071.898 17.469
1518.184 1071.969 17.469
1518.184 1071.973 17.469
1518.184 1071.977 17.469
1518.184 1071.977 17.469
1518.184 1071.977 17.469
1518.184 1071.977 17.469
1518.184 1071.980 17.469
1518.184 1071.980 17.469
1518.184 1072.004 17.469
1518.184 1072.004 17.469
1518.184 1072.004 17.469
1518.184 1072.004 17.469
1518.184 1072.004 17.469
1518.184 1072.008 17.469
1518.184 1072.027 17.469
1518.184 1072.027 17.469
1518.184 1072.027 17.469
1518.184 1072.027 17.469
1518.184 1072.027 17.469
1518.184 1072.027 17.469
1518.184 1072.027 17.469
