1518.188 1057.461 16.938
1518.188 1066.480 17.324
1518.188 1066.527 17.324
1518.188 1066.543 17.324
1518.188 1066.543 17.324
1518.188 1066.543 17.324
1518.188 1066.543 17.324
1518.188 1066.559 17.324
1518.188 1066.559 17.324
1518.188 1066.559 17.324
1518.188 1066.562 17.324
1518.188 1066.562 17.324
1518.188 1066.562 17.324
1518.188 1066.562 17.324
1518.188 1066.562 17.324
1518.188 1066.562 17.324
1518.188 1066.562 17.324
1518.188 1068.738 17.340
1518.188 1068.758 17.340
1518.188 1068.758 17.340
1518.188 1068.762 17.340
1518.188 1068.762 17.340
1518.188 1068.762 17.340
1518.188 1068.766 17.340
1518.188 1068.766 17.340
1518.188 1068.785 17.340
1518.188 1068.785 17.340
1518.188 1068.801 17.340
1518.188 1068.812 17.340
1518.188 1068.812 17.340
1518.188 1068.812 17.340
1518.188 1068.816 17.340
1518.188 1068.816 17.340
1518.188 1070.207 17.395
1518.188 1070.207 17.395
1518.188 1070.211 17.395
1518.188 1070.211 17.395
1518.188 1070.211 17.395
1518.188 1070.211 17.395
1518.188 1070.211 17.395
1518.188 1070.211 17.395
1518.188 1070.211 17.395
1518.188 1070.211 17.395
1518.188 1070.215 17.395
1518.188 1070.227 17.395
1518.188 1070.227 17.395
1518.188 1070.227 17.395
1518.188 1070.227 17.395
1518.188 1070.246 17.395
1518.188 1071.504 17.492
1518.188 1071.508 17.492
1518.188 1071.508 17.492
1518.188 1071.512 17.492
1518.188 1071.512 17.492
1518.188 1071.512 17.492
1518.188 1071.531 17.492
1518.188 1071.543 17.492
1518.188 1071.547 17.492
1518.188 1071.625 17.492
1518.188 1071.953 17.613
1518.188 1071.957 17.613
1518.188 1071.957 17.613
1518.188 1071.957 17.613
1518.188 1071.957 17.613
1518.188 1071.957 17.613
1518.188 1072.895 17.617
1518.188 1072.895 17.617
1518.188 1073.070 17.621
1518.188 1073.086 17.621
1518.188 1073.086 17.621
1518.188 1073.086 17.621
1518.188 1073.160 17.625
1518.188 1073.219 17.625
1518.188 1073.242 17.625
1518.188 1073.250 17.625
1518.188 1073.273 17.625
1518.188 1073.273 17.625
1518.188 1073.273 17.625
1518.188 1073.273 17.625
1518.188 1073.273 17.625
1518.188 1073.273 17.625
1518.188 1074.062 17.645
1518.188 1074.062 17.645
1518.188 1074.082 17.645
1518.188 1074.094 17.645
1518.188 1074.098 17.645
1518.188 1074.098 17.645
1518.188 1074.098 17.645
1518.188 1074.098 17.645
1518.188 1074.098 17.645
1518.188 1074.133 17.645
1518.188 1074.133 17.645
1518.188 1074.133 17.645
1518.188 1074.133 17.645
1518.188 1074.133 17.645
1518.188 1074.141 17.645
1518.188 1074.145 17.645
1518.188 1074.734 17.648
1518.188 1074.734 17.648
1518.188 1074.754 17.648
1518.188 1074.758 17.648
1518.188 1074.758 17.648
1518.188 1074.758 17.648
1518.188 1074.758 17.648
1518.188 1074.762 17.648
1518.188 1074.867 17.652
1518.188 1074.910 17.652
1518.188 1074.910 17.652
1518.188 1074.926 17.652
1518.188 1074.926 17.652
1518.188 1074.926 17.652
1518.188 1074.945 17.656
1518.188 1074.945 17.656
1518.188 1075.344 17.656
1518.188 1075.344 17.656
1518.188 1075.367 17.656
1518.188 1075.383 17.656
1518.188 1075.383 17.656
1518.188 1075.383 17.656
1518.188 1075.383 17.656
1518.188 1075.383 17.656
1518.188 1075.562 17.656
1518.188 1075.562 17.656
1518.188 1075.562 17.656
1518.188 1075.562 17.656
1518.188 1075.562 17.656
1518.188 1075.562 17.656
1518.188 1075.586 17.656
1518.188 1075.586 17.656
1518.188 1076.438 17.660
1518.188 1076.441 17.664
1518.188 1076.496 17.664
1518.188 1076.496 17.664
1518.188 1076.496 17.664
1518.188 1076.496 17.664
1518.188 1076.496 17.664
1518.188 1076.496 17.664
1518.188 1076.508 17.664
1518.188 1076.520 17.664
1518.188 1076.520 17.664
1518.188 1076.520 17.664
1518.188 1076.520 17.664
1518.188 1076.520 17.664
1518.188 1076.527 17.664
1518.188 1076.535 17.664
1518.188 1077.246 17.668
1518.188 1077.246 17.668
1518.188 1077.340 17.668
1518.188 1077.340 17.668
1518.188 1077.340 17.668
1518.188 1077.340 17.668
1518.188 1077.340 17.668
1518.188 1077.344 17.668
1518.188 1077.348 17.668
1518.188 1077.348 17.668
1518.188 1077.348 17.668
1518.188 1077.484 17.672
1518.188 1077.551 17.672
1518.188 1077.551 17.672
1518.188 1077.551 17.672
1518.188 1077.551 17.672
1518.188 1078.113 17.672
1518.188 1078.113 17.672
1518.188 1078.129 17.672
1518.188 1078.141 17.672
1518.188 1078.141 17.672
1518.188 1078.156 17.672
1518.188 1078.156 17.672
1518.188 1078.172 17.672
1518.188 1078.230 17.672
1518.188 1078.230 17.672
1518.188 1078.230 17.672
1518.188 1078.246 17.672
1518.188 1078.414 17.672
1518.188 1078.414 17.672
1518.188 1078.434 17.672
1518.188 1078.438 17.672
1518.188 1079.086 17.672
1518.188 1079.086 17.672
1518.188 1079.188 17.672
1518.188 1079.242 17.672
1518.188 1079.242 17.672
1518.188 1079.254 17.672
1518.188 1079.258 17.672
1518.188 1079.266 17.672
1518.188 1079.273 17.672
1518.188 1079.273 17.672
1518.188 1079.273 17.672
1518.188 1079.277 17.672
1518.188 1079.293 17.672
1518.188 1079.305 17.672
1518.188 1079.305 17.672
1518.188 1079.305 17.672
1518.188 1079.645 17.672
1518.188 1079.711 17.672
1518.188 1079.715 17.672
1518.188 1079.832 17.672
1518.188 1079.832 17.672
1518.188 1079.832 17.672
1518.188 1079.832 17.672
1518.188 1079.832 17.672
1518.188 1079.852 17.672
1518.188 1079.852 17.672
1518.188 1079.852 17.672
1518.188 1079.852 17.672
1518.188 1079.918 17.672
1518.188 1079.977 17.672
1518.188 1079.977 17.672
1518.188 1080.250 17.672
1518.188 1080.527 17.676
1518.188 1080.539 17.676
1518.188 1080.539 17.676
1518.188 1080.539 17.676
1518.188 1080.539 17.676
1518.188 1080.539 17.676
1518.188 1080.539 17.676
1518.188 1080.539 17.676
1518.188 1080.570 17.676
1518.188 1080.570 17.676
1518.188 1080.570 17.676
1518.188 1080.570 17.676
1518.188 1080.602 17.676
1518.188 1080.656 17.676
1518.188 1080.656 17.676
1518.188 1080.656 17.676
1518.188 1080.973 17.676
1518.188 1080.973 17.676
1518.188 1080.973 17.676
1518.188 1080.988 17.676
1518.188 1080.988 17.676
1518.188 1080.988 17.676
1518.188 1080.988 17.676
1518.188 1080.996 17.676
1518.188 1081.133 17.676
1518.188 1081.133 17.676
1518.188 1081.133 17.676
1518.188 1081.137 17.676
1518.188 1081.145 17.676
1518.188 1081.145 17.676
1518.188 1081.199 17.676
1518.188 1081.199 17.676
1518.188 1081.496 17.676
1518.188 1081.496 17.676
1518.188 1081.512 17.676
1518.188 1081.512 17.676
1518.188 1081.516 17.676
1518.188 1081.516 17.676
1518.188 1081.516 17.676
1518.188 1081.516 17.676
1518.188 1081.941 17.676
1518.188 1081.953 17.676
1518.188 1081.953 17.676
1518.188 1081.957 17.676
1518.188 1081.957 17.676
1518.188 1081.961 17.676
1518.188 1081.961 17.676
1518.188 1081.961 17.676
1518.188 1082.238 17.676
1518.188 1082.238 17.676
1518.188 1082.344 17.676
1518.188 1082.359 17.676
1518.188 1082.359 17.676
1518.188 1082.363 17.676
1518.188 1082.363 17.676
1518.188 1082.363 17.676
1518.188 1082.383 17.676
1518.188 1082.383 17.676
1518.188 1082.383 17.676
1518.188 1082.395 17.676
1518.188 1082.395 17.676
1518.188 1082.395 17.676
1518.188 1082.406 17.676
1518.188 1082.406 17.676
1518.188 1082.641 17.676
1518.188 1082.645 17.676
1518.188 1082.656 17.676
1518.188 1082.719 17.676
1518.188 1082.719 17.676
1518.188 1082.719 17.676
1518.188 1082.719 17.676
1518.188 1082.719 17.676
1518.188 1082.730 17.676
1518.188 1082.730 17.676
1518.188 1082.730 17.676
1518.188 1082.742 17.676
1518.188 1082.746 17.676
1518.188 1082.758 17.676
1518.188 1082.758 17.676
1518.188 1082.758 17.676
1518.188 1082.941 17.680
1518.188 1082.973 17.680
1518.188 1082.973 17.680
1518.188 1082.973 17.680
1518.188 1082.973 17.680
1518.188 1082.973 17.680
1518.188 1082.973 17.680
1518.188 1082.980 17.680
1518.188 1082.980 17.680
1518.188 1082.980 17.680
1518.188 1082.984 17.680
1518.188 1083.062 17.680
1518.188 1083.062 17.680
1518.188 1083.074 17.680
1518.188 1083.082 17.680
1518.188 1083.082 17.680
1518.188 1083.434 17.680
1518.188 1083.617 17.680
1518.188 1083.629 17.680
1518.188 1083.629 17.680
1518.188 1083.629 17.680
1518.188 1083.629 17.680
1518.188 1083.637 17.680
1518.188 1083.645 17.680
1518.188 1083.645 17.680
1518.188 1083.676 17.680
1518.188 1083.742 17.680
1518.188 1083.742 17.680
1518.188 1083.742 17.680
1518.188 1083.742 17.680
1518.188 1083.754 17.680
1518.188 1083.754 17.680
1518.188 1084.055 17.680
1518.188 1084.055 17.680
1518.188 1084.055 17.680
1518.188 1084.062 17.680
1518.188 1084.062 17.680
1518.188 1084.062 17.680
1518.188 1084.062 17.680
1518.188 1084.109 17.680
1518.188 1084.109 17.680
1518.188 1084.109 17.680
1518.188 1084.117 17.680
1518.188 1084.117 17.680
1518.188 1084.117 17.680
1518.188 1084.121 17.680
1518.188 1084.121 17.680
1518.188 1084.188 17.680
1518.188 1084.305 17.680
1518.188 1084.305 17.680
1518.188 1084.305 17.680
1518.188 1084.312 17.680
1518.188 1084.312 17.680
1518.188 1084.312 17.680
1518.188 1084.355 17.680
1518.188 1084.355 17.680
1518.188 1084.355 17.680
1518.188 1084.359 17.680
1518.188 1084.359 17.680
1518.188 1084.359 17.680
1518.188 1084.359 17.680
1518.188 1084.359 17.680
1518.188 1084.422 17.680
1518.188 1084.430 17.680
1518.188 1084.480 17.680
1518.188 1084.492 17.680
1518.188 1084.492 17.680
1518.188 1084.570 17.680
1518.188 1084.570 17.680
1518.188 1084.570 17.680
1518.188 1084.586 17.680
1518.188 1084.594 17.680
1518.188 1084.594 17.680
1518.188 1084.594 17.680
1518.188 1084.594 17.680
1518.188 1084.594 17.680
1518.188 1084.598 17.680
1518.188 1084.598 17.680
1518.188 1084.602 17.680
1518.188 1084.602 17.680
1518.188 1084.781 17.680
1518.188 1084.793 17.680
1518.188 1084.867 17.680
1518.188 1084.867 17.680
1518.188 1084.867 17.680
1518.188 1084.867 17.680
1518.188 1084.867 17.680
1518.188 1084.867 17.680
1518.188 1084.867 17.680
1518.188 1084.867 17.680
1518.188 1084.902 17.680
1518.188 1084.910 17.680
1518.188 1084.945 17.680
1518.188 1084.945 17.680
1518.188 1084.957 17.680
1518.188 1084.961 17.680
1518.188 1085.070 17.680
1518.188 1085.082 17.680
1518.188 1085.105 17.680
1518.188 1085.105 17.680
1518.188 1085.125 17.680
1518.188 1085.125 17.680
1518.188 1085.125 17.680
1518.188 1085.129 17.680
1518.188 1085.129 17.680
1518.188 1085.270 17.680
1518.188 1085.273 17.680
1518.188 1085.273 17.680
1518.188 1085.273 17.680
1518.188 1085.273 17.680
1518.188 1085.273 17.680
1518.188 1085.273 17.680
1518.188 1085.363 17.680
1518.188 1085.418 17.680
1518.188 1085.434 17.680
1518.188 1085.438 17.680
1518.188 1085.438 17.680
1518.188 1085.438 17.680
1518.188 1085.570 17.680
1518.188 1085.602 17.680
1518.188 1085.695 17.680
1518.188 1085.715 17.680
1518.188 1085.715 17.680
1518.188 1085.715 17.680
1518.188 1085.812 17.680
1518.188 1085.812 17.680
1518.188 1085.812 17.680
1518.188 1085.812 17.680
1518.188 1085.840 17.680
1518.188 1085.984 17.680
1518.188 1085.988 17.680
1518.188 1085.988 17.680
1518.188 1085.992 17.680
1518.188 1085.996 17.680
1518.188 1086.016 17.680
1518.188 1086.016 17.680
1518.188 1086.020 17.680
1518.188 1086.020 17.680
1518.188 1086.023 17.680
1518.188 1086.023 17.680
1518.188 1086.023 17.680
1518.188 1086.023 17.680
1518.188 1086.023 17.680
1518.188 1086.129 17.680
1518.188 1086.199 17.680
1518.188 1086.297 17.680
1518.188 1086.297 17.680
1518.188 1086.297 17.680
1518.188 1086.297 17.680
1518.188 1086.309 17.680
1518.188 1086.309 17.680
1518.188 1086.312 17.680
1518.188 1086.312 17.680
1518.188 1086.312 17.680
1518.188 1086.312 17.680
1518.188 1086.312 17.680
1518.188 1086.316 17.680
1518.188 1086.363 17.680
1518.188 1086.363 17.680
1518.188 1086.367 17.680
1518.188 1086.430 17.680
1518.188 1086.434 17.680
1518.188 1086.438 17.680
1518.188 1086.461 17.680
1518.188 1086.461 17.680
1518.188 1086.480 17.680
1518.188 1086.480 17.680
1518.188 1086.480 17.680
1518.188 1086.480 17.680
1518.188 1086.484 17.680
1518.188 1086.492 17.680
1518.188 1086.492 17.680
1518.188 1086.520 17.680
1518.188 1086.520 17.680
1518.188 1086.520 17.680
1518.188 1086.547 17.680
1518.188 1086.574 17.680
1518.188 1086.691 17.680
1518.188 1086.723 17.680
1518.188 1086.727 17.680
1518.188 1086.734 17.680
1518.188 1086.734 17.680
1518.188 1086.742 17.680
1518.188 1086.742 17.680
1518.188 1086.742 17.680
1518.188 1086.742 17.680
1518.188 1086.742 17.680
1518.188 1086.781 17.680
1518.188 1086.781 17.680
1518.188 1086.781 17.680
1518.188 1086.781 17.680
1518.188 1086.781 17.680
1518.188 1086.840 17.680
1518.188 1086.840 17.680
1518.188 1086.914 17.680
1518.188 1086.914 17.680
1518.188 1086.941 17.680
1518.188 1086.953 17.680
1518.188 1086.957 17.680
1518.188 1086.969 17.680
1518.188 1086.973 17.680
1518.188 1086.984 17.680
1518.188 1086.992 17.680
1518.188 1086.992 17.680
1518.188 1087.004 17.680
1518.188 1087.012 17.680
1518.188 1087.012 17.680
1518.188 1087.012 17.680
1518.188 1087.102 17.680
1518.188 1087.219 17.680
1518.188 1087.219 17.680
1518.188 1087.219 17.680
1518.188 1087.219 17.680
1518.188 1087.219 17.680
1518.188 1087.266 17.680
1518.188 1087.281 17.680
1518.188 1087.281 17.680
1518.188 1087.285 17.680
1518.188 1087.285 17.680
1518.188 1087.285 17.680
1518.188 1087.285 17.680
1518.188 1087.285 17.680
1518.188 1087.297 17.680
1518.188 1087.297 17.680
