509.555 347.871 17.172
509.555 349.664 17.375
509.555 350.188 17.539
509.555 350.590 17.562
509.555 350.824 17.562
509.555 351.035 17.566
509.555 351.137 17.570
509.555 351.359 17.574
509.555 351.422 17.574
509.555 351.449 17.574
509.555 351.449 17.574
509.555 351.785 17.582
509.555 351.824 17.582
509.555 351.824 17.582
509.555 352.078 17.590
509.555 352.168 17.590
509.555 352.168 17.590
509.555 352.344 17.590
509.555 352.434 17.594
509.555 352.434 17.594
509.555 352.500 17.598
509.555 352.559 17.598
509.555 352.590 17.598
509.555 352.648 17.598
509.555 352.648 17.598
509.555 352.648 17.598
509.555 352.699 17.598
509.555 352.719 17.598
509.555 352.871 17.602
509.555 352.891 17.602
509.555 352.895 17.605
509.555 352.895 17.605
509.555 352.898 17.605
509.555 352.898 17.605
509.555 352.906 17.605
509.555 352.977 17.605
509.555 352.977 17.605
509.555 352.977 17.605
509.555 353.039 17.605
509.555 353.070 17.609
509.555 353.078 17.609
509.555 353.230 17.609
509.555 353.250 17.609
509.555 353.250 17.609
509.555 353.301 17.609
509.555 353.340 17.609
509.555 353.340 17.609
509.555 353.340 17.609
509.555 353.340 17.609
509.555 353.375 17.609
509.555 353.375 17.609
509.555 353.387 17.613
509.555 353.387 17.613
509.555 353.387 17.613
509.555 353.387 17.613
509.555 353.426 17.613
509.555 353.438 17.613
509.555 353.438 17.613
509.555 353.438 17.613
509.555 353.473 17.613
509.555 353.473 17.613
509.555 353.473 17.613
509.555 353.473 17.613
509.555 353.539 17.613
509.555 353.562 17.613
