1374.184 956.676 17.277
1374.184 960.914 17.422
1374.184 963.109 17.512
1374.184 966.156 17.562
1374.184 966.863 17.566
1374.184 967.113 17.566
1374.184 967.582 17.570
1374.184 968.879 17.578
1374.184 969.094 17.578
1374.184 970.266 17.582
1374.184 970.520 17.582
1374.184 970.691 17.582
1374.184 971.508 17.582
1374.184 971.781 17.586
1374.184 971.828 17.586
1374.184 972.477 17.586
1374.184 972.969 17.586
1374.184 974.188 17.594
1374.184 974.484 17.598
1374.184 974.750 17.598
1374.184 975.035 17.598
1374.184 975.051 17.598
1374.184 975.238 17.598
1374.184 975.605 17.602
1374.184 975.719 17.605
1374.184 975.805 17.605
1374.184 976.027 17.609
1374.184 976.121 17.609
1374.184 976.238 17.613
1374.184 976.285 17.613
1374.184 976.484 17.613
1374.184 976.648 17.613
1374.184 976.691 17.613
1374.184 976.723 17.613
1374.184 976.730 17.613
1374.184 976.918 17.613
1374.184 977.492 17.617
1374.184 977.715 17.617
1374.184 977.738 17.617
1374.184 977.984 17.617
1374.184 977.984 17.617
1374.184 978.059 17.617
1374.184 978.195 17.617
1374.184 978.195 17.617
1374.184 978.379 17.617
1374.184 978.586 17.617
1374.184 978.648 17.617
1374.184 978.711 17.617
1374.184 978.742 17.617
1374.184 978.840 17.617
1374.184 979.070 17.617
1374.184 979.117 17.617
1374.184 979.133 17.617
1374.184 979.141 17.617
1374.184 979.219 17.617
1374.184 979.273 17.617
1374.184 979.363 17.617
1374.184 979.555 17.617
1374.184 979.570 17.617
1374.184 979.609 17.617
1374.184 979.617 17.617
1374.184 979.621 17.617
1374.184 979.691 17.617
1374.184 979.828 17.617
1374.184 979.883 17.617
1374.184 979.926 17.617
1374.184 980.109 17.617
1374.184 980.160 17.617
1374.184 980.184 17.617
1374.184 980.293 17.617
1374.184 980.293 17.617
1374.184 980.492 17.617
1374.184 980.492 17.617
1374.184 980.504 17.617
1374.184 980.504 17.617
1374.184 980.531 17.617
1374.184 980.586 17.617
1374.184 980.672 17.617
1374.184 980.711 17.617
1374.184 980.711 17.617
1374.184 981.059 17.617
1374.184 981.219 17.617
1374.184 981.246 17.617
1374.184 981.324 17.617
1374.184 981.344 17.617
1374.184 981.586 17.617
1374.184 981.660 17.617
1374.184 981.711 17.617
1374.184 981.711 17.617
1374.184 981.793 17.617
1374.184 981.957 17.621
1374.184 982.066 17.625
1374.184 982.066 17.625
1374.184 982.074 17.625
1374.184 982.074 17.625
1374.184 982.242 17.625
1374.184 982.262 17.625
1374.184 982.262 17.625
1374.184 982.410 17.625
1374.184 982.445 17.625
1374.184 982.602 17.625
1374.184 982.609 17.625
1374.184 982.613 17.629
1374.184 982.652 17.629
1374.184 982.703 17.629
1374.184 982.707 17.629
1374.184 982.750 17.629
1374.184 982.941 17.633
1374.184 983.016 17.633
1374.184 983.074 17.633
1374.184 983.074 17.633
1374.184 983.250 17.633
1374.184 983.250 17.633
1374.184 983.453 17.633
1374.184 983.453 17.633
1374.184 983.453 17.633
1374.184 983.453 17.633
1374.184 983.469 17.633
1374.184 983.492 17.633
1374.184 983.598 17.633
1374.184 983.617 17.633
1374.184 983.668 17.637
1374.184 983.758 17.637
1374.184 983.840 17.637
1374.184 983.840 17.637
1374.184 983.840 17.637
1374.184 983.945 17.637
1374.184 983.945 17.637
1374.184 983.945 17.637
1374.184 983.945 17.637
1374.184 984.047 17.637
1374.184 984.133 17.637
1374.184 984.133 17.637
1374.184 984.203 17.637
1374.184 984.289 17.637
1374.184 984.289 17.637
1374.184 984.289 17.637
1374.184 984.320 17.637
1374.184 984.363 17.637
1374.184 984.363 17.637
1374.184 984.562 17.660
1374.184 984.648 17.660
1374.184 984.680 17.660
1374.184 984.750 17.660
1374.184 984.766 17.660
1374.184 984.777 17.660
1374.184 984.777 17.660
1374.184 984.777 17.660
1374.184 984.922 17.664
1374.184 984.922 17.664
1374.184 984.926 17.668
1374.184 984.984 17.668
1374.184 985.020 17.668
1374.184 985.020 17.668
1374.184 985.023 17.668
1374.184 985.133 17.668
1374.184 985.238 17.668
1374.184 985.297 17.668
1374.184 985.301 17.668
1374.184 985.312 17.668
1374.184 985.375 17.668
1374.184 985.375 17.668
1374.184 985.375 17.668
1374.184 985.402 17.668
1374.184 985.402 17.668
1374.184 985.402 17.668
1374.184 985.438 17.668
1374.184 985.438 17.668
1374.184 985.438 17.668
1374.184 985.438 17.668
1374.184 985.445 17.668
1374.184 985.629 17.668
1374.184 985.629 17.668
1374.184 985.633 17.672
1374.184 985.633 17.672
1374.184 985.633 17.672
1374.184 985.633 17.672
1374.184 985.633 17.672
1374.184 985.633 17.672
1374.184 985.723 17.672
1374.184 985.727 17.672
1374.184 985.742 17.672
1374.184 985.742 17.672
1374.184 985.742 17.672
1374.184 985.754 17.672
1374.184 985.754 17.672
1374.184 985.754 17.672
1374.184 985.801 17.672
1374.184 985.855 17.672
1374.184 985.855 17.672
1374.184 985.930 17.672
1374.184 985.938 17.672
1374.184 985.938 17.672
1374.184 985.988 17.672
1374.184 986.062 17.672
1374.184 986.102 17.672
1374.184 986.133 17.672
1374.184 986.133 17.672
1374.184 986.137 17.672
1374.184 986.145 17.672
1374.184 986.145 17.672
1374.184 986.145 17.672
1374.184 986.145 17.672
1374.184 986.148 17.672
1374.184 986.148 17.672
1374.184 986.148 17.672
1374.184 986.164 17.672
1374.184 986.164 17.672
1374.184 986.387 17.676
1374.184 986.387 17.676
1374.184 986.387 17.676
1374.184 986.387 17.676
1374.184 986.395 17.676
1374.184 986.395 17.676
1374.184 986.430 17.676
1374.184 986.434 17.676
1374.184 986.477 17.676
1374.184 986.645 17.676
1374.184 986.645 17.676
1374.184 986.645 17.676
1374.184 986.645 17.676
1374.184 986.797 17.676
1374.184 986.848 17.676
1374.184 986.848 17.676
1374.184 986.848 17.676
1374.184 986.848 17.676
1374.184 986.953 17.676
1374.184 986.953 17.676
1374.184 986.953 17.676
1374.184 986.953 17.676
1374.184 986.953 17.676
1374.184 986.977 17.676
1374.184 986.977 17.676
1374.184 987.000 17.676
1374.184 987.016 17.676
1374.184 987.016 17.676
1374.184 987.027 17.676
1374.184 987.027 17.676
1374.184 987.047 17.676
1374.184 987.070 17.676
1374.184 987.312 17.676
1374.184 987.465 17.676
1374.184 987.484 17.676
1374.184 987.559 17.676
1374.184 987.559 17.676
1374.184 987.691 17.676
1374.184 987.938 17.676
1374.184 987.945 17.676
1374.184 987.945 17.676
1374.184 987.973 17.676
1374.184 987.977 17.676
1374.184 987.977 17.676
1374.184 987.988 17.676
1374.184 988.023 17.676
1374.184 988.188 17.676
1374.184 988.188 17.676
1374.184 988.230 17.676
1374.184 988.230 17.676
1374.184 988.230 17.676
1374.184 988.230 17.676
1374.184 988.230 17.676
1374.184 988.414 17.676
1374.184 988.477 17.676
1374.184 988.477 17.676
1374.184 988.477 17.676
1374.184 988.477 17.676
1374.184 988.547 17.680
1374.184 988.570 17.680
1374.184 988.570 17.680
1374.184 988.570 17.680
1374.184 988.570 17.680
1374.184 988.602 17.680
1374.184 988.684 17.680
1374.184 988.684 17.680
1374.184 988.684 17.680
1374.184 988.699 17.680
1374.184 988.699 17.680
1374.184 988.699 17.680
1374.184 988.699 17.680
1374.184 988.699 17.680
1374.184 988.746 17.680
1374.184 988.746 17.680
1374.184 988.746 17.680
1374.184 988.746 17.680
1374.184 988.746 17.680
1374.184 988.746 17.680
1374.184 988.832 17.680
1374.184 988.832 17.680
1374.184 988.832 17.680
1374.184 988.879 17.680
1374.184 988.902 17.680
1374.184 988.922 17.680
1374.184 988.953 17.680
1374.184 988.953 17.680
1374.184 989.004 17.680
1374.184 989.004 17.680
1374.184 989.004 17.680
1374.184 989.035 17.680
1374.184 989.035 17.680
1374.184 989.047 17.680
1374.184 989.105 17.680
1374.184 989.105 17.680
1374.184 989.105 17.680
1374.184 989.105 17.680
1374.184 989.105 17.680
1374.184 989.176 17.680
1374.184 989.184 17.680
1374.184 989.219 17.680
1374.184 989.219 17.680
1374.184 989.309 17.680
1374.184 989.316 17.680
1374.184 989.316 17.680
1374.184 989.363 17.680
1374.184 989.363 17.680
1374.184 989.363 17.680
1374.184 989.371 17.680
1374.184 989.375 17.680
1374.184 989.375 17.680
1374.184 989.375 17.680
1374.184 989.375 17.680
1374.184 989.418 17.680
1374.184 989.492 17.680
1374.184 989.555 17.680
1374.184 989.555 17.680
1374.184 989.559 17.680
1374.184 989.594 17.680
1374.184 989.660 17.680
1374.184 989.660 17.680
1374.184 989.703 17.680
1374.184 989.789 17.680
1374.184 989.789 17.680
1374.184 989.789 17.680
1374.184 989.840 17.680
1374.184 989.840 17.680
1374.184 989.840 17.680
1374.184 989.840 17.680
1374.184 989.840 17.680
1374.184 989.953 17.680
1374.184 989.988 17.680
1374.184 989.988 17.680
1374.184 990.070 17.680
1374.184 990.070 17.680
1374.184 990.070 17.680
1374.184 990.070 17.680
1374.184 990.312 17.680
1374.184 990.312 17.680
1374.184 990.320 17.680
1374.184 990.320 17.680
1374.184 990.320 17.680
1374.184 990.320 17.680
1374.184 990.340 17.680
1374.184 990.340 17.680
1374.184 990.340 17.680
1374.184 990.340 17.680
1374.184 990.340 17.680
1374.184 990.340 17.680
1374.184 990.340 17.680
1374.184 990.352 17.680
1374.184 990.352 17.680
1374.184 990.352 17.680
1374.184 990.352 17.680
1374.184 990.352 17.680
1374.184 990.363 17.680
1374.184 990.402 17.680
1374.184 990.402 17.680
1374.184 990.480 17.680
1374.184 990.547 17.680
1374.184 990.566 17.680
1374.184 990.566 17.680
1374.184 990.578 17.680
1374.184 990.613 17.680
1374.184 990.613 17.680
1374.184 990.680 17.680
1374.184 990.680 17.680
1374.184 990.680 17.680
1374.184 990.723 17.680
1374.184 990.723 17.680
1374.184 990.723 17.680
1374.184 990.766 17.680
1374.184 990.766 17.680
1374.184 990.766 17.680
1374.184 990.766 17.680
1374.184 990.766 17.680
1374.184 990.766 17.680
1374.184 990.789 17.680
1374.184 990.789 17.680
1374.184 990.789 17.680
1374.184 990.871 17.680
1374.184 990.871 17.680
1374.184 990.895 17.680
1374.184 990.895 17.680
1374.184 990.895 17.680
1374.184 990.902 17.680
1374.184 990.945 17.680
1374.184 990.945 17.680
1374.184 990.945 17.680
1374.184 990.945 17.680
1374.184 991.008 17.680
1374.184 991.008 17.680
1374.184 991.129 17.680
1374.184 991.133 17.680
1374.184 991.133 17.680
1374.184 991.164 17.680
1374.184 991.164 17.680
1374.184 991.188 17.680
1374.184 991.207 17.680
1374.184 991.207 17.680
1374.184 991.207 17.680
1374.184 991.254 17.680
1374.184 991.254 17.680
1374.184 991.254 17.680
1374.184 991.254 17.680
1374.184 991.254 17.680
1374.184 991.258 17.680
1374.184 991.262 17.680
1374.184 991.262 17.680
1374.184 991.262 17.680
1374.184 991.266 17.680
1374.184 991.266 17.680
1374.184 991.277 17.680
1374.184 991.297 17.680
1374.184 991.297 17.680
1374.184 991.297 17.680
1374.184 991.297 17.680
1374.184 991.316 17.680
1374.184 991.383 17.680
1374.184 991.383 17.680
1374.184 991.383 17.680
1374.184 991.402 17.680
1374.184 991.418 17.680
1374.184 991.461 17.680
1374.184 991.461 17.680
1374.184 991.461 17.680
1374.184 991.461 17.680
1374.184 991.461 17.680
1374.184 991.461 17.680
1374.184 991.461 17.680
1374.184 991.461 17.680
1374.184 991.461 17.680
1374.184 991.543 17.680
1374.184 991.543 17.680
1374.184 991.543 17.680
1374.184 991.543 17.680
1374.184 991.543 17.680
1374.184 991.543 17.680
1374.184 991.555 17.680
1374.184 991.555 17.680
1374.184 991.566 17.680
1374.184 991.629 17.680
