1230.168 861.926 17.578
1230.168 865.512 17.648
1230.168 867.277 17.656
1230.168 869.484 17.688
1230.168 871.273 17.695
1230.168 872.910 17.695
1230.168 875.070 17.789
1230.168 875.859 17.793
1230.168 876.121 17.793
1230.168 876.473 17.793
1230.168 876.789 17.793
1230.168 877.918 17.793
1230.168 877.973 17.793
1230.168 878.480 17.793
1230.168 878.500 17.793
1230.168 879.102 17.797
1230.168 879.625 17.797
1230.168 879.918 17.797
1230.168 880.410 17.801
1230.168 880.715 17.805
1230.168 880.828 17.805
1230.168 880.828 17.805
1230.168 880.980 17.805
1230.168 881.195 17.809
1230.168 881.523 17.809
1230.168 881.637 17.809
1230.168 881.719 17.809
1230.168 881.902 17.809
1230.168 882.328 17.809
1230.168 882.383 17.809
1230.168 882.508 17.809
1230.168 882.598 17.809
1230.168 882.621 17.809
1230.168 882.738 17.809
1230.168 883.031 17.809
1230.168 883.453 17.809
1230.168 883.453 17.809
1230.168 883.453 17.809
1230.168 883.766 17.809
1230.168 884.016 17.809
1230.168 884.078 17.812
1230.168 884.320 17.812
1230.168 884.684 17.828
1230.168 884.754 17.828
1230.168 884.777 17.828
1230.168 884.992 17.828
1230.168 885.047 17.828
1230.168 885.180 17.832
1230.168 885.180 17.832
1230.168 885.336 17.832
1230.168 885.617 17.832
1230.168 885.746 17.836
1230.168 886.309 17.836
1230.168 886.430 17.836
1230.168 886.574 17.836
1230.168 886.707 17.836
1230.168 886.707 17.836
1230.168 886.953 17.836
1230.168 886.953 17.836
1230.168 887.207 17.836
1230.168 887.340 17.836
1230.168 887.426 17.836
1230.168 887.520 17.836
1230.168 887.539 17.836
1230.168 887.582 17.836
1230.168 887.785 17.852
1230.168 887.797 17.852
1230.168 887.988 17.852
1230.168 888.012 17.852
1230.168 888.152 17.852
1230.168 888.230 17.852
1230.168 888.242 17.852
1230.168 888.461 17.852
1230.168 888.469 17.852
1230.168 888.578 17.852
1230.168 888.609 17.852
1230.168 888.617 17.852
1230.168 888.672 17.852
1230.168 888.711 17.852
1230.168 888.789 17.852
1230.168 888.801 17.855
1230.168 888.855 17.855
1230.168 888.859 17.855
1230.168 889.145 17.855
1230.168 889.285 17.855
1230.168 889.379 17.855
1230.168 889.418 17.855
1230.168 889.461 17.855
1230.168 889.527 17.855
1230.168 889.594 17.855
1230.168 889.633 17.855
1230.168 889.738 17.855
1230.168 889.781 17.855
1230.168 889.961 17.855
1230.168 889.980 17.855
1230.168 890.043 17.859
1230.168 890.074 17.859
1230.168 890.074 17.859
1230.168 890.164 17.859
1230.168 890.164 17.859
1230.168 890.195 17.859
1230.168 890.195 17.859
1230.168 890.445 17.859
1230.168 890.488 17.859
1230.168 890.504 17.859
1230.168 890.559 17.859
1230.168 890.648 17.859
1230.168 890.707 17.859
1230.168 890.770 17.859
1230.168 890.805 17.859
1230.168 891.105 17.863
1230.168 891.121 17.863
1230.168 891.188 17.863
1230.168 891.195 17.863
1230.168 891.324 17.863
1230.168 891.434 17.863
1230.168 891.469 17.863
1230.168 891.488 17.863
1230.168 891.488 17.863
1230.168 891.488 17.863
1230.168 891.621 17.863
1230.168 891.633 17.863
1230.168 891.785 17.863
1230.168 891.852 17.863
1230.168 891.852 17.863
1230.168 891.852 17.863
1230.168 891.859 17.863
1230.168 892.016 17.863
1230.168 892.137 17.863
1230.168 892.148 17.863
1230.168 892.430 17.863
1230.168 892.430 17.863
1230.168 892.473 17.863
1230.168 892.488 17.863
1230.168 892.488 17.863
1230.168 892.516 17.863
1230.168 892.516 17.863
1230.168 892.516 17.863
1230.168 892.746 17.863
1230.168 892.746 17.863
1230.168 892.875 17.863
1230.168 892.891 17.863
1230.168 892.906 17.863
1230.168 892.906 17.863
1230.168 892.941 17.863
1230.168 892.941 17.863
1230.168 893.051 17.863
1230.168 893.094 17.863
1230.168 893.102 17.863
1230.168 893.109 17.863
1230.168 893.109 17.863
1230.168 893.109 17.863
1230.168 893.262 17.863
1230.168 893.262 17.863
1230.168 893.379 17.863
1230.168 893.379 17.863
1230.168 893.418 17.863
1230.168 893.430 17.863
1230.168 893.430 17.863
1230.168 893.449 17.863
1230.168 893.492 17.863
1230.168 893.590 17.863
1230.168 893.590 17.863
1230.168 893.637 17.863
1230.168 893.672 17.867
1230.168 893.672 17.867
1230.168 893.719 17.867
1230.168 893.723 17.867
1230.168 893.809 17.867
1230.168 893.812 17.867
1230.168 893.918 17.867
1230.168 894.043 17.867
1230.168 894.043 17.867
1230.168 894.043 17.867
1230.168 894.125 17.867
1230.168 894.125 17.867
1230.168 894.125 17.867
1230.168 894.141 17.867
1230.168 894.172 17.867
1230.168 894.172 17.867
1230.168 894.180 17.867
1230.168 894.277 17.867
1230.168 894.316 17.867
1230.168 894.418 17.867
1230.168 894.418 17.867
1230.168 894.445 17.867
1230.168 894.445 17.867
1230.168 894.445 17.867
1230.168 894.445 17.867
1230.168 894.512 17.867
1230.168 894.512 17.867
1230.168 894.543 17.867
1230.168 894.555 17.867
1230.168 894.824 17.867
1230.168 894.824 17.867
1230.168 894.840 17.867
1230.168 894.848 17.867
1230.168 894.875 17.867
1230.168 894.875 17.867
1230.168 894.875 17.867
1230.168 894.875 17.867
1230.168 895.113 17.867
1230.168 895.113 17.867
1230.168 895.215 17.867
1230.168 895.215 17.867
1230.168 895.504 17.867
1230.168 895.508 17.867
1230.168 895.508 17.867
1230.168 895.590 17.867
1230.168 895.590 17.867
1230.168 895.660 17.867
1230.168 895.711 17.867
1230.168 895.762 17.867
1230.168 895.762 17.867
1230.168 895.762 17.867
1230.168 895.762 17.867
1230.168 895.785 17.867
1230.168 895.785 17.867
1230.168 895.957 17.867
1230.168 895.957 17.867
1230.168 895.969 17.867
1230.168 895.969 17.867
1230.168 895.984 17.867
1230.168 896.086 17.867
1230.168 896.086 17.867
1230.168 896.090 17.867
1230.168 896.094 17.867
1230.168 896.094 17.867
1230.168 896.141 17.867
1230.168 896.141 17.867
1230.168 896.164 17.867
1230.168 896.184 17.867
1230.168 896.203 17.867
1230.168 896.203 17.867
1230.168 896.215 17.867
1230.168 896.285 17.867
1230.168 896.285 17.867
1230.168 896.316 17.867
1230.168 896.332 17.867
1230.168 896.336 17.867
1230.168 896.340 17.867
1230.168 896.340 17.867
1230.168 896.344 17.867
1230.168 896.355 17.867
1230.168 896.355 17.867
1230.168 896.398 17.867
1230.168 896.398 17.867
1230.168 896.414 17.867
1230.168 896.414 17.867
1230.168 896.414 17.867
1230.168 896.422 17.867
1230.168 896.422 17.867
1230.168 896.523 17.867
1230.168 896.523 17.867
1230.168 896.523 17.867
1230.168 896.641 17.867
1230.168 896.641 17.867
1230.168 896.711 17.867
1230.168 896.711 17.867
1230.168 896.727 17.867
1230.168 896.727 17.867
1230.168 896.758 17.867
1230.168 896.758 17.867
1230.168 896.789 17.867
1230.168 896.789 17.867
1230.168 896.883 17.867
1230.168 896.945 17.867
1230.168 896.965 17.867
1230.168 896.965 17.867
1230.168 897.094 17.867
1230.168 897.094 17.867
1230.168 897.125 17.867
1230.168 897.125 17.867
1230.168 897.184 17.867
1230.168 897.250 17.867
1230.168 897.258 17.867
1230.168 897.258 17.867
1230.168 897.262 17.867
1230.168 897.312 17.867
1230.168 897.320 17.867
1230.168 897.320 17.867
1230.168 897.367 17.867
1230.168 897.391 17.867
1230.168 897.441 17.867
1230.168 897.441 17.867
1230.168 897.441 17.867
1230.168 897.484 17.867
1230.168 897.484 17.867
1230.168 897.484 17.867
1230.168 897.484 17.867
1230.168 897.484 17.867
1230.168 897.496 17.867
1230.168 897.496 17.867
1230.168 897.590 17.867
1230.168 897.602 17.867
1230.168 897.668 17.867
1230.168 897.668 17.867
1230.168 897.691 17.867
1230.168 897.691 17.867
1230.168 897.691 17.867
1230.168 897.816 17.867
1230.168 897.902 17.867
1230.168 897.902 17.867
1230.168 897.910 17.867
1230.168 897.910 17.867
1230.168 897.910 17.867
1230.168 897.910 17.867
1230.168 897.918 17.867
1230.168 897.918 17.867
1230.168 897.953 17.867
1230.168 897.969 17.867
1230.168 898.012 17.867
1230.168 898.012 17.867
1230.168 898.012 17.867
1230.168 898.012 17.867
1230.168 898.047 17.867
1230.168 898.062 17.867
1230.168 898.105 17.867
1230.168 898.105 17.867
1230.168 898.184 17.867
1230.168 898.184 17.867
1230.168 898.227 17.867
1230.168 898.227 17.867
1230.168 898.234 17.867
1230.168 898.234 17.867
1230.168 898.234 17.867
1230.168 898.234 17.867
1230.168 898.234 17.867
1230.168 898.234 17.867
1230.168 898.297 17.867
1230.168 898.312 17.867
1230.168 898.312 17.867
1230.168 898.477 17.867
1230.168 898.477 17.867
1230.168 898.477 17.867
1230.168 898.477 17.867
1230.168 898.539 17.867
1230.168 898.539 17.867
1230.168 898.539 17.867
1230.168 898.539 17.867
1230.168 898.586 17.867
1230.168 898.621 17.867
1230.168 898.621 17.867
1230.168 898.621 17.867
1230.168 898.664 17.867
1230.168 898.664 17.867
1230.168 898.664 17.867
1230.168 898.691 17.867
1230.168 898.695 17.867
1230.168 898.695 17.867
1230.168 898.695 17.867
1230.168 898.719 17.867
1230.168 898.742 17.867
1230.168 898.742 17.867
1230.168 898.742 17.867
1230.168 898.742 17.867
1230.168 898.832 17.867
1230.168 898.832 17.867
1230.168 898.832 17.867
1230.168 898.832 17.867
1230.168 898.863 17.867
1230.168 898.891 17.867
1230.168 898.898 17.867
1230.168 898.898 17.867
1230.168 898.902 17.867
1230.168 898.906 17.867
1230.168 898.906 17.867
1230.168 898.906 17.867
1230.168 899.047 17.867
1230.168 899.055 17.867
1230.168 899.059 17.867
1230.168 899.074 17.867
1230.168 899.113 17.867
1230.168 899.117 17.867
1230.168 899.117 17.867
1230.168 899.184 17.867
1230.168 899.191 17.867
1230.168 899.234 17.867
1230.168 899.234 17.867
1230.168 899.234 17.867
1230.168 899.242 17.867
1230.168 899.266 17.867
1230.168 899.266 17.867
1230.168 899.305 17.867
1230.168 899.320 17.867
