509.559 346.793 16.789
509.559 347.203 16.828
509.559 347.496 16.898
509.559 347.625 16.898
509.559 347.832 16.902
509.559 347.957 16.914
509.559 348.070 16.957
509.559 348.094 16.957
509.559 348.160 16.957
509.559 348.164 16.957
509.559 348.164 16.957
509.559 348.348 16.973
509.559 348.379 16.973
509.559 348.406 16.977
509.559 348.473 16.977
509.559 348.484 16.977
509.559 348.512 16.988
509.559 348.539 16.988
509.559 348.574 16.988
509.559 348.598 16.988
509.559 348.602 16.988
509.559 348.645 17.008
509.559 348.645 17.008
509.559 348.680 17.016
509.559 348.691 17.016
509.559 348.723 17.016
509.559 349.016 17.215
509.559 349.016 17.215
509.559 349.082 17.227
509.559 349.090 17.227
509.559 349.090 17.227
509.559 349.090 17.227
509.559 349.094 17.227
509.559 349.094 17.227
509.559 349.109 17.227
509.559 349.109 17.227
509.559 349.109 17.227
509.559 349.125 17.227
509.559 349.125 17.227
509.559 349.145 17.230
509.559 349.172 17.230
509.559 349.172 17.230
509.559 349.184 17.234
509.559 349.188 17.234
509.559 349.188 17.234
509.559 349.203 17.234
509.559 349.211 17.234
509.559 349.211 17.234
509.559 349.223 17.234
509.559 349.238 17.234
509.559 349.238 17.234
509.559 349.262 17.234
509.559 349.277 17.234
509.559 349.277 17.234
509.559 349.340 17.234
509.559 349.340 17.234
509.559 349.344 17.234
509.559 349.344 17.234
509.559 349.344 17.234
509.559 349.367 17.234
509.559 349.367 17.234
509.559 349.367 17.234
509.559 349.367 17.234
509.559 349.367 17.234
509.559 349.367 17.234
