1230.172 851.066 16.816
1230.172 852.504 16.836
1230.172 852.816 16.844
1230.172 853.086 16.852
1230.172 853.402 16.852
1230.172 854.637 16.965
1230.172 854.785 16.965
1230.172 854.945 16.965
1230.172 855.633 17.008
1230.172 855.801 17.008
1230.172 855.973 17.008
1230.172 855.973 17.008
1230.172 855.973 17.008
1230.172 856.227 17.008
1230.172 856.227 17.008
1230.172 856.445 17.020
1230.172 856.762 17.219
1230.172 856.988 17.219
1230.172 857.391 17.219
1230.172 857.391 17.219
1230.172 857.391 17.219
1230.172 857.523 17.219
1230.172 857.523 17.219
1230.172 857.641 17.219
1230.172 857.641 17.219
1230.172 857.824 17.219
1230.172 857.953 17.219
1230.172 857.953 17.219
1230.172 857.953 17.219
1230.172 857.953 17.219
1230.172 858.195 17.219
1230.172 858.195 17.219
1230.172 858.195 17.219
1230.172 858.195 17.219
1230.172 858.195 17.219
1230.172 858.898 17.219
1230.172 858.898 17.219
1230.172 859.242 17.223
1230.172 859.270 17.223
1230.172 859.277 17.223
1230.172 859.301 17.223
1230.172 859.305 17.223
1230.172 859.430 17.230
1230.172 859.477 17.230
1230.172 859.488 17.230
1230.172 859.551 17.230
1230.172 859.551 17.230
1230.172 859.688 17.230
1230.172 859.715 17.234
1230.172 859.723 17.234
1230.172 859.789 17.234
1230.172 859.789 17.234
1230.172 859.855 17.234
1230.172 859.898 17.242
1230.172 859.898 17.242
1230.172 859.941 17.242
1230.172 859.965 17.242
1230.172 860.043 17.242
1230.172 860.043 17.242
1230.172 860.062 17.242
1230.172 860.184 17.254
1230.172 860.195 17.254
1230.172 860.203 17.254
1230.172 860.203 17.254
1230.172 860.266 17.254
1230.172 860.270 17.254
1230.172 860.270 17.254
1230.172 860.328 17.254
1230.172 860.383 17.254
1230.172 860.488 17.254
1230.172 860.488 17.254
1230.172 860.559 17.254
1230.172 860.559 17.254
1230.172 860.574 17.254
1230.172 860.750 17.254
1230.172 860.754 17.254
1230.172 860.816 17.254
1230.172 860.820 17.258
1230.172 860.859 17.258
1230.172 860.867 17.258
1230.172 860.898 17.258
1230.172 860.906 17.258
1230.172 860.938 17.258
1230.172 860.961 17.258
1230.172 860.992 17.258
1230.172 860.992 17.258
1230.172 861.031 17.258
1230.172 861.031 17.258
1230.172 861.055 17.258
1230.172 861.125 17.258
1230.172 861.125 17.258
1230.172 861.125 17.258
1230.172 861.125 17.258
1230.172 861.145 17.258
1230.172 861.145 17.258
1230.172 861.207 17.266
1230.172 861.242 17.266
1230.172 861.254 17.266
1230.172 861.316 17.266
1230.172 861.316 17.266
1230.172 861.316 17.266
1230.172 861.484 17.266
1230.172 861.488 17.266
1230.172 861.488 17.266
1230.172 861.578 17.266
1230.172 861.578 17.266
1230.172 861.578 17.266
1230.172 861.633 17.266
1230.172 861.707 17.266
1230.172 861.707 17.266
1230.172 861.707 17.266
1230.172 861.707 17.266
1230.172 861.707 17.266
1230.172 862.051 17.398
1230.172 862.051 17.398
1230.172 862.082 17.398
1230.172 862.105 17.398
1230.172 862.105 17.398
1230.172 862.105 17.398
1230.172 862.141 17.398
1230.172 862.176 17.398
1230.172 862.199 17.398
1230.172 862.297 17.398
1230.172 862.297 17.398
1230.172 862.301 17.398
1230.172 862.301 17.398
1230.172 862.305 17.398
1230.172 862.324 17.398
1230.172 862.324 17.398
1230.172 862.336 17.398
1230.172 862.355 17.398
1230.172 862.367 17.398
1230.172 862.367 17.398
1230.172 862.371 17.398
1230.172 862.398 17.398
1230.172 862.414 17.398
1230.172 862.414 17.398
1230.172 862.414 17.398
1230.172 862.414 17.398
1230.172 862.441 17.398
1230.172 862.441 17.398
1230.172 862.441 17.398
1230.172 862.441 17.398
1230.172 862.453 17.398
1230.172 862.453 17.398
1230.172 862.480 17.398
1230.172 862.480 17.398
1230.172 862.543 17.398
1230.172 862.543 17.398
1230.172 862.543 17.398
1230.172 862.586 17.398
1230.172 862.586 17.398
1230.172 862.594 17.398
1230.172 862.598 17.398
1230.172 862.613 17.398
1230.172 862.629 17.398
1230.172 862.629 17.398
1230.172 862.652 17.398
1230.172 862.660 17.398
1230.172 862.660 17.398
1230.172 862.664 17.398
1230.172 862.664 17.398
1230.172 862.664 17.398
1230.172 862.684 17.398
1230.172 862.691 17.398
1230.172 862.691 17.398
1230.172 862.719 17.398
1230.172 862.742 17.398
1230.172 862.742 17.398
1230.172 862.742 17.398
1230.172 862.746 17.398
1230.172 862.785 17.398
1230.172 862.785 17.398
1230.172 862.797 17.398
1230.172 862.797 17.398
1230.172 862.801 17.398
1230.172 862.801 17.398
1230.172 862.836 17.398
1230.172 862.840 17.398
1230.172 862.852 17.398
1230.172 862.852 17.398
1230.172 862.852 17.398
1230.172 862.879 17.398
1230.172 862.891 17.398
1230.172 862.891 17.398
1230.172 862.910 17.402
1230.172 862.910 17.402
1230.172 862.910 17.402
1230.172 862.910 17.402
1230.172 862.945 17.402
1230.172 862.949 17.402
1230.172 862.984 17.410
1230.172 863.000 17.410
1230.172 863.000 17.410
1230.172 863.016 17.410
1230.172 863.031 17.410
1230.172 863.031 17.410
1230.172 863.031 17.410
1230.172 863.031 17.410
1230.172 863.031 17.410
1230.172 863.043 17.410
1230.172 863.102 17.410
1230.172 863.102 17.410
1230.172 863.109 17.410
1230.172 863.113 17.410
1230.172 863.121 17.410
1230.172 863.121 17.410
1230.172 863.148 17.410
1230.172 863.176 17.410
1230.172 863.207 17.410
1230.172 863.219 17.410
1230.172 863.219 17.410
1230.172 863.258 17.410
1230.172 863.309 17.410
1230.172 863.309 17.410
1230.172 863.324 17.410
1230.172 863.324 17.410
1230.172 863.324 17.410
1230.172 863.324 17.410
1230.172 863.336 17.410
1230.172 863.336 17.410
1230.172 863.348 17.410
1230.172 863.348 17.410
1230.172 863.348 17.410
1230.172 863.410 17.410
1230.172 863.434 17.410
1230.172 863.434 17.410
1230.172 863.434 17.410
1230.172 863.434 17.410
1230.172 863.434 17.410
1230.172 863.434 17.410
1230.172 863.445 17.410
1230.172 863.445 17.410
1230.172 863.473 17.410
1230.172 863.473 17.410
1230.172 863.473 17.410
1230.172 863.480 17.410
1230.172 863.480 17.410
1230.172 863.496 17.410
1230.172 863.496 17.410
1230.172 863.496 17.410
1230.172 863.496 17.410
1230.172 863.496 17.410
1230.172 863.500 17.410
1230.172 863.500 17.410
1230.172 863.508 17.410
1230.172 863.508 17.410
1230.172 863.508 17.410
1230.172 863.512 17.410
1230.172 863.512 17.410
1230.172 863.523 17.410
1230.172 863.527 17.410
1230.172 863.527 17.410
1230.172 863.527 17.410
1230.172 863.527 17.410
1230.172 863.527 17.410
1230.172 863.535 17.410
1230.172 863.535 17.410
1230.172 863.539 17.410
1230.172 863.539 17.410
1230.172 863.539 17.410
1230.172 863.539 17.410
1230.172 863.543 17.410
1230.172 863.578 17.414
1230.172 863.629 17.414
1230.172 863.629 17.414
1230.172 863.723 17.414
1230.172 863.723 17.414
1230.172 863.723 17.414
1230.172 863.723 17.414
1230.172 863.762 17.414
1230.172 863.766 17.414
1230.172 863.766 17.414
1230.172 863.766 17.414
1230.172 863.766 17.414
1230.172 863.766 17.414
1230.172 863.789 17.414
1230.172 863.789 17.414
1230.172 863.789 17.414
1230.172 863.789 17.414
1230.172 863.805 17.414
1230.172 863.812 17.414
1230.172 863.852 17.414
1230.172 863.852 17.414
1230.172 863.852 17.414
1230.172 863.852 17.414
1230.172 863.859 17.414
1230.172 863.871 17.414
1230.172 863.871 17.414
1230.172 863.871 17.414
1230.172 863.891 17.414
1230.172 863.891 17.414
1230.172 863.895 17.414
1230.172 863.895 17.414
1230.172 863.895 17.414
1230.172 863.895 17.414
1230.172 863.906 17.414
1230.172 863.910 17.414
1230.172 863.910 17.414
1230.172 863.910 17.414
1230.172 863.922 17.414
1230.172 863.922 17.414
1230.172 863.957 17.414
1230.172 863.957 17.414
1230.172 863.957 17.414
1230.172 863.961 17.414
1230.172 863.996 17.414
1230.172 864.004 17.414
1230.172 864.012 17.414
1230.172 864.027 17.414
1230.172 864.027 17.414
1230.172 864.031 17.414
1230.172 864.035 17.414
1230.172 864.051 17.414
1230.172 864.102 17.434
1230.172 864.102 17.434
1230.172 864.102 17.434
1230.172 864.102 17.434
1230.172 864.102 17.434
1230.172 864.102 17.434
1230.172 864.102 17.434
1230.172 864.121 17.434
1230.172 864.121 17.434
1230.172 864.133 17.434
1230.172 864.148 17.434
1230.172 864.156 17.434
1230.172 864.156 17.434
1230.172 864.160 17.434
1230.172 864.160 17.434
1230.172 864.160 17.434
1230.172 864.168 17.434
1230.172 864.172 17.434
1230.172 864.184 17.434
1230.172 864.191 17.434
1230.172 864.203 17.434
1230.172 864.211 17.434
1230.172 864.211 17.434
1230.172 864.211 17.434
1230.172 864.227 17.434
1230.172 864.238 17.434
1230.172 864.328 17.434
1230.172 864.348 17.438
1230.172 864.352 17.438
1230.172 864.387 17.438
1230.172 864.387 17.438
1230.172 864.387 17.438
1230.172 864.387 17.438
1230.172 864.387 17.438
1230.172 864.430 17.438
1230.172 864.430 17.438
1230.172 864.465 17.441
1230.172 864.508 17.441
1230.172 864.535 17.441
1230.172 864.547 17.441
1230.172 864.559 17.441
1230.172 864.559 17.441
1230.172 864.559 17.441
1230.172 864.559 17.441
1230.172 864.559 17.441
1230.172 864.559 17.441
1230.172 864.559 17.441
1230.172 864.559 17.441
1230.172 864.617 17.441
1230.172 864.641 17.441
1230.172 864.641 17.441
1230.172 864.641 17.441
1230.172 864.652 17.441
1230.172 864.652 17.441
1230.172 864.656 17.445
1230.172 864.668 17.445
1230.172 864.668 17.445
1230.172 864.680 17.445
1230.172 864.680 17.445
1230.172 864.691 17.445
1230.172 864.691 17.445
1230.172 864.691 17.445
1230.172 864.691 17.445
1230.172 864.723 17.445
1230.172 864.723 17.445
1230.172 864.723 17.445
1230.172 864.723 17.445
1230.172 864.727 17.445
1230.172 864.727 17.445
1230.172 864.734 17.445
1230.172 864.734 17.445
