941.895 649.168 16.816
941.895 650.191 16.855
941.895 650.566 16.855
941.895 651.223 16.891
941.895 651.328 16.891
941.895 651.727 16.930
941.895 651.918 16.938
941.895 652.023 16.949
941.895 652.391 16.953
941.895 652.391 16.953
941.895 652.395 16.953
941.895 652.406 16.953
941.895 652.781 16.973
941.895 652.781 16.973
941.895 652.988 16.973
941.895 653.098 16.973
941.895 653.098 16.973
941.895 653.219 16.988
941.895 653.473 16.988
941.895 653.473 16.988
941.895 653.473 16.988
941.895 653.715 17.004
941.895 653.715 17.004
941.895 653.715 17.004
941.895 653.848 17.012
941.895 654.273 17.020
941.895 654.285 17.020
941.895 654.324 17.020
941.895 654.391 17.020
941.895 654.430 17.020
941.895 654.434 17.020
941.895 654.469 17.023
941.895 654.473 17.023
941.895 654.473 17.023
941.895 654.484 17.023
941.895 654.562 17.023
941.895 654.637 17.023
941.895 654.672 17.023
941.895 654.672 17.023
941.895 654.707 17.023
941.895 654.746 17.031
941.895 654.754 17.031
941.895 654.766 17.031
941.895 655.098 17.238
941.895 655.098 17.238
941.895 655.180 17.238
941.895 655.188 17.238
941.895 655.188 17.238
941.895 655.270 17.238
941.895 655.270 17.238
941.895 655.500 17.238
941.895 655.508 17.238
941.895 655.551 17.238
941.895 655.582 17.238
941.895 655.621 17.238
941.895 655.621 17.238
941.895 655.629 17.238
941.895 655.629 17.238
941.895 655.629 17.238
941.895 655.641 17.238
941.895 655.668 17.238
941.895 655.719 17.238
941.895 655.777 17.238
941.895 655.793 17.238
941.895 655.832 17.238
941.895 655.832 17.238
941.895 655.906 17.238
941.895 655.910 17.238
941.895 655.949 17.238
941.895 656.117 17.238
941.895 656.141 17.238
941.895 656.203 17.238
941.895 656.270 17.250
941.895 656.273 17.250
941.895 656.320 17.250
941.895 656.320 17.250
941.895 656.355 17.258
941.895 656.387 17.258
941.895 656.387 17.258
941.895 656.398 17.262
941.895 656.520 17.262
941.895 656.527 17.262
941.895 656.539 17.262
941.895 656.539 17.262
941.895 656.539 17.262
941.895 656.590 17.270
941.895 656.602 17.270
941.895 656.605 17.270
941.895 656.613 17.270
941.895 656.613 17.270
941.895 656.621 17.270
941.895 656.621 17.270
941.895 656.633 17.270
941.895 656.645 17.270
941.895 656.648 17.270
941.895 656.660 17.270
941.895 656.684 17.270
941.895 656.684 17.270
941.895 656.695 17.270
941.895 656.695 17.270
941.895 656.699 17.270
941.895 656.762 17.270
941.895 656.762 17.270
941.895 656.801 17.270
941.895 656.812 17.270
941.895 656.812 17.270
941.895 656.812 17.270
941.895 656.867 17.270
941.895 656.879 17.270
941.895 656.953 17.270
941.895 656.977 17.270
941.895 657.035 17.270
941.895 657.406 17.402
941.895 657.406 17.402
941.895 657.410 17.402
941.895 657.410 17.402
941.895 657.426 17.402
941.895 657.453 17.402
941.895 657.453 17.402
941.895 657.492 17.402
941.895 657.492 17.402
941.895 657.496 17.402
941.895 657.500 17.402
941.895 657.500 17.402
941.895 657.500 17.402
941.895 657.508 17.402
941.895 657.508 17.402
941.895 657.527 17.402
941.895 657.559 17.402
941.895 657.574 17.402
941.895 657.574 17.402
941.895 657.574 17.402
941.895 657.617 17.402
941.895 657.621 17.402
941.895 657.621 17.402
941.895 657.723 17.402
941.895 657.723 17.402
941.895 657.734 17.402
941.895 657.738 17.402
941.895 657.738 17.402
941.895 657.738 17.402
941.895 657.754 17.402
941.895 657.754 17.402
941.895 657.836 17.402
941.895 657.840 17.402
941.895 657.840 17.402
941.895 657.840 17.402
941.895 657.840 17.402
941.895 657.855 17.402
941.895 657.855 17.402
941.895 657.855 17.402
941.895 657.859 17.402
941.895 657.859 17.402
941.895 657.867 17.402
941.895 657.867 17.402
941.895 657.867 17.402
941.895 657.867 17.402
941.895 657.867 17.402
941.895 657.871 17.402
941.895 657.879 17.402
941.895 657.926 17.402
941.895 657.926 17.402
941.895 657.926 17.402
941.895 657.926 17.402
941.895 657.926 17.402
941.895 657.926 17.402
941.895 657.926 17.402
941.895 657.949 17.406
941.895 657.949 17.406
941.895 657.980 17.406
941.895 657.980 17.406
941.895 657.980 17.406
941.895 657.980 17.406
941.895 657.984 17.406
941.895 657.984 17.406
941.895 657.988 17.406
941.895 657.988 17.406
941.895 657.988 17.406
941.895 657.988 17.406
941.895 657.992 17.406
941.895 657.992 17.406
941.895 658.000 17.406
941.895 658.016 17.406
941.895 658.016 17.406
941.895 658.016 17.406
941.895 658.016 17.406
941.895 658.016 17.406
941.895 658.016 17.406
941.895 658.020 17.406
941.895 658.020 17.406
941.895 658.055 17.406
941.895 658.055 17.406
941.895 658.055 17.406
941.895 658.055 17.406
941.895 658.062 17.406
941.895 658.074 17.406
941.895 658.090 17.406
941.895 658.090 17.406
941.895 658.113 17.414
941.895 658.113 17.414
941.895 658.113 17.414
941.895 658.113 17.414
941.895 658.121 17.414
941.895 658.121 17.414
941.895 658.125 17.414
941.895 658.125 17.414
941.895 658.145 17.414
941.895 658.145 17.414
941.895 658.172 17.414
941.895 658.172 17.414
941.895 658.191 17.414
941.895 658.191 17.414
941.895 658.191 17.414
941.895 658.191 17.414
941.895 658.223 17.414
941.895 658.223 17.414
941.895 658.223 17.414
941.895 658.223 17.414
941.895 658.234 17.414
941.895 658.234 17.414
941.895 658.234 17.414
941.895 658.234 17.414
941.895 658.234 17.414
941.895 658.234 17.414
941.895 658.234 17.414
941.895 658.234 17.414
941.895 658.234 17.414
941.895 658.246 17.414
941.895 658.246 17.414
941.895 658.258 17.414
941.895 658.273 17.414
941.895 658.277 17.414
941.895 658.277 17.414
941.895 658.277 17.414
941.895 658.277 17.414
941.895 658.277 17.414
941.895 658.277 17.414
941.895 658.301 17.414
941.895 658.301 17.414
941.895 658.352 17.414
941.895 658.352 17.414
941.895 658.355 17.414
941.895 658.355 17.414
941.895 658.375 17.414
941.895 658.375 17.414
941.895 658.387 17.414
941.895 658.387 17.414
941.895 658.395 17.414
941.895 658.395 17.414
941.895 658.457 17.414
941.895 658.457 17.414
941.895 658.465 17.414
941.895 658.469 17.414
941.895 658.469 17.414
941.895 658.469 17.414
941.895 658.469 17.414
941.895 658.469 17.414
